<https://w3id.org/rtskg/chicago/instance/block_14066> <http://www.w3.org/1999/02/22-rdf-syntax-ns#type> <https://w3id.org/rtskg/ontology/class/block> .
<https://w3id.org/rtskg/chicago/instance/block_14066> <https://w3id.org/rtskg/ontology/dataproperty/geometry> "POLYGON ((-87.64286 41.890156, -87.64286 41.890157, -87.64286 41.890158, -87.64286 41.89016, -87.64286 41.89016, -87.64286 41.89016, -87.642861 41.89016, -87.642861 41.890161, -87.642861 41.890162, -87.642862 41.890164, -87.642862 41.890164, -87.642862 41.890164, -87.642896 41.890246, -87.64276 41.890692, -87.642759 41.890696, -87.642759 41.8907, -87.642758 41.890766, -87.642758 41.890771, -87.642768 41.890837, -87.642769 41.890841, -87.64277 41.890845, -87.642791 41.890892, -87.642811 41.890944, -87.642813 41.890948, -87.642814 41.890951, -87.642846 41.890998, -87.642849 41.891002, -87.64301 41.891194, -87.642863 41.891105, -87.642854 41.891069, -87.642852 41.891064, -87.642823 41.890993, -87.642821 41.890989, -87.642818 41.890986, -87.642791 41.89095, -87.642789 41.890947, -87.642786 41.890945, -87.642595 41.890766, -87.642481 41.890659, -87.642478 41.890656, -87.642474 41.890653, -87.64247 41.890651, -87.642466 41.890649, -87.642461 41.890647, -87.642457 41.890646, -87.642452 41.890645, -87.642447 41.890644, -87.642442 41.890643, -87.642437 41.890643, -87.642216 41.890649, -87.641372 41.889512, -87.641371 41.889511, -87.641356 41.889492, -87.641353 41.889488, -87.641345 41.889481, -87.641338 41.889473, -87.64133 41.889466, -87.641325 41.889461, -87.64131 41.88945, -87.641306 41.889447, -87.641302 41.889445, -87.641294 41.889441, -87.641286 41.889437, -87.641279 41.889433, -87.641271 41.889429, -87.641263 41.889426, -87.641256 41.889422, -87.641248 41.889418, -87.641244 41.889416, -87.64124 41.889415, -87.641235 41.889413, -87.64122 41.88941, -87.641205 41.889406, -87.641199 41.889405, -87.641193 41.889404, -87.641188 41.889404, -87.64118 41.889404, -87.641172 41.889404, -87.641165 41.889404, -87.641127 41.889404, -87.641124 41.889404, -87.640547 41.889423, -87.640536 41.889422, -87.640513 41.889421, -87.640498 41.889418, -87.640482 41.889414, -87.640466 41.889409, -87.640454 41.889403, -87.640421 41.889385, -87.640389 41.889363, -87.640364 41.889337, -87.64035 41.889321, -87.64034 41.889305, -87.64033 41.889287, -87.640323 41.88927, -87.640317 41.889249, -87.640297 41.889087, -87.640355 41.889086, -87.64047 41.889085, -87.640536 41.889084, -87.640537 41.889084, -87.640632 41.889081, -87.640666 41.889082, -87.640795 41.889115, -87.6408 41.889116, -87.640804 41.889117, -87.640809 41.889117, -87.640814 41.889117, -87.640976 41.889115, -87.640978 41.889115, -87.641107 41.88911, -87.641109 41.88911, -87.641395 41.889098, -87.641395 41.889098, -87.641545 41.889093, -87.64159 41.889091, -87.641918 41.889096, -87.64192 41.889096, -87.641963 41.889095, -87.642366 41.889093, -87.642366 41.889093, -87.642676 41.889091, -87.642824 41.88909, -87.642835 41.889218, -87.642838 41.889327, -87.642843 41.889522, -87.642849 41.889748, -87.642851 41.889814, -87.642852 41.889852, -87.642852 41.889852, -87.642852 41.889852, -87.642853 41.889885, -87.642855 41.890011, -87.642855 41.890011, -87.642855 41.890011, -87.642856 41.890049, -87.642856 41.890049, -87.642858 41.890112, -87.642859 41.890149, -87.642859 41.890153, -87.64286 41.890154, -87.64286 41.890156, -87.64286 41.890156, -87.64286 41.890156, -87.64286 41.890156))"^^<http://www.opengis.net/ont/geosparql#wktLiteral> .
<https://w3id.org/rtskg/chicago/instance/block_14066> <https://w3id.org/rtskg/ontology/objectproperty/block_intersects_station_area> <https://w3id.org/rtskg/chicago/instance/station_area_127> .
<https://w3id.org/rtskg/chicago/instance/block_14066> <https://w3id.org/rtskg/ontology/objectproperty/block_intersects_station_area> <https://w3id.org/rtskg/chicago/instance/station_area_128> .
<https://w3id.org/rtskg/chicago/instance/block_14066> <https://w3id.org/rtskg/ontology/objectproperty/block_intersects_station_area> <https://w3id.org/rtskg/chicago/instance/station_area_199> .
<https://w3id.org/rtskg/chicago/instance/block_14066> <https://w3id.org/rtskg/ontology/objectproperty/block_intersects_station_area> <https://w3id.org/rtskg/chicago/instance/station_area_273> .
<https://w3id.org/rtskg/chicago/instance/block_14066> <https://w3id.org/rtskg/ontology/objectproperty/block_intersects_station_area> <https://w3id.org/rtskg/chicago/instance/station_area_87> .
<https://w3id.org/rtskg/chicago/instance/block_14066> <https://w3id.org/rtskg/ontology/objectproperty/block_intersects_station_area> <https://w3id.org/rtskg/chicago/instance/station_area_91> .
<https://w3id.org/rtskg/chicago/instance/block_14066> <https://w3id.org/rtskg/ontology/objectproperty/block_intersects_station_area> <https://w3id.org/rtskg/chicago/instance/station_area_92> .
<https://w3id.org/rtskg/chicago/instance/block_14066> <https://w3id.org/rtskg/ontology/objectproperty/block_locates_at_borough> <https://w3id.org/rtskg/chicago/instance/borough_6> .
<https://w3id.org/rtskg/chicago/instance/block_14066> <https://w3id.org/rtskg/ontology/objectproperty/block_locates_at_functional_area> <https://w3id.org/rtskg/chicago/instance/functional_area_24> .
