<https://w3id.org/rtskg/chicago/instance/block_14092> <http://www.w3.org/1999/02/22-rdf-syntax-ns#type> <https://w3id.org/rtskg/ontology/class/block> .
<https://w3id.org/rtskg/chicago/instance/block_14092> <https://w3id.org/rtskg/ontology/dataproperty/geometry> "POLYGON ((-87.639516 41.889249, -87.639484 41.88921, -87.639436 41.889115, -87.639497 41.889111, -87.639497 41.889111, -87.639707 41.889095, -87.639758 41.889092, -87.63983 41.889088, -87.639973 41.889088, -87.640174 41.889089, -87.640176 41.889089, -87.640189 41.889088, -87.64021 41.889259, -87.640211 41.889263, -87.640218 41.889287, -87.640219 41.88929, -87.640227 41.889311, -87.640229 41.889315, -87.640241 41.889337, -87.640242 41.88934, -87.640255 41.889358, -87.640257 41.889361, -87.640273 41.889381, -87.640276 41.889384, -87.640306 41.889413, -87.640308 41.889416, -87.640311 41.889418, -87.640349 41.889445, -87.640354 41.889448, -87.640392 41.889469, -87.640398 41.889472, -87.640415 41.889479, -87.64042 41.889481, -87.640439 41.889488, -87.640442 41.889489, -87.640464 41.889495, -87.640468 41.889496, -87.640472 41.889496, -87.640495 41.8895, -87.640499 41.8895, -87.640511 41.889573, -87.640512 41.889577, -87.640513 41.889581, -87.640515 41.889585, -87.640517 41.889588, -87.64052 41.889591, -87.641205 41.890323, -87.641418 41.89069, -87.641419 41.890691, -87.641594 41.890973, -87.641614 41.891137, -87.641614 41.891141, -87.641616 41.891145, -87.641617 41.891149, -87.641619 41.891152, -87.641622 41.891156, -87.641625 41.891159, -87.641629 41.891162, -87.641633 41.891165, -87.641637 41.891167, -87.641641 41.891169, -87.641646 41.891171, -87.641651 41.891172, -87.641656 41.891173, -87.641661 41.891174, -87.641667 41.891174, -87.641672 41.891174, -87.641677 41.891173, -87.641682 41.891172, -87.641687 41.891171, -87.641692 41.891169, -87.641697 41.891167, -87.641701 41.891165, -87.641705 41.891162, -87.641709 41.89116, -87.641712 41.891156, -87.641715 41.891153, -87.641717 41.89115, -87.641719 41.891146, -87.64172 41.891142, -87.641721 41.891138, -87.641721 41.891134, -87.641721 41.89113, -87.641703 41.890982, -87.642202 41.89073, -87.642413 41.890724, -87.642511 41.890816, -87.642511 41.890816, -87.642699 41.890992, -87.642721 41.891021, -87.642748 41.891086, -87.642761 41.891135, -87.642762 41.891139, -87.642764 41.891142, -87.642766 41.891146, -87.642769 41.891149, -87.642772 41.891153, -87.642776 41.891156, -87.64278 41.891158, -87.64288 41.891219, -87.642868 41.891219, -87.642866 41.891219, -87.642698 41.891229, -87.642696 41.891229, -87.642527 41.891244, -87.642429 41.891253, -87.642428 41.891253, -87.64225 41.891272, -87.642249 41.891272, -87.642084 41.891291, -87.642084 41.891291, -87.64193 41.891308, -87.641929 41.891308, -87.641901 41.891311, -87.641771 41.891326, -87.641653 41.891336, -87.641565 41.891343, -87.641529 41.891345, -87.641529 41.891345, -87.641333 41.89136, -87.641211 41.89137, -87.64121 41.891368, -87.641141 41.891252, -87.64114 41.891251, -87.641086 41.891167, -87.641085 41.891166, -87.640987 41.891026, -87.640987 41.891026, -87.640911 41.890918, -87.640733 41.890649, -87.640717 41.890625, -87.640715 41.890622, -87.64046 41.890316, -87.640459 41.890316, -87.640344 41.890182, -87.640344 41.890182, -87.640249 41.890071, -87.640168 41.889977, -87.640167 41.889977, -87.640044 41.88984, -87.640044 41.88984, -87.640034 41.88983, -87.63992 41.889707, -87.639834 41.889614, -87.639762 41.889533, -87.639686 41.889445, -87.639686 41.889445, -87.639642 41.889395, -87.639586 41.889332, -87.639517 41.889249, -87.639516 41.889249))"^^<http://www.opengis.net/ont/geosparql#wktLiteral> .
<https://w3id.org/rtskg/chicago/instance/block_14092> <https://w3id.org/rtskg/ontology/objectproperty/block_intersects_station_area> <https://w3id.org/rtskg/chicago/instance/station_area_127> .
<https://w3id.org/rtskg/chicago/instance/block_14092> <https://w3id.org/rtskg/ontology/objectproperty/block_intersects_station_area> <https://w3id.org/rtskg/chicago/instance/station_area_128> .
<https://w3id.org/rtskg/chicago/instance/block_14092> <https://w3id.org/rtskg/ontology/objectproperty/block_intersects_station_area> <https://w3id.org/rtskg/chicago/instance/station_area_199> .
<https://w3id.org/rtskg/chicago/instance/block_14092> <https://w3id.org/rtskg/ontology/objectproperty/block_intersects_station_area> <https://w3id.org/rtskg/chicago/instance/station_area_273> .
<https://w3id.org/rtskg/chicago/instance/block_14092> <https://w3id.org/rtskg/ontology/objectproperty/block_intersects_station_area> <https://w3id.org/rtskg/chicago/instance/station_area_87> .
<https://w3id.org/rtskg/chicago/instance/block_14092> <https://w3id.org/rtskg/ontology/objectproperty/block_intersects_station_area> <https://w3id.org/rtskg/chicago/instance/station_area_91> .
<https://w3id.org/rtskg/chicago/instance/block_14092> <https://w3id.org/rtskg/ontology/objectproperty/block_intersects_station_area> <https://w3id.org/rtskg/chicago/instance/station_area_92> .
<https://w3id.org/rtskg/chicago/instance/block_14092> <https://w3id.org/rtskg/ontology/objectproperty/block_locates_at_borough> <https://w3id.org/rtskg/chicago/instance/borough_6> .
<https://w3id.org/rtskg/chicago/instance/block_14092> <https://w3id.org/rtskg/ontology/objectproperty/block_locates_at_functional_area> <https://w3id.org/rtskg/chicago/instance/functional_area_24> .
