<https://w3id.org/rtskg/chicago/instance/block_12565> <http://www.w3.org/1999/02/22-rdf-syntax-ns#type> <https://w3id.org/rtskg/ontology/class/block> .
<https://w3id.org/rtskg/chicago/instance/block_12565> <https://w3id.org/rtskg/ontology/dataproperty/geometry> "POLYGON ((-87.628262 41.801948, -87.628263 41.801948, -87.62853 41.801941, -87.62892 41.80193, -87.62892 41.80193, -87.629197 41.801922, -87.629672 41.801909, -87.629674 41.801909, -87.629751 41.801906, -87.629751 41.801906, -87.629751 41.801906, -87.63015 41.801888, -87.630151 41.801888, -87.630447 41.801873, -87.630656 41.80187, -87.630662 41.801977, -87.630662 41.801977, -87.630673 41.802165, -87.630673 41.802166, -87.630689 41.802379, -87.630682 41.802637, -87.630682 41.802638, -87.630686 41.802854, -87.630686 41.802854, -87.630689 41.802971, -87.630691 41.803085, -87.630691 41.803085, -87.630696 41.803325, -87.630702 41.803557, -87.630705 41.803675, -87.630712 41.803985, -87.630712 41.803985, -87.630718 41.804208, -87.630718 41.804208, -87.630729 41.804539, -87.630739 41.804847, -87.630743 41.804988, -87.630757 41.805508, -87.630757 41.805522, -87.630757 41.805522, -87.630757 41.805522, -87.630762 41.805694, -87.630768 41.805916, -87.630775 41.806177, -87.630782 41.806473, -87.630788 41.806746, -87.630795 41.807068, -87.630799 41.807245, -87.630802 41.80739, -87.630802 41.80739, -87.630809 41.807688, -87.630809 41.807688, -87.630817 41.808021, -87.630817 41.808022, -87.63083 41.808353, -87.63083 41.808353, -87.630844 41.808691, -87.630838 41.80903, -87.630821 41.809121, -87.630821 41.809123, -87.630374 41.809127, -87.630371 41.809127, -87.629614 41.809159, -87.629609 41.809159, -87.629609 41.809159, -87.629609 41.809159, -87.629132 41.809142, -87.629128 41.809142, -87.629104 41.809142, -87.628963 41.809144, -87.628831 41.809146, -87.628831 41.809146, -87.628736 41.809148, -87.62863 41.80915, -87.628632 41.80859, -87.628632 41.80859, -87.628629 41.808367, -87.628629 41.808366, -87.628622 41.808094, -87.628614 41.807834, -87.628608 41.807598, -87.628601 41.807314, -87.628601 41.807313, -87.6286 41.807277, -87.628592 41.807041, -87.628592 41.80704, -87.628586 41.806941, -87.628585 41.806937, -87.628584 41.806934, -87.628551 41.806818, -87.62855 41.806816, -87.628533 41.806771, -87.628532 41.806766, -87.628498 41.806704, -87.628497 41.806701, -87.628422 41.806588, -87.62842 41.806585, -87.628321 41.806461, -87.62825 41.806352, -87.628207 41.806255, -87.62818 41.806154, -87.628165 41.805973, -87.628162 41.805775, -87.628162 41.805775, -87.628156 41.805525, -87.628156 41.805515, -87.628155 41.80549, -87.62815 41.805298, -87.628137 41.804812, -87.628128 41.804442, -87.628123 41.804155, -87.628123 41.804155, -87.628116 41.803856, -87.628116 41.803856, -87.628111 41.803672, -87.628106 41.803509, -87.62812 41.803381, -87.628127 41.803336, -87.628127 41.80333, -87.628125 41.803274, -87.628125 41.803274, -87.628119 41.803135, -87.628117 41.803009, -87.628109 41.80266, -87.628109 41.80266, -87.6281 41.802288, -87.628095 41.801972, -87.628094 41.801968, -87.628093 41.801963, -87.628092 41.801959, -87.628087 41.80195, -87.628262 41.801948))"^^<http://www.opengis.net/ont/geosparql#wktLiteral> .
<https://w3id.org/rtskg/chicago/instance/block_12565> <https://w3id.org/rtskg/ontology/objectproperty/block_intersects_station_area> <https://w3id.org/rtskg/chicago/instance/station_area_10> .
<https://w3id.org/rtskg/chicago/instance/block_12565> <https://w3id.org/rtskg/ontology/objectproperty/block_intersects_station_area> <https://w3id.org/rtskg/chicago/instance/station_area_11> .
<https://w3id.org/rtskg/chicago/instance/block_12565> <https://w3id.org/rtskg/ontology/objectproperty/block_intersects_station_area> <https://w3id.org/rtskg/chicago/instance/station_area_123> .
<https://w3id.org/rtskg/chicago/instance/block_12565> <https://w3id.org/rtskg/ontology/objectproperty/block_intersects_station_area> <https://w3id.org/rtskg/chicago/instance/station_area_13> .
<https://w3id.org/rtskg/chicago/instance/block_12565> <https://w3id.org/rtskg/ontology/objectproperty/block_intersects_station_area> <https://w3id.org/rtskg/chicago/instance/station_area_9> .
<https://w3id.org/rtskg/chicago/instance/block_12565> <https://w3id.org/rtskg/ontology/objectproperty/block_locates_at_borough> <https://w3id.org/rtskg/chicago/instance/borough_5> .
<https://w3id.org/rtskg/chicago/instance/block_12565> <https://w3id.org/rtskg/ontology/objectproperty/block_locates_at_functional_area> <https://w3id.org/rtskg/chicago/instance/functional_area_37> .
<https://w3id.org/rtskg/chicago/instance/block_12565> <https://w3id.org/rtskg/ontology/objectproperty/block_locates_at_functional_area> <https://w3id.org/rtskg/chicago/instance/functional_area_38> .
