<https://w3id.org/rtskg/new_york_city/instance/block_37786> <http://www.w3.org/1999/02/22-rdf-syntax-ns#type> <https://w3id.org/rtskg/ontology/class/block> .
<https://w3id.org/rtskg/new_york_city/instance/block_37786> <https://w3id.org/rtskg/ontology/dataproperty/geometry> "POLYGON ((-73.912114 40.844776, -73.912115 40.844777, -73.912115 40.844778, -73.912116 40.844779, -73.912117 40.84478, -73.912117 40.844781, -73.912118 40.844782, -73.912118 40.844783, -73.912119 40.844784, -73.912119 40.844786, -73.912119 40.844787, -73.91212 40.844788, -73.91212 40.844789, -73.91212 40.84479, -73.91212 40.844792, -73.91212 40.844793, -73.91212 40.844795, -73.91212 40.844796, -73.91212 40.844797, -73.91212 40.844798, -73.91212 40.844799, -73.912119 40.8448, -73.912119 40.844801, -73.912119 40.844802, -73.912118 40.844803, -73.912118 40.844804, -73.912117 40.844805, -73.912117 40.844806, -73.912116 40.844807, -73.912116 40.844808, -73.912115 40.844809, -73.912114 40.84481, -73.912114 40.844811, -73.912113 40.844812, -73.912017 40.844946, -73.912017 40.844947, -73.912013 40.844952, -73.911974 40.845007, -73.911973 40.845008, -73.911972 40.845009, -73.911971 40.845011, -73.91197 40.845012, -73.911969 40.845014, -73.911968 40.845015, -73.911967 40.845017, -73.911966 40.845018, -73.911965 40.845019, -73.911964 40.845021, -73.911963 40.845022, -73.911962 40.845024, -73.911962 40.845024, -73.911961 40.845025, -73.911961 40.845026, -73.91192 40.845026, -73.911911 40.845026, -73.911895 40.845026, -73.911894 40.845026, -73.911889 40.845027, -73.911617 40.845037, -73.911614 40.845037, -73.911612 40.845037, -73.91161 40.845037, -73.911607 40.845037, -73.911605 40.845037, -73.911603 40.845037, -73.911601 40.845037, -73.911598 40.845037, -73.911596 40.845037, -73.911594 40.845037, -73.911592 40.845038, -73.911589 40.845038, -73.911587 40.845038, -73.911585 40.845038, -73.911583 40.845038, -73.911582 40.845038, -73.911575 40.845038, -73.911571 40.845038, -73.91156 40.845038, -73.911546 40.845037, -73.911539 40.845037, -73.911532 40.845037, -73.911525 40.845037, -73.911517 40.845037, -73.911511 40.845036, -73.911504 40.845036, -73.9115 40.845036, -73.911498 40.845036, -73.911497 40.845036, -73.911496 40.845036, -73.911495 40.845036, -73.911495 40.845036, -73.911494 40.845036, -73.911493 40.845036, -73.911491 40.845036, -73.91149 40.845036, -73.911488 40.845036, -73.911478 40.845035, -73.911422 40.845034, -73.911423 40.845032, -73.911463 40.844976, -73.911501 40.844918, -73.911512 40.844901, -73.911513 40.844899, -73.911515 40.844896, -73.911515 40.844895, -73.911516 40.844895, -73.911516 40.844895, -73.911516 40.844894, -73.911516 40.844894, -73.911516 40.844894, -73.911516 40.844894, -73.911517 40.844893, -73.911517 40.844893, -73.911517 40.844893, -73.911517 40.844893, -73.911517 40.844892, -73.911517 40.844892, -73.911518 40.844892, -73.911518 40.844891, -73.911518 40.844891, -73.911519 40.84489, -73.911531 40.844869, -73.911533 40.844867, -73.911536 40.844861, -73.911565 40.844813, -73.911572 40.844813, -73.911637 40.844806, -73.911638 40.844806, -73.911639 40.844806, -73.91165 40.844805, -73.911651 40.844804, -73.911653 40.844804, -73.911655 40.844804, -73.911701 40.8448, -73.911766 40.844793, -73.911831 40.844786, -73.911897 40.844779, -73.911955 40.844773, -73.911974 40.844771, -73.911983 40.84477, -73.912014 40.844767, -73.912019 40.844767, -73.912072 40.844761, -73.912074 40.844761, -73.912075 40.844761, -73.912076 40.844761, -73.912078 40.844761, -73.912079 40.844761, -73.912081 40.844761, -73.912082 40.844761, -73.912084 40.844761, -73.912085 40.844761, -73.912087 40.844762, -73.912088 40.844762, -73.91209 40.844762, -73.912091 40.844763, -73.912092 40.844763, -73.912094 40.844763, -73.912095 40.844764, -73.912097 40.844764, -73.912098 40.844765, -73.912099 40.844765, -73.9121 40.844766, -73.912102 40.844767, -73.912103 40.844767, -73.912104 40.844768, -73.912105 40.844768, -73.912105 40.844769, -73.912106 40.844769, -73.912106 40.844769, -73.912106 40.844769, -73.912107 40.84477, -73.912108 40.844771, -73.912109 40.844772, -73.91211 40.844773, -73.912111 40.844774, -73.912112 40.844774, -73.912113 40.844775, -73.912114 40.844776))"^^<http://www.opengis.net/ont/geosparql#wktLiteral> .
<https://w3id.org/rtskg/new_york_city/instance/block_37786> <https://w3id.org/rtskg/ontology/objectproperty/block_intersects_station_area> <https://w3id.org/rtskg/new_york_city/instance/station_area_53> .
<https://w3id.org/rtskg/new_york_city/instance/block_37786> <https://w3id.org/rtskg/ontology/objectproperty/block_intersects_station_area> <https://w3id.org/rtskg/new_york_city/instance/station_area_573> .
<https://w3id.org/rtskg/new_york_city/instance/block_37786> <https://w3id.org/rtskg/ontology/objectproperty/block_intersects_station_area> <https://w3id.org/rtskg/new_york_city/instance/station_area_574> .
<https://w3id.org/rtskg/new_york_city/instance/block_37786> <https://w3id.org/rtskg/ontology/objectproperty/block_intersects_station_area> <https://w3id.org/rtskg/new_york_city/instance/station_area_57> .
<https://w3id.org/rtskg/new_york_city/instance/block_37786> <https://w3id.org/rtskg/ontology/objectproperty/block_intersects_station_area> <https://w3id.org/rtskg/new_york_city/instance/station_area_58> .
<https://w3id.org/rtskg/new_york_city/instance/block_37786> <https://w3id.org/rtskg/ontology/objectproperty/block_intersects_station_area> <https://w3id.org/rtskg/new_york_city/instance/station_area_61> .
<https://w3id.org/rtskg/new_york_city/instance/block_37786> <https://w3id.org/rtskg/ontology/objectproperty/block_intersects_station_area> <https://w3id.org/rtskg/new_york_city/instance/station_area_699> .
<https://w3id.org/rtskg/new_york_city/instance/block_37786> <https://w3id.org/rtskg/ontology/objectproperty/block_locates_at_borough> <https://w3id.org/rtskg/new_york_city/instance/borough_2> .
<https://w3id.org/rtskg/new_york_city/instance/block_37786> <https://w3id.org/rtskg/ontology/objectproperty/block_locates_at_functional_area> <https://w3id.org/rtskg/new_york_city/instance/functional_area_169> .
