<https://w3id.org/rtskg/new_york_city/instance/block_7810> <http://www.w3.org/1999/02/22-rdf-syntax-ns#type> <https://w3id.org/rtskg/ontology/class/block> .
<https://w3id.org/rtskg/new_york_city/instance/block_7810> <https://w3id.org/rtskg/ontology/dataproperty/geometry> "POLYGON ((-73.877494 40.679983, -73.877497 40.679981, -73.877503 40.679978, -73.877506 40.679977, -73.877523 40.679973, -73.877553 40.679964, -73.877556 40.679963, -73.877598 40.679952, -73.877642 40.679939, -73.877821 40.679889, -73.878349 40.679739, -73.878377 40.679731, -73.878429 40.679716, -73.878456 40.679709, -73.8785 40.679696, -73.878501 40.679696, -73.878533 40.679687, -73.878534 40.679686, -73.878565 40.679677, -73.878574 40.679675, -73.878641 40.679656, -73.879238 40.679485, -73.879239 40.679485, -73.879239 40.679485, -73.87924 40.679485, -73.879241 40.679485, -73.879341 40.679455, -73.879341 40.679455, -73.879342 40.679455, -73.879343 40.679455, -73.879343 40.679455, -73.879343 40.679455, -73.879344 40.679455, -73.879565 40.679392, -73.879926 40.67929, -73.880123 40.679234, -73.880157 40.679224, -73.880247 40.679198, -73.880475 40.679132, -73.880478 40.679132, -73.880505 40.679124, -73.880506 40.679124, -73.880507 40.679124, -73.880507 40.679123, -73.880508 40.679123, -73.880509 40.679123, -73.880509 40.679123, -73.88051 40.679123, -73.88051 40.679123, -73.880511 40.679123, -73.880511 40.679123, -73.880512 40.679123, -73.880513 40.679123, -73.880513 40.679123, -73.880514 40.679123, -73.880515 40.679123, -73.880516 40.679124, -73.880516 40.679124, -73.880517 40.679124, -73.880517 40.679124, -73.880518 40.679124, -73.880519 40.679124, -73.880519 40.679125, -73.88052 40.679125, -73.880521 40.679125, -73.880521 40.679125, -73.880522 40.679126, -73.880522 40.679126, -73.880523 40.679126, -73.880523 40.679127, -73.880524 40.679127, -73.880524 40.679127, -73.880525 40.679128, -73.880525 40.679128, -73.880526 40.679128, -73.880526 40.679129, -73.880527 40.679129, -73.880527 40.67913, -73.880528 40.67913, -73.880528 40.679131, -73.880528 40.679131, -73.880529 40.679132, -73.880529 40.679132, -73.880529 40.679133, -73.880529 40.679133, -73.88053 40.679133, -73.88053 40.679134, -73.88053 40.679134, -73.88053 40.679135, -73.88053 40.679136, -73.88053 40.679136, -73.88053 40.679137, -73.880531 40.679137, -73.880531 40.679138, -73.880531 40.679138, -73.880531 40.679139, -73.880531 40.679139, -73.88053 40.67914, -73.88053 40.67914, -73.88053 40.679141, -73.88053 40.679141, -73.88053 40.679142, -73.88053 40.679142, -73.88053 40.679143, -73.880529 40.679143, -73.880529 40.679144, -73.880529 40.679144, -73.880529 40.679145, -73.880528 40.679145, -73.880528 40.679146, -73.880528 40.679146, -73.880527 40.679147, -73.880527 40.679147, -73.880526 40.679147, -73.880526 40.679148, -73.880526 40.679148, -73.880525 40.679149, -73.880525 40.679149, -73.880524 40.679149, -73.880524 40.67915, -73.880523 40.67915, -73.880523 40.67915, -73.880522 40.679151, -73.880521 40.679151, -73.880521 40.679151, -73.88052 40.679151, -73.88052 40.679152, -73.880492 40.67916, -73.88049 40.67916, -73.880258 40.679227, -73.880123 40.679265, -73.880005 40.679299, -73.879713 40.679382, -73.879585 40.679418, -73.879359 40.679482, -73.879358 40.679483, -73.879357 40.679483, -73.879357 40.679483, -73.879356 40.679483, -73.879355 40.679483, -73.879355 40.679484, -73.879354 40.679484, -73.879255 40.679514, -73.879253 40.679514, -73.879253 40.679514, -73.879252 40.679514, -73.879251 40.679515, -73.878755 40.679655, -73.878661 40.679682, -73.878629 40.679691, -73.878576 40.679706, -73.878575 40.679706, -73.878548 40.679714, -73.878547 40.679714, -73.878516 40.679723, -73.878515 40.679723, -73.878431 40.679747, -73.878369 40.679765, -73.878152 40.679826, -73.877656 40.679968, -73.877613 40.67998, -73.877585 40.679987, -73.877563 40.679993, -73.877561 40.679994, -73.87753 40.680002, -73.877512 40.680007, -73.877505 40.680009, -73.877501 40.680009, -73.877499 40.680008, -73.877498 40.680008, -73.877494 40.680006, -73.877492 40.680004, -73.877491 40.680003, -73.877489 40.679999, -73.877489 40.679997, -73.877489 40.679994, -73.87749 40.67999, -73.877492 40.679987, -73.877494 40.679983))"^^<http://www.opengis.net/ont/geosparql#wktLiteral> .
<https://w3id.org/rtskg/new_york_city/instance/block_7810> <https://w3id.org/rtskg/ontology/objectproperty/block_intersects_station_area> <https://w3id.org/rtskg/new_york_city/instance/station_area_369> .
<https://w3id.org/rtskg/new_york_city/instance/block_7810> <https://w3id.org/rtskg/ontology/objectproperty/block_intersects_station_area> <https://w3id.org/rtskg/new_york_city/instance/station_area_381> .
<https://w3id.org/rtskg/new_york_city/instance/block_7810> <https://w3id.org/rtskg/ontology/objectproperty/block_intersects_station_area> <https://w3id.org/rtskg/new_york_city/instance/station_area_421> .
<https://w3id.org/rtskg/new_york_city/instance/block_7810> <https://w3id.org/rtskg/ontology/objectproperty/block_intersects_station_area> <https://w3id.org/rtskg/new_york_city/instance/station_area_601> .
<https://w3id.org/rtskg/new_york_city/instance/block_7810> <https://w3id.org/rtskg/ontology/objectproperty/block_intersects_station_area> <https://w3id.org/rtskg/new_york_city/instance/station_area_602> .
<https://w3id.org/rtskg/new_york_city/instance/block_7810> <https://w3id.org/rtskg/ontology/objectproperty/block_intersects_station_area> <https://w3id.org/rtskg/new_york_city/instance/station_area_665> .
<https://w3id.org/rtskg/new_york_city/instance/block_7810> <https://w3id.org/rtskg/ontology/objectproperty/block_locates_at_borough> <https://w3id.org/rtskg/new_york_city/instance/borough_3> .
<https://w3id.org/rtskg/new_york_city/instance/block_7810> <https://w3id.org/rtskg/ontology/objectproperty/block_locates_at_functional_area> <https://w3id.org/rtskg/new_york_city/instance/functional_area_63> .
<https://w3id.org/rtskg/new_york_city/instance/block_7810> <https://w3id.org/rtskg/ontology/objectproperty/block_locates_at_functional_area> <https://w3id.org/rtskg/new_york_city/instance/functional_area_76> .
