<https://w3id.org/rtskg/new_york_city/instance/block_44641> <http://www.w3.org/1999/02/22-rdf-syntax-ns#type> <https://w3id.org/rtskg/ontology/class/block> .
<https://w3id.org/rtskg/new_york_city/instance/block_44641> <https://w3id.org/rtskg/ontology/dataproperty/geometry> "POLYGON ((-73.930874 40.813694, -73.93088 40.813701, -73.930886 40.813709, -73.930891 40.813717, -73.930896 40.813725, -73.930897 40.813728, -73.930899 40.813733, -73.930903 40.813742, -73.930903 40.813742, -73.930905 40.81375, -73.930907 40.813759, -73.930908 40.813768, -73.930908 40.813778, -73.930908 40.813782, -73.930909 40.813789, -73.930908 40.8138, -73.930906 40.813811, -73.930904 40.813821, -73.930901 40.813832, -73.930897 40.813842, -73.930892 40.813852, -73.930885 40.813874, -73.930884 40.813876, -73.93086 40.813945, -73.93086 40.813945, -73.930853 40.813964, -73.93082 40.814034, -73.93081 40.814055, -73.930734 40.814189, -73.930727 40.814203, -73.930719 40.814217, -73.930713 40.814228, -73.930711 40.814231, -73.930647 40.814352, -73.930636 40.814375, -73.930626 40.814398, -73.930616 40.814422, -73.93061 40.81444, -73.930608 40.814446, -73.9306 40.81447, -73.930592 40.814494, -73.930585 40.814518, -73.93058 40.814542, -73.930573 40.814573, -73.930568 40.814604, -73.930563 40.814635, -73.930558 40.814666, -73.930557 40.814681, -73.930555 40.814697, -73.930552 40.814728, -73.930549 40.814759, -73.930549 40.814768, -73.930544 40.814985, -73.930544 40.815005, -73.930545 40.815203, -73.930547 40.815227, -73.930546 40.815231, -73.930545 40.815234, -73.930544 40.815235, -73.930542 40.815238, -73.930539 40.815242, -73.930535 40.815245, -73.930535 40.815245, -73.930531 40.815248, -73.930527 40.81525, -73.930525 40.815251, -73.930522 40.815252, -73.930517 40.815253, -73.930512 40.815254, -73.930507 40.815254, -73.93049 40.815254, -73.930474 40.815253, -73.930463 40.815252, -73.930458 40.815251, -73.930442 40.815249, -73.930426 40.815246, -73.93041 40.815243, -73.9304 40.815241, -73.930394 40.815239, -73.930338 40.815224, -73.93028 40.815207, -73.930276 40.815206, -73.930218 40.81519, -73.930213 40.815189, -73.93016 40.815174, -73.930083 40.815152, -73.930023 40.815135, -73.930006 40.815131, -73.929987 40.815125, -73.929937 40.815111, -73.929891 40.815098, -73.929887 40.815097, -73.929884 40.815096, -73.929882 40.815095, -73.92988 40.815094, -73.929878 40.815092, -73.929873 40.815089, -73.92987 40.815086, -73.929867 40.815082, -73.929867 40.815082, -73.929864 40.815078, -73.929864 40.815076, -73.929863 40.815073, -73.929862 40.815069, -73.929861 40.815068, -73.929861 40.815064, -73.929864 40.815058, -73.929911 40.814956, -73.929912 40.814953, -73.929923 40.814927, -73.929976 40.814812, -73.930034 40.814682, -73.930039 40.814672, -73.930062 40.814621, -73.930077 40.814588, -73.930117 40.814499, -73.930123 40.814486, -73.930131 40.81447, -73.930138 40.814454, -73.930144 40.814442, -73.930153 40.814422, -73.930175 40.814374, -73.930197 40.814326, -73.930199 40.814322, -73.930219 40.814279, -73.930241 40.814231, -73.930254 40.814202, -73.930262 40.814184, -73.930284 40.814136, -73.930303 40.814094, -73.930306 40.814088, -73.930328 40.814039, -73.930351 40.81399, -73.93037 40.813948, -73.930373 40.813941, -73.930395 40.813892, -73.930418 40.813842, -73.930425 40.813827, -73.93044 40.813793, -73.930441 40.813793, -73.930456 40.81376, -73.930468 40.813735, -73.930484 40.813701, -73.930524 40.813617, -73.930535 40.813594, -73.930538 40.813588, -73.930543 40.813577, -73.930547 40.813569, -73.930551 40.813565, -73.930555 40.813562, -73.930555 40.813562, -73.930559 40.81356, -73.930565 40.813558, -73.93057 40.813556, -73.930576 40.813555, -73.930581 40.813555, -73.930587 40.813555, -73.930593 40.813556, -73.930598 40.813557, -73.930603 40.813559, -73.930608 40.813561, -73.930634 40.813573, -73.930722 40.813612, -73.930725 40.813614, -73.930768 40.813633, -73.930813 40.813653, -73.930823 40.813658, -73.930824 40.813658, -73.930833 40.813663, -73.930842 40.813668, -73.93085 40.813674, -73.930851 40.813674, -73.930855 40.813678, -73.930859 40.813681, -73.930867 40.813687, -73.930874 40.813694))"^^<http://www.opengis.net/ont/geosparql#wktLiteral> .
<https://w3id.org/rtskg/new_york_city/instance/block_44641> <https://w3id.org/rtskg/ontology/objectproperty/block_intersects_station_area> <https://w3id.org/rtskg/new_york_city/instance/station_area_107> .
<https://w3id.org/rtskg/new_york_city/instance/block_44641> <https://w3id.org/rtskg/ontology/objectproperty/block_intersects_station_area> <https://w3id.org/rtskg/new_york_city/instance/station_area_108> .
<https://w3id.org/rtskg/new_york_city/instance/block_44641> <https://w3id.org/rtskg/ontology/objectproperty/block_intersects_station_area> <https://w3id.org/rtskg/new_york_city/instance/station_area_25> .
<https://w3id.org/rtskg/new_york_city/instance/block_44641> <https://w3id.org/rtskg/ontology/objectproperty/block_intersects_station_area> <https://w3id.org/rtskg/new_york_city/instance/station_area_26> .
<https://w3id.org/rtskg/new_york_city/instance/block_44641> <https://w3id.org/rtskg/ontology/objectproperty/block_intersects_station_area> <https://w3id.org/rtskg/new_york_city/instance/station_area_35> .
<https://w3id.org/rtskg/new_york_city/instance/block_44641> <https://w3id.org/rtskg/ontology/objectproperty/block_intersects_station_area> <https://w3id.org/rtskg/new_york_city/instance/station_area_36> .
<https://w3id.org/rtskg/new_york_city/instance/block_44641> <https://w3id.org/rtskg/ontology/objectproperty/block_locates_at_borough> <https://w3id.org/rtskg/new_york_city/instance/borough_2> .
<https://w3id.org/rtskg/new_york_city/instance/block_44641> <https://w3id.org/rtskg/ontology/objectproperty/block_locates_at_functional_area> <https://w3id.org/rtskg/new_york_city/instance/functional_area_247> .
