<https://w3id.org/rtskg/new_york_city/instance/block_38099> <http://www.w3.org/1999/02/22-rdf-syntax-ns#type> <https://w3id.org/rtskg/ontology/class/block> .
<https://w3id.org/rtskg/new_york_city/instance/block_38099> <https://w3id.org/rtskg/ontology/dataproperty/geometry> "POLYGON ((-73.902899 40.851797, -73.9029 40.851798, -73.9029 40.851798, -73.902901 40.851798, -73.902901 40.851798, -73.902902 40.851798, -73.902902 40.851798, -73.902903 40.851799, -73.902903 40.851799, -73.902903 40.851799, -73.902904 40.851799, -73.902904 40.851799, -73.902904 40.8518, -73.902905 40.8518, -73.902905 40.8518, -73.902906 40.8518, -73.902924 40.851814, -73.902926 40.851816, -73.902947 40.851832, -73.902987 40.851863, -73.90299 40.851865, -73.903034 40.851899, -73.90305 40.851912, -73.903077 40.851933, -73.903121 40.851966, -73.903164 40.852, -73.903193 40.852021, -73.903206 40.85203, -73.903248 40.852061, -73.903251 40.852063, -73.90329 40.852091, -73.903294 40.852094, -73.903328 40.852119, -73.903332 40.852121, -73.903367 40.852147, -73.903376 40.852153, -73.903412 40.852179, -73.903428 40.852191, -73.903433 40.852194, -73.903434 40.852195, -73.903445 40.852202, -73.903451 40.852206, -73.903455 40.852209, -73.903457 40.85221, -73.90346 40.852213, -73.90346 40.852213, -73.903461 40.852214, -73.903462 40.852216, -73.903462 40.852216, -73.903462 40.852217, -73.903462 40.852218, -73.903463 40.85222, -73.903463 40.852221, -73.903463 40.852223, -73.903463 40.852224, -73.903463 40.852225, -73.903463 40.852228, -73.903462 40.85223, -73.903461 40.85223, -73.903415 40.852207, -73.903406 40.852203, -73.903397 40.852198, -73.903396 40.852198, -73.903382 40.852188, -73.903351 40.852166, -73.903305 40.852132, -73.903259 40.852098, -73.903212 40.852064, -73.903166 40.85203, -73.90313 40.852003, -73.90312 40.851996, -73.903074 40.851962, -73.903054 40.851947, -73.903047 40.851942, -73.903028 40.851928, -73.903028 40.851928, -73.902982 40.851894, -73.902931 40.851855, -73.902904 40.851834, -73.902884 40.851818, -73.902883 40.851818, -73.902883 40.851817, -73.902882 40.851817, -73.902882 40.851817, -73.902881 40.851816, -73.902881 40.851816, -73.902881 40.851816, -73.902881 40.851816, -73.902881 40.851815, -73.90288 40.851815, -73.90288 40.851814, -73.90288 40.851814, -73.90288 40.851814, -73.902879 40.851813, -73.902879 40.851813, -73.902879 40.851813, -73.902879 40.851812, -73.902879 40.851812, -73.902879 40.851811, -73.902879 40.851811, -73.902878 40.85181, -73.902878 40.85181, -73.902878 40.85181, -73.902878 40.851809, -73.902878 40.851809, -73.902878 40.851808, -73.902878 40.851808, -73.902878 40.851807, -73.902879 40.851807, -73.902879 40.851807, -73.902879 40.851806, -73.902879 40.851806, -73.902879 40.851805, -73.902879 40.851805, -73.902879 40.851805, -73.90288 40.851804, -73.90288 40.851804, -73.90288 40.851803, -73.90288 40.851803, -73.902881 40.851803, -73.902881 40.851802, -73.902881 40.851802, -73.902882 40.851802, -73.902882 40.851801, -73.902882 40.851801, -73.902883 40.851801, -73.902883 40.8518, -73.902883 40.8518, -73.902884 40.8518, -73.902884 40.8518, -73.902885 40.851799, -73.902885 40.851799, -73.902886 40.851799, -73.902886 40.851799, -73.902887 40.851798, -73.902887 40.851798, -73.902888 40.851798, -73.902888 40.851798, -73.902889 40.851798, -73.902889 40.851798, -73.90289 40.851797, -73.90289 40.851797, -73.902891 40.851797, -73.902891 40.851797, -73.902892 40.851797, -73.902892 40.851797, -73.902893 40.851797, -73.902894 40.851797, -73.902894 40.851797, -73.902895 40.851797, -73.902895 40.851797, -73.902896 40.851797, -73.902896 40.851797, -73.902897 40.851797, -73.902897 40.851797, -73.902898 40.851797, -73.902899 40.851797, -73.902899 40.851797))"^^<http://www.opengis.net/ont/geosparql#wktLiteral> .
<https://w3id.org/rtskg/new_york_city/instance/block_38099> <https://w3id.org/rtskg/ontology/objectproperty/block_intersects_station_area> <https://w3id.org/rtskg/new_york_city/instance/station_area_335> .
<https://w3id.org/rtskg/new_york_city/instance/block_38099> <https://w3id.org/rtskg/ontology/objectproperty/block_intersects_station_area> <https://w3id.org/rtskg/new_york_city/instance/station_area_699> .
<https://w3id.org/rtskg/new_york_city/instance/block_38099> <https://w3id.org/rtskg/ontology/objectproperty/block_intersects_station_area> <https://w3id.org/rtskg/new_york_city/instance/station_area_69> .
<https://w3id.org/rtskg/new_york_city/instance/block_38099> <https://w3id.org/rtskg/ontology/objectproperty/block_intersects_station_area> <https://w3id.org/rtskg/new_york_city/instance/station_area_700> .
<https://w3id.org/rtskg/new_york_city/instance/block_38099> <https://w3id.org/rtskg/ontology/objectproperty/block_intersects_station_area> <https://w3id.org/rtskg/new_york_city/instance/station_area_70> .
<https://w3id.org/rtskg/new_york_city/instance/block_38099> <https://w3id.org/rtskg/ontology/objectproperty/block_intersects_station_area> <https://w3id.org/rtskg/new_york_city/instance/station_area_71> .
<https://w3id.org/rtskg/new_york_city/instance/block_38099> <https://w3id.org/rtskg/ontology/objectproperty/block_locates_at_borough> <https://w3id.org/rtskg/new_york_city/instance/borough_2> .
<https://w3id.org/rtskg/new_york_city/instance/block_38099> <https://w3id.org/rtskg/ontology/objectproperty/block_locates_at_functional_area> <https://w3id.org/rtskg/new_york_city/instance/functional_area_169> .
