<https://w3id.org/rtskg/new_york_city/instance/block_12230> <http://www.w3.org/1999/02/22-rdf-syntax-ns#type> <https://w3id.org/rtskg/ontology/class/block> .
<https://w3id.org/rtskg/new_york_city/instance/block_12230> <https://w3id.org/rtskg/ontology/dataproperty/geometry> "POLYGON ((-73.889182 40.74546, -73.889184 40.74546, -73.889185 40.745461, -73.889187 40.745461, -73.889188 40.745461, -73.889189 40.745461, -73.88919 40.745462, -73.889191 40.745462, -73.889192 40.745463, -73.889194 40.745463, -73.889195 40.745464, -73.889196 40.745464, -73.889198 40.745465, -73.889199 40.745465, -73.8892 40.745466, -73.889201 40.745467, -73.889203 40.745468, -73.889204 40.745468, -73.889205 40.745469, -73.889206 40.74547, -73.889207 40.745471, -73.889208 40.745472, -73.889209 40.745473, -73.88921 40.745474, -73.889211 40.745475, -73.889211 40.745476, -73.889212 40.745477, -73.889212 40.745477, -73.889213 40.745478, -73.889214 40.745479, -73.889214 40.74548, -73.889215 40.745481, -73.889215 40.745481, -73.889217 40.745491, -73.889224 40.745526, -73.889232 40.745572, -73.889235 40.745585, -73.889235 40.745587, -73.889241 40.745617, -73.889242 40.745618, -73.889242 40.745619, -73.889242 40.74562, -73.889242 40.745621, -73.889242 40.745622, -73.889242 40.745623, -73.889242 40.745624, -73.889242 40.745625, -73.889242 40.745626, -73.889242 40.745627, -73.889241 40.745628, -73.889241 40.745629, -73.889241 40.74563, -73.88924 40.745631, -73.88924 40.745631, -73.88924 40.745632, -73.88924 40.745633, -73.889239 40.745634, -73.889239 40.745635, -73.889238 40.745636, -73.889237 40.745637, -73.889237 40.745638, -73.889236 40.745639, -73.889235 40.745639, -73.889235 40.74564, -73.889234 40.745641, -73.889233 40.745642, -73.889232 40.745643, -73.889231 40.745643, -73.88923 40.745644, -73.889229 40.745645, -73.889228 40.745645, -73.889227 40.745646, -73.889227 40.745646, -73.889226 40.745647, -73.889225 40.745647, -73.889224 40.745648, -73.889223 40.745648, -73.889222 40.745649, -73.88922 40.745649, -73.889219 40.745649, -73.889218 40.74565, -73.889217 40.74565, -73.889216 40.745651, -73.889214 40.745651, -73.889213 40.745651, -73.889212 40.745651, -73.88921 40.745651, -73.88921 40.745652, -73.889209 40.745652, -73.889208 40.745652, -73.889207 40.745652, -73.889205 40.745652, -73.889204 40.745652, -73.889203 40.745652, -73.889201 40.745652, -73.8892 40.745652, -73.889199 40.745652, -73.889197 40.745651, -73.889196 40.745651, -73.889195 40.745651, -73.889193 40.745651, -73.889192 40.74565, -73.889192 40.74565, -73.889191 40.74565, -73.88919 40.74565, -73.889189 40.745649, -73.889187 40.745649, -73.889186 40.745648, -73.889185 40.745648, -73.889184 40.745647, -73.889183 40.745647, -73.889124 40.745622, -73.889066 40.745598, -73.889026 40.745581, -73.889007 40.745573, -73.888975 40.74556, -73.888949 40.745549, -73.888914 40.745532, -73.888855 40.745507, -73.888837 40.7455, -73.88883 40.745497, -73.888822 40.745492, -73.888819 40.74549, -73.888816 40.745486, -73.888815 40.745484, -73.888816 40.745482, -73.888816 40.74548, -73.888817 40.745478, -73.888819 40.745477, -73.888822 40.745474, -73.888826 40.745471, -73.888831 40.745469, -73.888831 40.745469, -73.888838 40.745467, -73.888893 40.745462, -73.88897 40.745483, -73.888989 40.745481, -73.889008 40.745479, -73.889026 40.745476, -73.889032 40.745476, -73.8891 40.745468, -73.889167 40.74546, -73.889169 40.745459, -73.88917 40.745459, -73.889172 40.745459, -73.889173 40.745459, -73.889175 40.745459, -73.889176 40.745459, -73.889178 40.745459, -73.889179 40.74546, -73.889181 40.74546, -73.889182 40.74546))"^^<http://www.opengis.net/ont/geosparql#wktLiteral> .
<https://w3id.org/rtskg/new_york_city/instance/block_12230> <https://w3id.org/rtskg/ontology/objectproperty/block_intersects_station_area> <https://w3id.org/rtskg/new_york_city/instance/station_area_175> .
<https://w3id.org/rtskg/new_york_city/instance/block_12230> <https://w3id.org/rtskg/ontology/objectproperty/block_intersects_station_area> <https://w3id.org/rtskg/new_york_city/instance/station_area_183> .
<https://w3id.org/rtskg/new_york_city/instance/block_12230> <https://w3id.org/rtskg/ontology/objectproperty/block_intersects_station_area> <https://w3id.org/rtskg/new_york_city/instance/station_area_207> .
<https://w3id.org/rtskg/new_york_city/instance/block_12230> <https://w3id.org/rtskg/ontology/objectproperty/block_intersects_station_area> <https://w3id.org/rtskg/new_york_city/instance/station_area_417> .
<https://w3id.org/rtskg/new_york_city/instance/block_12230> <https://w3id.org/rtskg/ontology/objectproperty/block_intersects_station_area> <https://w3id.org/rtskg/new_york_city/instance/station_area_503> .
<https://w3id.org/rtskg/new_york_city/instance/block_12230> <https://w3id.org/rtskg/ontology/objectproperty/block_intersects_station_area> <https://w3id.org/rtskg/new_york_city/instance/station_area_504> .
<https://w3id.org/rtskg/new_york_city/instance/block_12230> <https://w3id.org/rtskg/ontology/objectproperty/block_locates_at_borough> <https://w3id.org/rtskg/new_york_city/instance/borough_4> .
<https://w3id.org/rtskg/new_york_city/instance/block_12230> <https://w3id.org/rtskg/ontology/objectproperty/block_locates_at_functional_area> <https://w3id.org/rtskg/new_york_city/instance/functional_area_82> .
