<https://w3id.org/rtskg/new_york_city/instance/block_15900> <http://www.w3.org/1999/02/22-rdf-syntax-ns#type> <https://w3id.org/rtskg/ontology/class/block> .
<https://w3id.org/rtskg/new_york_city/instance/block_15900> <https://w3id.org/rtskg/ontology/dataproperty/geometry> "POLYGON ((-73.962538 40.646965, -73.962537 40.646966, -73.962537 40.646966, -73.962536 40.646967, -73.962535 40.646968, -73.962534 40.646968, -73.962533 40.646969, -73.962531 40.64697, -73.96253 40.646971, -73.962529 40.646971, -73.962528 40.646972, -73.962526 40.646972, -73.962525 40.646973, -73.962524 40.646973, -73.962522 40.646974, -73.962521 40.646974, -73.962519 40.646975, -73.962519 40.646975, -73.962518 40.646975, -73.962516 40.646975, -73.962515 40.646976, -73.962513 40.646976, -73.962512 40.646976, -73.96251 40.646976, -73.962481 40.646979, -73.962454 40.646981, -73.962394 40.646986, -73.962333 40.646992, -73.962272 40.646997, -73.962209 40.647005, -73.962205 40.647005, -73.962146 40.647012, -73.962082 40.64702, -73.962026 40.647026, -73.962019 40.647027, -73.961956 40.647035, -73.961893 40.647042, -73.96183 40.64705, -73.961788 40.647055, -73.961766 40.647057, -73.961765 40.647057, -73.961764 40.647057, -73.961762 40.647057, -73.961761 40.647058, -73.961759 40.647058, -73.961758 40.647057, -73.961757 40.647057, -73.961755 40.647057, -73.961754 40.647057, -73.961752 40.647057, -73.961751 40.647057, -73.96175 40.647056, -73.961748 40.647056, -73.961747 40.647056, -73.961746 40.647055, -73.961744 40.647055, -73.961744 40.647055, -73.961743 40.647055, -73.961742 40.647054, -73.961741 40.647054, -73.961739 40.647053, -73.961738 40.647053, -73.961737 40.647052, -73.961736 40.647051, -73.961735 40.647051, -73.961734 40.64705, -73.961733 40.647049, -73.961732 40.647049, -73.961731 40.647048, -73.96173 40.647047, -73.961729 40.647046, -73.961728 40.647045, -73.961727 40.647044, -73.961726 40.647044, -73.961726 40.647043, -73.961725 40.647042, -73.961724 40.647041, -73.961724 40.64704, -73.961723 40.647039, -73.961723 40.647039, -73.961723 40.647038, -73.961722 40.647037, -73.961722 40.647036, -73.961721 40.647035, -73.961721 40.647034, -73.961721 40.647033, -73.96172 40.647032, -73.961719 40.647025, -73.961715 40.647005, -73.961709 40.64698, -73.961708 40.646975, -73.961702 40.646945, -73.961698 40.646928, -73.961688 40.646877, -73.961677 40.646825, -73.961662 40.646754, -73.961707 40.646749, -73.961727 40.646747, -73.961916 40.646728, -73.961923 40.646728, -73.962182 40.646709, -73.962221 40.646707, -73.962244 40.646706, -73.962442 40.64669, -73.962459 40.646689, -73.962503 40.646685, -73.962508 40.64671, -73.962516 40.646755, -73.962524 40.6468, -73.962532 40.646845, -73.96254 40.64689, -73.962547 40.64693, -73.962548 40.646936, -73.962549 40.646938, -73.962549 40.64694, -73.962549 40.646941, -73.962549 40.646942, -73.962549 40.646943, -73.962549 40.646944, -73.962549 40.646945, -73.962549 40.646946, -73.962549 40.646948, -73.962549 40.646949, -73.962548 40.64695, -73.962548 40.646951, -73.962548 40.646951, -73.962548 40.646952, -73.962547 40.646953, -73.962547 40.646954, -73.962546 40.646955, -73.962546 40.646956, -73.962545 40.646958, -73.962544 40.646959, -73.962543 40.64696, -73.962543 40.646961, -73.962542 40.646962, -73.962541 40.646963, -73.96254 40.646963, -73.96254 40.646964, -73.962539 40.646964, -73.962538 40.646965))"^^<http://www.opengis.net/ont/geosparql#wktLiteral> .
<https://w3id.org/rtskg/new_york_city/instance/block_15900> <https://w3id.org/rtskg/ontology/objectproperty/block_intersects_station_area> <https://w3id.org/rtskg/new_york_city/instance/station_area_301> .
<https://w3id.org/rtskg/new_york_city/instance/block_15900> <https://w3id.org/rtskg/ontology/objectproperty/block_intersects_station_area> <https://w3id.org/rtskg/new_york_city/instance/station_area_302> .
<https://w3id.org/rtskg/new_york_city/instance/block_15900> <https://w3id.org/rtskg/ontology/objectproperty/block_intersects_station_area> <https://w3id.org/rtskg/new_york_city/instance/station_area_361> .
<https://w3id.org/rtskg/new_york_city/instance/block_15900> <https://w3id.org/rtskg/ontology/objectproperty/block_intersects_station_area> <https://w3id.org/rtskg/new_york_city/instance/station_area_362> .
<https://w3id.org/rtskg/new_york_city/instance/block_15900> <https://w3id.org/rtskg/ontology/objectproperty/block_intersects_station_area> <https://w3id.org/rtskg/new_york_city/instance/station_area_377> .
<https://w3id.org/rtskg/new_york_city/instance/block_15900> <https://w3id.org/rtskg/ontology/objectproperty/block_intersects_station_area> <https://w3id.org/rtskg/new_york_city/instance/station_area_619> .
<https://w3id.org/rtskg/new_york_city/instance/block_15900> <https://w3id.org/rtskg/ontology/objectproperty/block_locates_at_borough> <https://w3id.org/rtskg/new_york_city/instance/borough_3> .
<https://w3id.org/rtskg/new_york_city/instance/block_15900> <https://w3id.org/rtskg/ontology/objectproperty/block_locates_at_functional_area> <https://w3id.org/rtskg/new_york_city/instance/functional_area_89> .
