<https://w3id.org/rtskg/new_york_city/instance/block_38118> <http://www.w3.org/1999/02/22-rdf-syntax-ns#type> <https://w3id.org/rtskg/ontology/class/block> .
<https://w3id.org/rtskg/new_york_city/instance/block_38118> <https://w3id.org/rtskg/ontology/dataproperty/geometry> "POLYGON ((-73.905917 40.849936, -73.905917 40.849935, -73.905917 40.849935, -73.905917 40.849934, -73.905917 40.849934, -73.905917 40.849933, -73.905918 40.849933, -73.905918 40.849932, -73.905918 40.849931, -73.905918 40.849931, -73.905919 40.84993, -73.905919 40.84993, -73.905919 40.849929, -73.90592 40.849929, -73.90592 40.849928, -73.905956 40.849882, -73.905963 40.849874, -73.905988 40.849841, -73.90602 40.849801, -73.906026 40.849793, -73.906024 40.849772, -73.90605 40.849739, -73.906061 40.849724, -73.906062 40.849723, -73.906068 40.849719, -73.906068 40.849718, -73.906073 40.849715, -73.906081 40.849713, -73.906091 40.849712, -73.906096 40.849713, -73.906097 40.849714, -73.906108 40.849718, -73.906116 40.849725, -73.906129 40.849738, -73.906136 40.849746, -73.906139 40.849772, -73.906143 40.849776, -73.906164 40.849796, -73.906181 40.849812, -73.906219 40.849848, -73.906236 40.849866, -73.906255 40.849885, -73.906261 40.849891, -73.906279 40.84991, -73.90629 40.849922, -73.906312 40.849944, -73.906325 40.849958, -73.906357 40.849991, -73.90636 40.849994, -73.90636 40.849995, -73.906361 40.849995, -73.906362 40.849996, -73.906362 40.849997, -73.906363 40.849998, -73.906363 40.849998, -73.906364 40.849999, -73.906364 40.85, -73.906364 40.850001, -73.906365 40.850002, -73.906365 40.850002, -73.906365 40.850003, -73.906366 40.850004, -73.906366 40.850005, -73.906366 40.850006, -73.906366 40.850007, -73.906366 40.850008, -73.906366 40.850009, -73.906366 40.850009, -73.906366 40.85001, -73.906366 40.850011, -73.906366 40.850012, -73.906366 40.850012, -73.906366 40.850013, -73.906365 40.850014, -73.906365 40.850015, -73.906365 40.850015, -73.906364 40.850016, -73.906364 40.850017, -73.906364 40.850018, -73.906363 40.850019, -73.906363 40.85002, -73.906362 40.85002, -73.906362 40.850021, -73.906361 40.850022, -73.90636 40.850023, -73.90636 40.850023, -73.906359 40.850024, -73.906358 40.850025, -73.906358 40.850025, -73.906357 40.850026, -73.906356 40.850027, -73.906355 40.850027, -73.906354 40.850028, -73.906354 40.850028, -73.906353 40.850028, -73.906353 40.850029, -73.906352 40.850029, -73.906351 40.85003, -73.90635 40.85003, -73.906349 40.850031, -73.906348 40.850031, -73.906347 40.850032, -73.906346 40.850032, -73.906345 40.850032, -73.906343 40.850032, -73.906342 40.850033, -73.906341 40.850033, -73.90634 40.850033, -73.906339 40.850033, -73.906338 40.850034, -73.906337 40.850034, -73.906336 40.850034, -73.906334 40.850034, -73.906333 40.850034, -73.906332 40.850034, -73.906331 40.850034, -73.90633 40.850034, -73.906329 40.850034, -73.906328 40.850033, -73.906326 40.850033, -73.906325 40.850033, -73.906324 40.850033, -73.906279 40.850023, -73.906258 40.850019, -73.906227 40.850012, -73.906176 40.850001, -73.906144 40.849995, -73.906115 40.84999, -73.906055 40.849978, -73.906049 40.849976, -73.905995 40.849966, -73.905965 40.84996, -73.905948 40.849957, -73.905934 40.849954, -73.905933 40.849954, -73.905932 40.849953, -73.905931 40.849953, -73.905931 40.849953, -73.905931 40.849953, -73.90593 40.849953, -73.905929 40.849953, -73.905929 40.849952, -73.905928 40.849952, -73.905927 40.849952, -73.905927 40.849951, -73.905926 40.849951, -73.905925 40.849951, -73.905925 40.84995, -73.905924 40.84995, -73.905924 40.849949, -73.905923 40.849949, -73.905923 40.849949, -73.905922 40.849948, -73.905922 40.849948, -73.905921 40.849947, -73.905921 40.849947, -73.90592 40.849946, -73.90592 40.849946, -73.905919 40.849945, -73.905919 40.849945, -73.905919 40.849944, -73.905918 40.849944, -73.905918 40.849943, -73.905918 40.849942, -73.905918 40.849942, -73.905917 40.849941, -73.905917 40.849941, -73.905917 40.84994, -73.905917 40.84994, -73.905917 40.849939, -73.905917 40.849938, -73.905917 40.849938, -73.905917 40.849937, -73.905917 40.849937, -73.905917 40.849936))"^^<http://www.opengis.net/ont/geosparql#wktLiteral> .
<https://w3id.org/rtskg/new_york_city/instance/block_38118> <https://w3id.org/rtskg/ontology/objectproperty/block_intersects_station_area> <https://w3id.org/rtskg/new_york_city/instance/station_area_335> .
<https://w3id.org/rtskg/new_york_city/instance/block_38118> <https://w3id.org/rtskg/ontology/objectproperty/block_intersects_station_area> <https://w3id.org/rtskg/new_york_city/instance/station_area_57> .
<https://w3id.org/rtskg/new_york_city/instance/block_38118> <https://w3id.org/rtskg/ontology/objectproperty/block_intersects_station_area> <https://w3id.org/rtskg/new_york_city/instance/station_area_61> .
<https://w3id.org/rtskg/new_york_city/instance/block_38118> <https://w3id.org/rtskg/ontology/objectproperty/block_intersects_station_area> <https://w3id.org/rtskg/new_york_city/instance/station_area_699> .
<https://w3id.org/rtskg/new_york_city/instance/block_38118> <https://w3id.org/rtskg/ontology/objectproperty/block_intersects_station_area> <https://w3id.org/rtskg/new_york_city/instance/station_area_69> .
<https://w3id.org/rtskg/new_york_city/instance/block_38118> <https://w3id.org/rtskg/ontology/objectproperty/block_intersects_station_area> <https://w3id.org/rtskg/new_york_city/instance/station_area_700> .
<https://w3id.org/rtskg/new_york_city/instance/block_38118> <https://w3id.org/rtskg/ontology/objectproperty/block_locates_at_borough> <https://w3id.org/rtskg/new_york_city/instance/borough_2> .
<https://w3id.org/rtskg/new_york_city/instance/block_38118> <https://w3id.org/rtskg/ontology/objectproperty/block_locates_at_functional_area> <https://w3id.org/rtskg/new_york_city/instance/functional_area_169> .
