<https://w3id.org/rtskg/new_york_city/instance/block_17902> <http://www.w3.org/1999/02/22-rdf-syntax-ns#type> <https://w3id.org/rtskg/ontology/class/block> .
<https://w3id.org/rtskg/new_york_city/instance/block_17902> <https://w3id.org/rtskg/ontology/dataproperty/geometry> "POLYGON ((-74.006842 40.724428, -74.006841 40.724429, -74.00684 40.724429, -74.006839 40.724429, -74.006837 40.72443, -74.006836 40.72443, -74.006835 40.72443, -74.006833 40.724431, -74.006832 40.724431, -74.006831 40.724431, -74.006829 40.724431, -74.006829 40.724431, -74.006828 40.724431, -74.006824 40.724431, -74.006728 40.724422, -74.006618 40.724412, -74.006567 40.724408, -74.006518 40.724405, -74.006377 40.724391, -74.006368 40.72439, -74.006314 40.724385, -74.006299 40.724384, -74.006278 40.724382, -74.006277 40.724381, -74.006276 40.724381, -74.006275 40.72438, -74.006274 40.72438, -74.006273 40.724379, -74.006272 40.724379, -74.006271 40.724378, -74.00627 40.724377, -74.006269 40.724377, -74.006268 40.724376, -74.006267 40.724375, -74.006266 40.724374, -74.006265 40.724373, -74.006265 40.724373, -74.006264 40.724372, -74.006263 40.724371, -74.006262 40.72437, -74.006262 40.724369, -74.006261 40.724368, -74.006261 40.724367, -74.00626 40.724366, -74.00626 40.724366, -74.00626 40.724365, -74.006259 40.724364, -74.006259 40.724363, -74.006258 40.724362, -74.006258 40.724361, -74.006258 40.72436, -74.006258 40.724359, -74.006257 40.724358, -74.006257 40.724357, -74.006257 40.724356, -74.006257 40.724355, -74.006257 40.724354, -74.006257 40.724353, -74.006257 40.724352, -74.006257 40.724351, -74.006258 40.72435, -74.006258 40.724349, -74.006258 40.724348, -74.006258 40.724347, -74.006259 40.724346, -74.006259 40.724345, -74.00626 40.724344, -74.00626 40.724343, -74.006261 40.724342, -74.006261 40.724341, -74.006262 40.72434, -74.006263 40.724339, -74.006263 40.724338, -74.006264 40.724337, -74.006265 40.724337, -74.006266 40.724336, -74.006267 40.724335, -74.006272 40.72433, -74.006277 40.724325, -74.006283 40.72432, -74.006288 40.724315, -74.006294 40.724311, -74.006294 40.724311, -74.006298 40.724309, -74.006301 40.724307, -74.006307 40.724302, -74.006314 40.724298, -74.006319 40.724295, -74.00632 40.724295, -74.006327 40.724291, -74.006334 40.724287, -74.006341 40.724284, -74.006349 40.724281, -74.006356 40.724278, -74.006364 40.724275, -74.006371 40.724273, -74.006379 40.724271, -74.006387 40.724268, -74.006395 40.724267, -74.006403 40.724265, -74.006411 40.724263, -74.006419 40.724262, -74.006427 40.724261, -74.006436 40.72426, -74.006452 40.724257, -74.006469 40.724255, -74.006486 40.724253, -74.006503 40.724252, -74.00652 40.724251, -74.006537 40.724251, -74.006554 40.724251, -74.006571 40.724251, -74.006588 40.724252, -74.006605 40.724253, -74.006622 40.724255, -74.006639 40.724257, -74.006656 40.724259, -74.006672 40.724262, -74.006689 40.724266, -74.006705 40.72427, -74.006708 40.724271, -74.006721 40.724274, -74.006737 40.724279, -74.006753 40.724284, -74.006762 40.724287, -74.006772 40.724291, -74.006781 40.724295, -74.00679 40.7243, -74.006799 40.724304, -74.006807 40.724309, -74.006816 40.724314, -74.006823 40.724319, -74.006824 40.724319, -74.006828 40.724322, -74.006832 40.724325, -74.006839 40.72433, -74.006847 40.724336, -74.006854 40.724342, -74.006861 40.724348, -74.006862 40.72435, -74.006864 40.724353, -74.006865 40.724355, -74.006866 40.724358, -74.006867 40.72436, -74.006868 40.724363, -74.006869 40.724365, -74.00687 40.724368, -74.006871 40.72437, -74.006871 40.724373, -74.006872 40.724375, -74.006872 40.724378, -74.006872 40.72438, -74.006872 40.724383, -74.006872 40.724386, -74.006872 40.724388, -74.006872 40.724391, -74.006871 40.724393, -74.006871 40.724395, -74.006871 40.724396, -74.00687 40.724398, -74.00687 40.724401, -74.006869 40.724403, -74.006859 40.724417, -74.006858 40.724417, -74.006858 40.724418, -74.006857 40.724419, -74.006856 40.72442, -74.006855 40.724421, -74.006854 40.724422, -74.006853 40.724422, -74.006852 40.724423, -74.006851 40.724424, -74.00685 40.724424, -74.006849 40.724425, -74.006848 40.724426, -74.006847 40.724426, -74.006846 40.724427, -74.006845 40.724427, -74.006844 40.724428, -74.006842 40.724428))"^^<http://www.opengis.net/ont/geosparql#wktLiteral> .
<https://w3id.org/rtskg/new_york_city/instance/block_17902> <https://w3id.org/rtskg/ontology/objectproperty/block_intersects_station_area> <https://w3id.org/rtskg/new_york_city/instance/station_area_339> .
<https://w3id.org/rtskg/new_york_city/instance/block_17902> <https://w3id.org/rtskg/ontology/objectproperty/block_intersects_station_area> <https://w3id.org/rtskg/new_york_city/instance/station_area_340> .
<https://w3id.org/rtskg/new_york_city/instance/block_17902> <https://w3id.org/rtskg/ontology/objectproperty/block_intersects_station_area> <https://w3id.org/rtskg/new_york_city/instance/station_area_443> .
<https://w3id.org/rtskg/new_york_city/instance/block_17902> <https://w3id.org/rtskg/ontology/objectproperty/block_intersects_station_area> <https://w3id.org/rtskg/new_york_city/instance/station_area_483> .
<https://w3id.org/rtskg/new_york_city/instance/block_17902> <https://w3id.org/rtskg/ontology/objectproperty/block_intersects_station_area> <https://w3id.org/rtskg/new_york_city/instance/station_area_484> .
<https://w3id.org/rtskg/new_york_city/instance/block_17902> <https://w3id.org/rtskg/ontology/objectproperty/block_intersects_station_area> <https://w3id.org/rtskg/new_york_city/instance/station_area_633> .
<https://w3id.org/rtskg/new_york_city/instance/block_17902> <https://w3id.org/rtskg/ontology/objectproperty/block_intersects_station_area> <https://w3id.org/rtskg/new_york_city/instance/station_area_671> .
<https://w3id.org/rtskg/new_york_city/instance/block_17902> <https://w3id.org/rtskg/ontology/objectproperty/block_intersects_station_area> <https://w3id.org/rtskg/new_york_city/instance/station_area_672> .
<https://w3id.org/rtskg/new_york_city/instance/block_17902> <https://w3id.org/rtskg/ontology/objectproperty/block_locates_at_borough> <https://w3id.org/rtskg/new_york_city/instance/borough_1> .
<https://w3id.org/rtskg/new_york_city/instance/block_17902> <https://w3id.org/rtskg/ontology/objectproperty/block_locates_at_functional_area> <https://w3id.org/rtskg/new_york_city/instance/functional_area_125> .
