<https://w3id.org/rtskg/new_york_city/instance/block_44342> <http://www.w3.org/1999/02/22-rdf-syntax-ns#type> <https://w3id.org/rtskg/ontology/class/block> .
<https://w3id.org/rtskg/new_york_city/instance/block_44342> <https://w3id.org/rtskg/ontology/dataproperty/geometry> "POLYGON ((-73.944263 40.827212, -73.944263 40.827212, -73.944263 40.827212, -73.944264 40.827214, -73.944264 40.827215, -73.944264 40.827216, -73.944264 40.827218, -73.944264 40.827219, -73.944264 40.82722, -73.944264 40.827221, -73.944264 40.827223, -73.944264 40.827224, -73.944264 40.827225, -73.944264 40.827226, -73.944263 40.827228, -73.944263 40.827228, -73.944263 40.827229, -73.944262 40.82723, -73.944262 40.827231, -73.944261 40.827232, -73.944261 40.827234, -73.94426 40.827235, -73.944259 40.827236, -73.944259 40.827237, -73.944258 40.827238, -73.944253 40.827244, -73.944223 40.827282, -73.944192 40.827322, -73.944188 40.827327, -73.944165 40.827355, -73.944102 40.827442, -73.944085 40.827466, -73.94402 40.827554, -73.944017 40.827559, -73.943896 40.827725, -73.943894 40.827729, -73.943893 40.82773, -73.943891 40.827732, -73.943887 40.827736, -73.943883 40.827738, -73.943881 40.827739, -73.943878 40.82774, -73.943873 40.827742, -73.943868 40.827743, -73.943863 40.827744, -73.943858 40.827744, -73.943857 40.827744, -73.943852 40.827743, -73.943847 40.827742, -73.943846 40.827742, -73.94378 40.827717, -73.943758 40.827708, -73.943714 40.82769, -73.943699 40.827683, -73.94364 40.827658, -73.94358 40.827634, -73.943521 40.827609, -73.943462 40.827584, -73.943403 40.827559, -73.943344 40.827534, -73.943326 40.827527, -73.943284 40.82751, -73.943225 40.827485, -73.943166 40.82746, -73.943107 40.827435, -73.94309 40.827428, -73.943086 40.827426, -73.943048 40.82741, -73.942988 40.827385, -73.942954 40.827371, -73.942942 40.827366, -73.942929 40.827361, -73.942928 40.82736, -73.942926 40.82736, -73.942926 40.82736, -73.942925 40.827359, -73.942921 40.827357, -73.942916 40.827353, -73.942912 40.82735, -73.942909 40.827346, -73.942908 40.827345, -73.942906 40.827341, -73.942904 40.827337, -73.942904 40.827335, -73.942904 40.827334, -73.942903 40.827332, -73.942903 40.827329, -73.942903 40.827327, -73.942904 40.827322, -73.942905 40.827318, -73.942905 40.827317, -73.942915 40.827294, -73.942917 40.827288, -73.942925 40.827268, -73.942969 40.827158, -73.943018 40.827035, -73.943126 40.826766, -73.943131 40.826754, -73.943134 40.826751, -73.943138 40.826748, -73.943139 40.826747, -73.943143 40.826745, -73.943148 40.826742, -73.943154 40.826741, -73.943156 40.82674, -73.943159 40.826739, -73.943165 40.826738, -73.943171 40.826738, -73.943175 40.826739, -73.943178 40.826739, -73.943193 40.826746, -73.943197 40.826747, -73.943223 40.826759, -73.943266 40.826778, -73.943266 40.826778, -73.943271 40.82678, -73.943318 40.826801, -73.943373 40.826824, -73.943428 40.826847, -73.943445 40.826855, -73.943483 40.826871, -73.943537 40.826894, -73.943592 40.826918, -73.943612 40.826926, -73.943646 40.82694, -73.9437 40.826963, -73.943755 40.826985, -73.943772 40.826993, -73.943809 40.827008, -73.943863 40.827031, -73.943917 40.827053, -73.943949 40.827067, -73.943973 40.827077, -73.944029 40.827101, -73.944085 40.827125, -73.944101 40.827131, -73.94414 40.827148, -73.944196 40.827172, -73.944235 40.827189, -73.944239 40.82719, -73.944252 40.827196, -73.944253 40.827196, -73.944253 40.827197, -73.944254 40.827198, -73.944255 40.827199, -73.944256 40.8272, -73.944257 40.827201, -73.944258 40.827202, -73.944259 40.827203, -73.94426 40.827204, -73.94426 40.827205, -73.944261 40.827206, -73.944261 40.827208, -73.944262 40.827209, -73.944262 40.82721, -73.944263 40.827211, -73.944263 40.827212))"^^<http://www.opengis.net/ont/geosparql#wktLiteral> .
<https://w3id.org/rtskg/new_york_city/instance/block_44342> <https://w3id.org/rtskg/ontology/objectproperty/block_intersects_station_area> <https://w3id.org/rtskg/new_york_city/instance/station_area_33> .
<https://w3id.org/rtskg/new_york_city/instance/block_44342> <https://w3id.org/rtskg/ontology/objectproperty/block_intersects_station_area> <https://w3id.org/rtskg/new_york_city/instance/station_area_34> .
<https://w3id.org/rtskg/new_york_city/instance/block_44342> <https://w3id.org/rtskg/ontology/objectproperty/block_intersects_station_area> <https://w3id.org/rtskg/new_york_city/instance/station_area_39> .
<https://w3id.org/rtskg/new_york_city/instance/block_44342> <https://w3id.org/rtskg/ontology/objectproperty/block_intersects_station_area> <https://w3id.org/rtskg/new_york_city/instance/station_area_40> .
<https://w3id.org/rtskg/new_york_city/instance/block_44342> <https://w3id.org/rtskg/ontology/objectproperty/block_intersects_station_area> <https://w3id.org/rtskg/new_york_city/instance/station_area_41> .
<https://w3id.org/rtskg/new_york_city/instance/block_44342> <https://w3id.org/rtskg/ontology/objectproperty/block_intersects_station_area> <https://w3id.org/rtskg/new_york_city/instance/station_area_45> .
<https://w3id.org/rtskg/new_york_city/instance/block_44342> <https://w3id.org/rtskg/ontology/objectproperty/block_locates_at_borough> <https://w3id.org/rtskg/new_york_city/instance/borough_1> .
<https://w3id.org/rtskg/new_york_city/instance/block_44342> <https://w3id.org/rtskg/ontology/objectproperty/block_locates_at_functional_area> <https://w3id.org/rtskg/new_york_city/instance/functional_area_116> .
