<https://w3id.org/rtskg/new_york_city/instance/block_18042> <http://www.w3.org/1999/02/22-rdf-syntax-ns#type> <https://w3id.org/rtskg/ontology/class/block> .
<https://w3id.org/rtskg/new_york_city/instance/block_18042> <https://w3id.org/rtskg/ontology/dataproperty/geometry> "POLYGON ((-74.010455 40.722242, -74.01047 40.722244, -74.01047 40.722244, -74.010472 40.722245, -74.010472 40.722245, -74.010473 40.722246, -74.010475 40.722248, -74.010476 40.722249, -74.010478 40.722251, -74.010479 40.722252, -74.01048 40.722254, -74.010481 40.722255, -74.010482 40.722257, -74.010483 40.722258, -74.010483 40.722259, -74.010484 40.72226, -74.010485 40.722262, -74.010486 40.722264, -74.010487 40.722265, -74.010487 40.722267, -74.010488 40.722269, -74.010488 40.722271, -74.010489 40.722273, -74.010489 40.722273, -74.010489 40.722274, -74.010489 40.722276, -74.010482 40.722322, -74.010475 40.722369, -74.010468 40.722415, -74.010461 40.722461, -74.010456 40.722492, -74.010452 40.722514, -74.010443 40.722566, -74.010433 40.722618, -74.010424 40.722671, -74.010415 40.722723, -74.010409 40.722756, -74.010407 40.722769, -74.010406 40.722771, -74.010406 40.722772, -74.010406 40.722773, -74.010406 40.722774, -74.010405 40.722775, -74.010405 40.722776, -74.010405 40.722777, -74.010404 40.722778, -74.010404 40.722779, -74.010403 40.722779, -74.010403 40.72278, -74.010403 40.72278, -74.010402 40.722781, -74.010401 40.722782, -74.010401 40.722783, -74.0104 40.722783, -74.010399 40.722784, -74.010398 40.722785, -74.010398 40.722786, -74.010397 40.722786, -74.010396 40.722787, -74.010395 40.722788, -74.010394 40.722788, -74.010393 40.722789, -74.010392 40.72279, -74.010391 40.72279, -74.01039 40.722791, -74.010389 40.722791, -74.010388 40.722792, -74.010387 40.722792, -74.010386 40.722792, -74.010385 40.722793, -74.010383 40.722793, -74.010382 40.722793, -74.010381 40.722794, -74.01038 40.722794, -74.010379 40.722794, -74.010377 40.722794, -74.010376 40.722795, -74.010375 40.722795, -74.010374 40.722795, -74.010372 40.722795, -74.010371 40.722795, -74.01037 40.722795, -74.010369 40.722795, -74.010367 40.722795, -74.010366 40.722795, -74.010363 40.722794, -74.010355 40.722793, -74.010336 40.722792, -74.010297 40.722788, -74.01023 40.722781, -74.010164 40.722775, -74.010098 40.722768, -74.010029 40.722761, -74.00996 40.722755, -74.009891 40.722748, -74.009822 40.722741, -74.009805 40.722739, -74.009781 40.722737, -74.009758 40.722735, -74.009754 40.722734, -74.009753 40.722734, -74.009752 40.722734, -74.009751 40.722734, -74.00975 40.722734, -74.009749 40.722733, -74.009748 40.722733, -74.009747 40.722733, -74.009746 40.722733, -74.009745 40.722732, -74.009744 40.722732, -74.009743 40.722732, -74.009742 40.722731, -74.009741 40.722731, -74.009741 40.722731, -74.00974 40.72273, -74.00974 40.72273, -74.009739 40.722729, -74.009738 40.722729, -74.009737 40.722728, -74.009737 40.722728, -74.009736 40.722728, -74.009736 40.722727, -74.009735 40.722727, -74.009734 40.722726, -74.009734 40.722725, -74.009733 40.722725, -74.009733 40.722724, -74.009732 40.722724, -74.009732 40.722723, -74.009731 40.722722, -74.009731 40.722721, -74.00973 40.722721, -74.00973 40.72272, -74.009729 40.722719, -74.009729 40.722718, -74.009729 40.722718, -74.009729 40.722717, -74.009728 40.722716, -74.009728 40.722715, -74.009728 40.722715, -74.009728 40.722714, -74.009728 40.722713, -74.009728 40.722712, -74.009728 40.722712, -74.009728 40.722711, -74.009728 40.72271, -74.009728 40.722709, -74.009728 40.722709, -74.009729 40.722706, -74.009731 40.722692, -74.009736 40.722657, -74.009744 40.722605, -74.009752 40.722553, -74.009761 40.722507, -74.009764 40.722492, -74.009769 40.722462, -74.009778 40.722417, -74.009786 40.722371, -74.009794 40.722326, -74.009802 40.722284, -74.009811 40.722242, -74.009817 40.722208, -74.009819 40.7222, -74.009819 40.722196, -74.009819 40.722196, -74.00982 40.722193, -74.009823 40.722191, -74.009825 40.722189, -74.009829 40.722187, -74.009832 40.722186, -74.009836 40.722185, -74.009839 40.722185, -74.009841 40.722185, -74.00986 40.722187, -74.010146 40.722213, -74.010317 40.72223, -74.010393 40.722237, -74.010455 40.722242))"^^<http://www.opengis.net/ont/geosparql#wktLiteral> .
<https://w3id.org/rtskg/new_york_city/instance/block_18042> <https://w3id.org/rtskg/ontology/objectproperty/block_intersects_station_area> <https://w3id.org/rtskg/new_york_city/instance/station_area_339> .
<https://w3id.org/rtskg/new_york_city/instance/block_18042> <https://w3id.org/rtskg/ontology/objectproperty/block_intersects_station_area> <https://w3id.org/rtskg/new_york_city/instance/station_area_340> .
<https://w3id.org/rtskg/new_york_city/instance/block_18042> <https://w3id.org/rtskg/ontology/objectproperty/block_intersects_station_area> <https://w3id.org/rtskg/new_york_city/instance/station_area_353> .
<https://w3id.org/rtskg/new_york_city/instance/block_18042> <https://w3id.org/rtskg/ontology/objectproperty/block_intersects_station_area> <https://w3id.org/rtskg/new_york_city/instance/station_area_443> .
<https://w3id.org/rtskg/new_york_city/instance/block_18042> <https://w3id.org/rtskg/ontology/objectproperty/block_intersects_station_area> <https://w3id.org/rtskg/new_york_city/instance/station_area_444> .
<https://w3id.org/rtskg/new_york_city/instance/block_18042> <https://w3id.org/rtskg/ontology/objectproperty/block_intersects_station_area> <https://w3id.org/rtskg/new_york_city/instance/station_area_483> .
<https://w3id.org/rtskg/new_york_city/instance/block_18042> <https://w3id.org/rtskg/ontology/objectproperty/block_intersects_station_area> <https://w3id.org/rtskg/new_york_city/instance/station_area_671> .
<https://w3id.org/rtskg/new_york_city/instance/block_18042> <https://w3id.org/rtskg/ontology/objectproperty/block_locates_at_borough> <https://w3id.org/rtskg/new_york_city/instance/borough_1> .
<https://w3id.org/rtskg/new_york_city/instance/block_18042> <https://w3id.org/rtskg/ontology/objectproperty/block_locates_at_functional_area> <https://w3id.org/rtskg/new_york_city/instance/functional_area_231> .
