<https://w3id.org/rtskg/new_york_city/instance/block_18370> <http://www.w3.org/1999/02/22-rdf-syntax-ns#type> <https://w3id.org/rtskg/ontology/class/block> .
<https://w3id.org/rtskg/new_york_city/instance/block_18370> <https://w3id.org/rtskg/ontology/dataproperty/geometry> "POLYGON ((-74.006396 40.737591, -74.0064 40.737592, -74.006403 40.737594, -74.006405 40.737594, -74.006409 40.737597, -74.006412 40.7376, -74.006413 40.737601, -74.006415 40.737603, -74.006417 40.737605, -74.006417 40.737606, -74.006418 40.737609, -74.006419 40.73761, -74.006419 40.737614, -74.006419 40.737618, -74.00642 40.737618, -74.00642 40.737619, -74.00642 40.737619, -74.00642 40.73762, -74.00642 40.73762, -74.00642 40.737621, -74.00642 40.737622, -74.00642 40.737627, -74.006421 40.737663, -74.006419 40.737714, -74.006418 40.737765, -74.006417 40.737816, -74.006416 40.737868, -74.006414 40.737919, -74.006413 40.73797, -74.006412 40.738021, -74.006411 40.738063, -74.006411 40.738082, -74.006411 40.738088, -74.006411 40.738088, -74.006411 40.738088, -74.006411 40.738089, -74.006411 40.73809, -74.006411 40.738091, -74.006411 40.738092, -74.006411 40.738092, -74.00641 40.738093, -74.00641 40.738094, -74.006409 40.738095, -74.006409 40.738096, -74.006408 40.738097, -74.006408 40.738098, -74.006407 40.738099, -74.006406 40.7381, -74.006405 40.738101, -74.006404 40.738102, -74.006403 40.738102, -74.006402 40.738103, -74.006401 40.738104, -74.006401 40.738104, -74.0064 40.738104, -74.006399 40.738105, -74.006398 40.738105, -74.006398 40.738105, -74.006397 40.738106, -74.006395 40.738106, -74.006394 40.738107, -74.006393 40.738107, -74.006391 40.738107, -74.00639 40.738108, -74.006389 40.738108, -74.006387 40.738108, -74.006386 40.738108, -74.006384 40.738108, -74.006384 40.738108, -74.006065 40.738106, -74.005887 40.738105, -74.005818 40.738106, -74.005754 40.738107, -74.005748 40.738107, -74.005718 40.738105, -74.005717 40.738105, -74.005716 40.738105, -74.005716 40.738104, -74.005715 40.738104, -74.005714 40.738104, -74.005713 40.738104, -74.005712 40.738104, -74.005711 40.738103, -74.00571 40.738103, -74.005709 40.738103, -74.005708 40.738102, -74.005707 40.738102, -74.005707 40.738102, -74.005706 40.738101, -74.005705 40.738101, -74.005705 40.738101, -74.005704 40.738101, -74.005703 40.7381, -74.005703 40.7381, -74.005702 40.738099, -74.005701 40.738099, -74.0057 40.738098, -74.0057 40.738097, -74.005699 40.738097, -74.005699 40.738096, -74.005698 40.738096, -74.005697 40.738095, -74.005697 40.738094, -74.005696 40.738094, -74.005696 40.738093, -74.005696 40.738093, -74.005695 40.738092, -74.005695 40.738091, -74.005694 40.73809, -74.005694 40.73809, -74.005694 40.738089, -74.005694 40.738089, -74.005694 40.738088, -74.005693 40.738088, -74.005693 40.738087, -74.005693 40.738086, -74.005693 40.738085, -74.005693 40.738085, -74.005693 40.738084, -74.005693 40.738083, -74.005693 40.738083, -74.005693 40.738082, -74.005693 40.738081, -74.005701 40.738028, -74.005709 40.737974, -74.005718 40.73792, -74.005726 40.737867, -74.005735 40.737814, -74.005743 40.737761, -74.005752 40.737708, -74.005757 40.737668, -74.005759 40.737651, -74.005762 40.737632, -74.005762 40.73763, -74.005762 40.737629, -74.005763 40.737628, -74.005763 40.737627, -74.005763 40.737626, -74.005764 40.73762, -74.005766 40.737615, -74.005768 40.73761, -74.005771 40.737605, -74.005775 40.737601, -74.005775 40.7376, -74.005777 40.737599, -74.00578 40.737596, -74.005782 40.737594, -74.005785 40.737592, -74.00579 40.737589, -74.005791 40.737589, -74.005797 40.737586, -74.005797 40.737586, -74.006386 40.737589, -74.006387 40.737589, -74.006391 40.73759, -74.006396 40.737591))"^^<http://www.opengis.net/ont/geosparql#wktLiteral> .
<https://w3id.org/rtskg/new_york_city/instance/block_18370> <https://w3id.org/rtskg/ontology/objectproperty/block_intersects_station_area> <https://w3id.org/rtskg/new_york_city/instance/station_area_29> .
<https://w3id.org/rtskg/new_york_city/instance/block_18370> <https://w3id.org/rtskg/ontology/objectproperty/block_intersects_station_area> <https://w3id.org/rtskg/new_york_city/instance/station_area_30> .
<https://w3id.org/rtskg/new_york_city/instance/block_18370> <https://w3id.org/rtskg/ontology/objectproperty/block_intersects_station_area> <https://w3id.org/rtskg/new_york_city/instance/station_area_31> .
<https://w3id.org/rtskg/new_york_city/instance/block_18370> <https://w3id.org/rtskg/ontology/objectproperty/block_intersects_station_area> <https://w3id.org/rtskg/new_york_city/instance/station_area_32> .
<https://w3id.org/rtskg/new_york_city/instance/block_18370> <https://w3id.org/rtskg/ontology/objectproperty/block_intersects_station_area> <https://w3id.org/rtskg/new_york_city/instance/station_area_359> .
<https://w3id.org/rtskg/new_york_city/instance/block_18370> <https://w3id.org/rtskg/ontology/objectproperty/block_intersects_station_area> <https://w3id.org/rtskg/new_york_city/instance/station_area_711> .
<https://w3id.org/rtskg/new_york_city/instance/block_18370> <https://w3id.org/rtskg/ontology/objectproperty/block_locates_at_borough> <https://w3id.org/rtskg/new_york_city/instance/borough_1> .
<https://w3id.org/rtskg/new_york_city/instance/block_18370> <https://w3id.org/rtskg/ontology/objectproperty/block_locates_at_functional_area> <https://w3id.org/rtskg/new_york_city/instance/functional_area_158> .
