<https://w3id.org/rtskg/new_york_city/instance/block_19599> <http://www.w3.org/1999/02/22-rdf-syntax-ns#type> <https://w3id.org/rtskg/ontology/class/block> .
<https://w3id.org/rtskg/new_york_city/instance/block_19599> <https://w3id.org/rtskg/ontology/dataproperty/geometry> "POLYGON ((-73.989668 40.700671, -73.989667 40.700672, -73.989667 40.700673, -73.989666 40.700673, -73.989665 40.700674, -73.989664 40.700675, -73.989663 40.700676, -73.989662 40.700677, -73.989661 40.700678, -73.98966 40.700679, -73.989658 40.70068, -73.989657 40.70068, -73.989656 40.700681, -73.989654 40.700682, -73.989653 40.700682, -73.989653 40.700683, -73.989652 40.700683, -73.98965 40.700684, -73.989649 40.700684, -73.989647 40.700685, -73.989646 40.700685, -73.989644 40.700686, -73.989642 40.700686, -73.989641 40.700686, -73.989639 40.700687, -73.989638 40.700687, -73.989636 40.700687, -73.989636 40.700687, -73.989634 40.700687, -73.989633 40.700688, -73.989631 40.700688, -73.989629 40.700688, -73.989628 40.700688, -73.989626 40.700688, -73.989596 40.700687, -73.989557 40.700685, -73.989489 40.700683, -73.989421 40.700681, -73.989353 40.700678, -73.989286 40.700676, -73.989249 40.700675, -73.989218 40.700674, -73.989156 40.700672, -73.989094 40.70067, -73.989032 40.700668, -73.988971 40.700666, -73.988909 40.700664, -73.988864 40.700663, -73.988856 40.700662, -73.988858 40.700649, -73.988861 40.700635, -73.988862 40.700632, -73.988865 40.700622, -73.988865 40.700622, -73.988865 40.700621, -73.988865 40.70062, -73.988865 40.70062, -73.988865 40.700619, -73.988865 40.700619, -73.988865 40.700618, -73.988865 40.700618, -73.988865 40.700618, -73.988866 40.700617, -73.988866 40.700616, -73.988866 40.700613, -73.988868 40.700604, -73.988874 40.700587, -73.988877 40.700578, -73.98888 40.70057, -73.988884 40.700561, -73.988889 40.700553, -73.988893 40.700545, -73.988898 40.700537, -73.988904 40.700529, -73.988909 40.700521, -73.988916 40.700514, -73.988921 40.700508, -73.988926 40.700502, -73.988931 40.700497, -73.988937 40.700492, -73.988943 40.700486, -73.988945 40.700485, -73.988949 40.700481, -73.988956 40.700476, -73.988963 40.700472, -73.98897 40.700467, -73.988977 40.700463, -73.988984 40.700459, -73.988992 40.700455, -73.988999 40.700451, -73.989007 40.700448, -73.989015 40.700444, -73.989023 40.700441, -73.989031 40.700438, -73.98904 40.700436, -73.989048 40.700433, -73.989057 40.700431, -73.989066 40.700429, -73.98908 40.700426, -73.989095 40.700424, -73.989109 40.700422, -73.989124 40.70042, -73.989139 40.700418, -73.989153 40.700417, -73.989168 40.700417, -73.989183 40.700416, -73.989198 40.700416, -73.989213 40.700417, -73.989238 40.700418, -73.989259 40.70042, -73.989272 40.700421, -73.989286 40.700423, -73.989299 40.700425, -73.989312 40.700428, -73.989325 40.700431, -73.989338 40.700435, -73.98935 40.700439, -73.989362 40.700444, -73.989374 40.70045, -73.989409 40.700468, -73.989449 40.700487, -73.989498 40.70051, -73.989544 40.700535, -73.989588 40.700557, -73.98961 40.700568, -73.989635 40.700582, -73.989678 40.700606, -73.989678 40.700616, -73.989676 40.700646, -73.989676 40.700653, -73.989676 40.700655, -73.989675 40.700656, -73.989675 40.700657, -73.989675 40.700658, -73.989675 40.700659, -73.989675 40.70066, -73.989674 40.700661, -73.989674 40.700662, -73.989673 40.700663, -73.989673 40.700664, -73.989672 40.700666, -73.989671 40.700667, -73.989671 40.700668, -73.98967 40.700669, -73.989669 40.70067, -73.989668 40.700671))"^^<http://www.opengis.net/ont/geosparql#wktLiteral> .
<https://w3id.org/rtskg/new_york_city/instance/block_19599> <https://w3id.org/rtskg/ontology/objectproperty/block_intersects_station_area> <https://w3id.org/rtskg/new_york_city/instance/station_area_305> .
<https://w3id.org/rtskg/new_york_city/instance/block_19599> <https://w3id.org/rtskg/ontology/objectproperty/block_intersects_station_area> <https://w3id.org/rtskg/new_york_city/instance/station_area_365> .
<https://w3id.org/rtskg/new_york_city/instance/block_19599> <https://w3id.org/rtskg/ontology/objectproperty/block_intersects_station_area> <https://w3id.org/rtskg/new_york_city/instance/station_area_481> .
<https://w3id.org/rtskg/new_york_city/instance/block_19599> <https://w3id.org/rtskg/ontology/objectproperty/block_intersects_station_area> <https://w3id.org/rtskg/new_york_city/instance/station_area_482> .
<https://w3id.org/rtskg/new_york_city/instance/block_19599> <https://w3id.org/rtskg/ontology/objectproperty/block_intersects_station_area> <https://w3id.org/rtskg/new_york_city/instance/station_area_737> .
<https://w3id.org/rtskg/new_york_city/instance/block_19599> <https://w3id.org/rtskg/ontology/objectproperty/block_intersects_station_area> <https://w3id.org/rtskg/new_york_city/instance/station_area_738> .
<https://w3id.org/rtskg/new_york_city/instance/block_19599> <https://w3id.org/rtskg/ontology/objectproperty/block_locates_at_borough> <https://w3id.org/rtskg/new_york_city/instance/borough_3> .
<https://w3id.org/rtskg/new_york_city/instance/block_19599> <https://w3id.org/rtskg/ontology/objectproperty/block_locates_at_functional_area> <https://w3id.org/rtskg/new_york_city/instance/functional_area_65> .
