<https://w3id.org/rtskg/new_york_city/instance/block_44383> <http://www.w3.org/1999/02/22-rdf-syntax-ns#type> <https://w3id.org/rtskg/ontology/class/block> .
<https://w3id.org/rtskg/new_york_city/instance/block_44383> <https://w3id.org/rtskg/ontology/dataproperty/geometry> "POLYGON ((-73.942078 40.828729, -73.942081 40.828731, -73.942084 40.828733, -73.942087 40.828736, -73.942087 40.828736, -73.94209 40.828738, -73.942092 40.828741, -73.942094 40.828744, -73.942096 40.828747, -73.942097 40.82875, -73.942098 40.828753, -73.942098 40.828754, -73.942099 40.828757, -73.942096 40.828765, -73.942083 40.828797, -73.942012 40.828977, -73.941927 40.829192, -73.941877 40.82932, -73.941875 40.829322, -73.941875 40.829323, -73.941873 40.829325, -73.941871 40.829327, -73.94187 40.829328, -73.941869 40.829329, -73.941867 40.829331, -73.941864 40.829333, -73.941864 40.829333, -73.941861 40.829335, -73.941858 40.829336, -73.941855 40.829337, -73.941852 40.829338, -73.94185 40.829339, -73.941849 40.829339, -73.941845 40.82934, -73.941842 40.82934, -73.941838 40.82934, -73.941835 40.82934, -73.941831 40.82934, -73.941828 40.82934, -73.941824 40.829339, -73.941824 40.829339, -73.941821 40.829338, -73.9418 40.829329, -73.941788 40.829324, -73.941714 40.829292, -73.941631 40.829258, -73.941562 40.829228, -73.941493 40.829199, -73.941432 40.829173, -73.941356 40.829141, -73.941283 40.82911, -73.941238 40.829091, -73.941236 40.82909, -73.941235 40.82909, -73.941234 40.829089, -73.941233 40.829089, -73.941232 40.829088, -73.941231 40.829088, -73.94123 40.829087, -73.941229 40.829087, -73.941228 40.829086, -73.941227 40.829085, -73.941226 40.829085, -73.941225 40.829084, -73.941225 40.829084, -73.941224 40.829083, -73.941223 40.829083, -73.941223 40.829082, -73.941222 40.829081, -73.941221 40.82908, -73.941221 40.829079, -73.94122 40.829079, -73.94122 40.829078, -73.941219 40.829077, -73.941218 40.829076, -73.941218 40.829075, -73.941218 40.829074, -73.941217 40.829073, -73.941217 40.829072, -73.941217 40.829071, -73.941216 40.829071, -73.941216 40.82907, -73.941216 40.829069, -73.941216 40.829068, -73.941216 40.829067, -73.941216 40.829066, -73.941216 40.829065, -73.941216 40.829064, -73.941216 40.829063, -73.941216 40.829062, -73.941216 40.829061, -73.941217 40.82906, -73.941217 40.829059, -73.941217 40.829058, -73.941217 40.829057, -73.941218 40.829057, -73.941218 40.829057, -73.941218 40.829056, -73.941219 40.829055, -73.941219 40.829054, -73.94122 40.829053, -73.94122 40.829052, -73.941226 40.829045, -73.941251 40.82901, -73.941253 40.829008, -73.941281 40.828969, -73.94131 40.82893, -73.941312 40.828927, -73.941338 40.828891, -73.941369 40.828849, -73.9414 40.828807, -73.941431 40.828765, -73.941462 40.828722, -73.941495 40.828678, -73.941525 40.828638, -73.941528 40.828635, -73.941561 40.828591, -73.941594 40.828547, -73.941594 40.828546, -73.941595 40.828545, -73.941596 40.828544, -73.941597 40.828543, -73.941598 40.828542, -73.941599 40.828541, -73.9416 40.828541, -73.941601 40.82854, -73.941601 40.82854, -73.941602 40.828539, -73.941603 40.828538, -73.941604 40.828538, -73.941605 40.828537, -73.941606 40.828537, -73.941608 40.828536, -73.941609 40.828535, -73.94161 40.828535, -73.941611 40.828534, -73.941613 40.828534, -73.941614 40.828534, -73.941615 40.828533, -73.941617 40.828533, -73.941618 40.828532, -73.941619 40.828532, -73.94162 40.828532, -73.941621 40.828532, -73.941622 40.828532, -73.941624 40.828532, -73.941625 40.828531, -73.941627 40.828531, -73.941628 40.828531, -73.941629 40.828531, -73.941631 40.828531, -73.941632 40.828531, -73.941634 40.828531, -73.941635 40.828532, -73.941637 40.828532, -73.941638 40.828532, -73.941639 40.828532, -73.941641 40.828532, -73.941642 40.828533, -73.941643 40.828533, -73.941645 40.828534, -73.941646 40.828534, -73.941647 40.828534, -73.941649 40.828535, -73.94165 40.828535, -73.941651 40.828536, -73.941675 40.828547, -73.941704 40.82856, -73.941708 40.828562, -73.941765 40.828588, -73.941775 40.828593, -73.941819 40.828613, -73.941844 40.828624, -73.941874 40.828637, -73.94191 40.828653, -73.941929 40.828662, -73.941971 40.828681, -73.941983 40.828686, -73.942034 40.828709, -73.942038 40.828711, -73.942046 40.828714, -73.942074 40.828727, -73.942074 40.828727, -73.942078 40.828729))"^^<http://www.opengis.net/ont/geosparql#wktLiteral> .
<https://w3id.org/rtskg/new_york_city/instance/block_44383> <https://w3id.org/rtskg/ontology/objectproperty/block_intersects_station_area> <https://w3id.org/rtskg/new_york_city/instance/station_area_33> .
<https://w3id.org/rtskg/new_york_city/instance/block_44383> <https://w3id.org/rtskg/ontology/objectproperty/block_intersects_station_area> <https://w3id.org/rtskg/new_york_city/instance/station_area_34> .
<https://w3id.org/rtskg/new_york_city/instance/block_44383> <https://w3id.org/rtskg/ontology/objectproperty/block_intersects_station_area> <https://w3id.org/rtskg/new_york_city/instance/station_area_39> .
<https://w3id.org/rtskg/new_york_city/instance/block_44383> <https://w3id.org/rtskg/ontology/objectproperty/block_intersects_station_area> <https://w3id.org/rtskg/new_york_city/instance/station_area_40> .
<https://w3id.org/rtskg/new_york_city/instance/block_44383> <https://w3id.org/rtskg/ontology/objectproperty/block_intersects_station_area> <https://w3id.org/rtskg/new_york_city/instance/station_area_41> .
<https://w3id.org/rtskg/new_york_city/instance/block_44383> <https://w3id.org/rtskg/ontology/objectproperty/block_intersects_station_area> <https://w3id.org/rtskg/new_york_city/instance/station_area_45> .
<https://w3id.org/rtskg/new_york_city/instance/block_44383> <https://w3id.org/rtskg/ontology/objectproperty/block_locates_at_borough> <https://w3id.org/rtskg/new_york_city/instance/borough_1> .
<https://w3id.org/rtskg/new_york_city/instance/block_44383> <https://w3id.org/rtskg/ontology/objectproperty/block_locates_at_functional_area> <https://w3id.org/rtskg/new_york_city/instance/functional_area_116> .
