<https://w3id.org/rtskg/new_york_city/instance/block_37932> <http://www.w3.org/1999/02/22-rdf-syntax-ns#type> <https://w3id.org/rtskg/ontology/class/block> .
<https://w3id.org/rtskg/new_york_city/instance/block_37932> <https://w3id.org/rtskg/ontology/dataproperty/geometry> "POLYGON ((-73.915142 40.841844, -73.915114 40.841832, -73.915079 40.841815, -73.915045 40.841802, -73.915013 40.84179, -73.914974 40.841775, -73.914914 40.841751, -73.914936 40.84172, -73.915 40.84163, -73.915082 40.841515, -73.915271 40.841254, -73.915286 40.841233, -73.915292 40.841225, -73.915302 40.841211, -73.915307 40.841204, -73.915327 40.841176, -73.915434 40.841026, -73.915543 40.840872, -73.915571 40.84084, -73.915597 40.840851, -73.915619 40.84086, -73.915655 40.840875, -73.915713 40.840899, -73.915714 40.8409, -73.915771 40.840923, -73.915818 40.840943, -73.915828 40.840947, -73.915886 40.840971, -73.915888 40.840972, -73.915889 40.840972, -73.91589 40.840973, -73.915892 40.840974, -73.915892 40.840974, -73.915893 40.840974, -73.915894 40.840975, -73.915896 40.840976, -73.915897 40.840977, -73.915898 40.840978, -73.915899 40.840978, -73.9159 40.840979, -73.915901 40.84098, -73.915903 40.840981, -73.915903 40.840982, -73.915904 40.840982, -73.915904 40.840983, -73.915905 40.840984, -73.915906 40.840985, -73.915907 40.840986, -73.915908 40.840987, -73.915908 40.840989, -73.915909 40.84099, -73.91591 40.840991, -73.91591 40.840992, -73.915911 40.840993, -73.915911 40.840994, -73.915911 40.840994, -73.915912 40.840996, -73.915912 40.840997, -73.915912 40.840998, -73.915912 40.840999, -73.915913 40.841, -73.915913 40.841002, -73.915913 40.841003, -73.915913 40.841004, -73.915913 40.841005, -73.915913 40.841006, -73.915913 40.841007, -73.915912 40.841008, -73.915912 40.841009, -73.915912 40.84101, -73.915912 40.841012, -73.915911 40.841013, -73.915911 40.841014, -73.91591 40.841015, -73.91591 40.841016, -73.915909 40.841017, -73.915909 40.841018, -73.915909 40.841019, -73.915908 40.84102, -73.915907 40.841021, -73.915906 40.841022, -73.915905 40.841023, -73.915905 40.841024, -73.915904 40.841025, -73.915889 40.841046, -73.915872 40.84107, -73.91584 40.841114, -73.915808 40.841159, -73.915777 40.841204, -73.915745 40.841248, -73.915713 40.841293, -73.915679 40.841341, -73.915644 40.84139, -73.91561 40.841438, -73.915575 40.841486, -73.915541 40.841534, -73.915506 40.841583, -73.915472 40.841631, -73.915437 40.841679, -73.915409 40.841719, -73.91538 40.841759, -73.915351 40.8418, -73.915323 40.84184, -73.915311 40.841856, -73.915299 40.841874, -73.915294 40.84188, -73.915294 40.841881, -73.915293 40.841882, -73.915292 40.841883, -73.915292 40.841883, -73.915291 40.841884, -73.91529 40.841885, -73.915289 40.841885, -73.915289 40.841885, -73.915289 40.841885, -73.915289 40.841886, -73.915288 40.841887, -73.915287 40.841887, -73.915286 40.841888, -73.915285 40.841889, -73.915284 40.841889, -73.915283 40.84189, -73.915282 40.84189, -73.915281 40.841891, -73.91528 40.841891, -73.915279 40.841892, -73.915278 40.841892, -73.915277 40.841892, -73.915276 40.841893, -73.915275 40.841893, -73.915274 40.841893, -73.915273 40.841894, -73.915271 40.841894, -73.91527 40.841894, -73.915269 40.841894, -73.915268 40.841894, -73.915267 40.841894, -73.915266 40.841894, -73.915265 40.841894, -73.915264 40.841894, -73.915263 40.841894, -73.915263 40.841894, -73.915262 40.841894, -73.915261 40.841894, -73.91526 40.841894, -73.915259 40.841894, -73.915257 40.841894, -73.915256 40.841894, -73.915255 40.841894, -73.915254 40.841893, -73.915253 40.841893, -73.915252 40.841893, -73.91525 40.841893, -73.915249 40.841892, -73.915248 40.841892, -73.915247 40.841891, -73.915246 40.841891, -73.915245 40.841891, -73.915244 40.84189, -73.915243 40.84189, -73.915242 40.841889, -73.915214 40.841878, -73.915186 40.841867, -73.915181 40.841865, -73.915142 40.841844))"^^<http://www.opengis.net/ont/geosparql#wktLiteral> .
<https://w3id.org/rtskg/new_york_city/instance/block_37932> <https://w3id.org/rtskg/ontology/objectproperty/block_intersects_station_area> <https://w3id.org/rtskg/new_york_city/instance/station_area_47> .
<https://w3id.org/rtskg/new_york_city/instance/block_37932> <https://w3id.org/rtskg/ontology/objectproperty/block_intersects_station_area> <https://w3id.org/rtskg/new_york_city/instance/station_area_53> .
<https://w3id.org/rtskg/new_york_city/instance/block_37932> <https://w3id.org/rtskg/ontology/objectproperty/block_intersects_station_area> <https://w3id.org/rtskg/new_york_city/instance/station_area_54> .
<https://w3id.org/rtskg/new_york_city/instance/block_37932> <https://w3id.org/rtskg/ontology/objectproperty/block_intersects_station_area> <https://w3id.org/rtskg/new_york_city/instance/station_area_573> .
<https://w3id.org/rtskg/new_york_city/instance/block_37932> <https://w3id.org/rtskg/ontology/objectproperty/block_intersects_station_area> <https://w3id.org/rtskg/new_york_city/instance/station_area_574> .
<https://w3id.org/rtskg/new_york_city/instance/block_37932> <https://w3id.org/rtskg/ontology/objectproperty/block_intersects_station_area> <https://w3id.org/rtskg/new_york_city/instance/station_area_57> .
<https://w3id.org/rtskg/new_york_city/instance/block_37932> <https://w3id.org/rtskg/ontology/objectproperty/block_locates_at_borough> <https://w3id.org/rtskg/new_york_city/instance/borough_2> .
<https://w3id.org/rtskg/new_york_city/instance/block_37932> <https://w3id.org/rtskg/ontology/objectproperty/block_locates_at_functional_area> <https://w3id.org/rtskg/new_york_city/instance/functional_area_247> .
