<https://w3id.org/rtskg/new_york_city/instance/block_19870> <http://www.w3.org/1999/02/22-rdf-syntax-ns#type> <https://w3id.org/rtskg/ontology/class/block> .
<https://w3id.org/rtskg/new_york_city/instance/block_19870> <https://w3id.org/rtskg/ontology/dataproperty/geometry> "POLYGON ((-73.956175 40.709502, -73.956202 40.709512, -73.956204 40.709513, -73.956211 40.709515, -73.956218 40.709518, -73.956226 40.709521, -73.956233 40.709523, -73.95624 40.709526, -73.956247 40.709528, -73.956254 40.709531, -73.956257 40.709532, -73.956246 40.709548, -73.956242 40.709555, -73.956233 40.709568, -73.956209 40.709606, -73.956205 40.709612, -73.956177 40.709656, -73.95615 40.7097, -73.956124 40.709739, -73.956098 40.709777, -73.95609 40.709788, -73.956072 40.709815, -73.956046 40.709854, -73.956019 40.709899, -73.955991 40.709944, -73.955963 40.709989, -73.955942 40.710023, -73.955939 40.710028, -73.955936 40.710032, -73.955933 40.710038, -73.955923 40.710054, -73.955917 40.710051, -73.955908 40.710048, -73.955907 40.710048, -73.955899 40.710045, -73.955899 40.710045, -73.955894 40.710043, -73.955891 40.710042, -73.955891 40.710042, -73.955883 40.710039, -73.955883 40.710039, -73.955876 40.710036, -73.955876 40.710036, -73.955868 40.710034, -73.955868 40.710033, -73.95586 40.710031, -73.95586 40.710031, -73.955854 40.710029, -73.955845 40.710025, -73.955823 40.710017, -73.955794 40.710007, -73.955774 40.709999, -73.955735 40.709985, -73.955675 40.709963, -73.955674 40.709962, -73.955643 40.709951, -73.955622 40.709943, -73.955614 40.70994, -73.955613 40.70994, -73.955611 40.709939, -73.95561 40.709939, -73.955609 40.709938, -73.955607 40.709937, -73.955606 40.709937, -73.955605 40.709936, -73.955604 40.709935, -73.955603 40.709935, -73.955603 40.709934, -73.955602 40.709934, -73.9556 40.709933, -73.955599 40.709932, -73.955598 40.709931, -73.955598 40.70993, -73.955597 40.709929, -73.955596 40.709928, -73.955595 40.709927, -73.955594 40.709926, -73.955594 40.709925, -73.955593 40.709924, -73.955592 40.709923, -73.955592 40.709922, -73.955591 40.709921, -73.955591 40.70992, -73.95559 40.709919, -73.95559 40.709917, -73.95559 40.709916, -73.955589 40.709915, -73.955589 40.709914, -73.955589 40.709913, -73.955589 40.709912, -73.955589 40.709911, -73.955589 40.70991, -73.955589 40.709909, -73.955589 40.709908, -73.955589 40.709907, -73.955589 40.709906, -73.955589 40.709905, -73.95559 40.709904, -73.95559 40.709902, -73.95559 40.709901, -73.955591 40.7099, -73.955591 40.709899, -73.955592 40.709898, -73.955592 40.709898, -73.955592 40.709897, -73.955593 40.709896, -73.955609 40.70987, -73.955621 40.709852, -73.95565 40.709805, -73.955679 40.709758, -73.955709 40.709711, -73.955738 40.709664, -73.955767 40.709617, -73.955787 40.709585, -73.955797 40.70957, -73.955826 40.709523, -73.955855 40.709476, -73.955866 40.70946, -73.955876 40.709443, -73.955886 40.709427, -73.955886 40.709427, -73.955886 40.709427, -73.955887 40.709426, -73.955887 40.709425, -73.955888 40.709424, -73.955889 40.709423, -73.95589 40.709423, -73.95589 40.709422, -73.955891 40.709421, -73.955892 40.70942, -73.955893 40.70942, -73.955894 40.709419, -73.955895 40.709418, -73.955896 40.709418, -73.955897 40.709417, -73.955898 40.709417, -73.955899 40.709416, -73.9559 40.709416, -73.955901 40.709415, -73.955902 40.709415, -73.955903 40.709414, -73.955904 40.709414, -73.955905 40.709414, -73.955906 40.709413, -73.955908 40.709413, -73.955909 40.709413, -73.95591 40.709413, -73.955911 40.709412, -73.955912 40.709412, -73.955914 40.709412, -73.955915 40.709412, -73.955916 40.709412, -73.955917 40.709412, -73.955918 40.709412, -73.955919 40.709412, -73.955919 40.709412, -73.95592 40.709412, -73.955921 40.709412, -73.955922 40.709412, -73.955924 40.709412, -73.955925 40.709412, -73.955926 40.709413, -73.955927 40.709413, -73.955928 40.709413, -73.95593 40.709413, -73.955931 40.709414, -73.955932 40.709414, -73.955933 40.709415, -73.955937 40.709416, -73.955983 40.709433, -73.955983 40.709433, -73.956037 40.709452, -73.956085 40.70947, -73.956091 40.709472, -73.956145 40.709492, -73.956175 40.709502))"^^<http://www.opengis.net/ont/geosparql#wktLiteral> .
<https://w3id.org/rtskg/new_york_city/instance/block_19870> <https://w3id.org/rtskg/ontology/objectproperty/block_intersects_station_area> <https://w3id.org/rtskg/new_york_city/instance/station_area_323> .
<https://w3id.org/rtskg/new_york_city/instance/block_19870> <https://w3id.org/rtskg/ontology/objectproperty/block_intersects_station_area> <https://w3id.org/rtskg/new_york_city/instance/station_area_479> .
<https://w3id.org/rtskg/new_york_city/instance/block_19870> <https://w3id.org/rtskg/ontology/objectproperty/block_intersects_station_area> <https://w3id.org/rtskg/new_york_city/instance/station_area_480> .
<https://w3id.org/rtskg/new_york_city/instance/block_19870> <https://w3id.org/rtskg/ontology/objectproperty/block_intersects_station_area> <https://w3id.org/rtskg/new_york_city/instance/station_area_553> .
<https://w3id.org/rtskg/new_york_city/instance/block_19870> <https://w3id.org/rtskg/ontology/objectproperty/block_intersects_station_area> <https://w3id.org/rtskg/new_york_city/instance/station_area_554> .
<https://w3id.org/rtskg/new_york_city/instance/block_19870> <https://w3id.org/rtskg/ontology/objectproperty/block_intersects_station_area> <https://w3id.org/rtskg/new_york_city/instance/station_area_555> .
<https://w3id.org/rtskg/new_york_city/instance/block_19870> <https://w3id.org/rtskg/ontology/objectproperty/block_locates_at_borough> <https://w3id.org/rtskg/new_york_city/instance/borough_3> .
<https://w3id.org/rtskg/new_york_city/instance/block_19870> <https://w3id.org/rtskg/ontology/objectproperty/block_locates_at_functional_area> <https://w3id.org/rtskg/new_york_city/instance/functional_area_256> .
