<https://w3id.org/rtskg/new_york_city/instance/block_18204> <http://www.w3.org/1999/02/22-rdf-syntax-ns#type> <https://w3id.org/rtskg/ontology/class/block> .
<https://w3id.org/rtskg/new_york_city/instance/block_18204> <https://w3id.org/rtskg/ontology/dataproperty/geometry> "POLYGON ((-74.008553 40.728743, -74.008545 40.728792, -74.008545 40.728794, -74.008542 40.728813, -74.008541 40.728818, -74.00854 40.728823, -74.008538 40.728828, -74.008538 40.728829, -74.008536 40.728833, -74.008533 40.728838, -74.008532 40.728838, -74.008529 40.728842, -74.008524 40.728846, -74.008519 40.728849, -74.008513 40.728852, -74.008511 40.728852, -74.008507 40.728854, -74.0085 40.728856, -74.008497 40.728856, -74.008494 40.728857, -74.008454 40.728854, -74.008449 40.728854, -74.008378 40.728847, -74.008309 40.72884, -74.008306 40.72884, -74.008287 40.728838, -74.008234 40.728833, -74.008232 40.728833, -74.008163 40.728826, -74.008091 40.72882, -74.00802 40.728813, -74.007948 40.728806, -74.007877 40.728799, -74.007805 40.728792, -74.007734 40.728786, -74.007662 40.728779, -74.00759 40.728772, -74.007519 40.728765, -74.007447 40.728758, -74.007376 40.728752, -74.007373 40.728751, -74.007304 40.728745, -74.007263 40.728741, -74.007235 40.728738, -74.007233 40.728738, -74.007232 40.728738, -74.007231 40.728737, -74.007229 40.728737, -74.007229 40.728737, -74.007228 40.728737, -74.007227 40.728737, -74.007225 40.728736, -74.007224 40.728736, -74.007207 40.728731, -74.007205 40.72873, -74.007202 40.728729, -74.0072 40.728729, -74.007196 40.728727, -74.007192 40.728724, -74.007187 40.728721, -74.007185 40.728719, -74.007182 40.728716, -74.007179 40.728712, -74.007179 40.728712, -74.007178 40.72871, -74.007177 40.728707, -74.007176 40.728696, -74.007176 40.728693, -74.007262 40.728161, -74.007263 40.728149, -74.007265 40.72814, -74.007265 40.728139, -74.007267 40.728133, -74.007269 40.728128, -74.007271 40.728126, -74.007272 40.728125, -74.007276 40.72812, -74.007278 40.728119, -74.007281 40.728115, -74.007285 40.728112, -74.007287 40.728111, -74.00729 40.72811, -74.007293 40.72811, -74.007296 40.728109, -74.007297 40.728109, -74.007305 40.728109, -74.00732 40.72811, -74.007327 40.72811, -74.007328 40.72811, -74.00733 40.72811, -74.007332 40.72811, -74.007341 40.728111, -74.00736 40.728113, -74.007396 40.728117, -74.007463 40.728123, -74.007531 40.72813, -74.007599 40.728136, -74.007666 40.728143, -74.007702 40.728146, -74.007734 40.728149, -74.007802 40.728156, -74.007869 40.728162, -74.007937 40.728169, -74.008005 40.728175, -74.008072 40.728182, -74.008102 40.728185, -74.00814 40.728188, -74.008208 40.728195, -74.008226 40.728196, -74.008237 40.728197, -74.008275 40.728201, -74.008343 40.728208, -74.008358 40.728209, -74.008403 40.728213, -74.008405 40.728213, -74.008463 40.728218, -74.008522 40.728223, -74.008554 40.728226, -74.008586 40.728229, -74.008588 40.728229, -74.00859 40.728229, -74.008591 40.728229, -74.008593 40.72823, -74.008594 40.72823, -74.008595 40.72823, -74.008596 40.72823, -74.008598 40.728231, -74.0086 40.728231, -74.008601 40.728232, -74.008603 40.728232, -74.008604 40.728233, -74.008606 40.728233, -74.008607 40.728234, -74.008609 40.728235, -74.00861 40.728236, -74.008611 40.728236, -74.008613 40.728237, -74.008613 40.728237, -74.008614 40.728238, -74.008615 40.728239, -74.008616 40.72824, -74.008618 40.728241, -74.008619 40.728242, -74.00862 40.728243, -74.008621 40.728244, -74.008622 40.728245, -74.008623 40.728246, -74.008624 40.728247, -74.008625 40.728248, -74.008625 40.728249, -74.008626 40.728251, -74.008627 40.728252, -74.008627 40.728253, -74.008628 40.728254, -74.008628 40.728255, -74.008629 40.728257, -74.008629 40.728258, -74.00863 40.728259, -74.00863 40.72826, -74.00863 40.728262, -74.00863 40.728263, -74.00863 40.728264, -74.008631 40.728266, -74.008631 40.728267, -74.00863 40.728268, -74.00863 40.72827, -74.00863 40.728271, -74.008626 40.728295, -74.008624 40.728308, -74.008617 40.728349, -74.008609 40.728399, -74.008608 40.728403, -74.008601 40.728448, -74.008593 40.728497, -74.008585 40.728546, -74.008577 40.728595, -74.00857 40.728638, -74.008569 40.728645, -74.008561 40.728694, -74.008553 40.728743))"^^<http://www.opengis.net/ont/geosparql#wktLiteral> .
<https://w3id.org/rtskg/new_york_city/instance/block_18204> <https://w3id.org/rtskg/ontology/objectproperty/block_intersects_station_area> <https://w3id.org/rtskg/new_york_city/instance/station_area_339> .
<https://w3id.org/rtskg/new_york_city/instance/block_18204> <https://w3id.org/rtskg/ontology/objectproperty/block_intersects_station_area> <https://w3id.org/rtskg/new_york_city/instance/station_area_359> .
<https://w3id.org/rtskg/new_york_city/instance/block_18204> <https://w3id.org/rtskg/ontology/objectproperty/block_intersects_station_area> <https://w3id.org/rtskg/new_york_city/instance/station_area_483> .
<https://w3id.org/rtskg/new_york_city/instance/block_18204> <https://w3id.org/rtskg/ontology/objectproperty/block_intersects_station_area> <https://w3id.org/rtskg/new_york_city/instance/station_area_484> .
<https://w3id.org/rtskg/new_york_city/instance/block_18204> <https://w3id.org/rtskg/ontology/objectproperty/block_intersects_station_area> <https://w3id.org/rtskg/new_york_city/instance/station_area_671> .
<https://w3id.org/rtskg/new_york_city/instance/block_18204> <https://w3id.org/rtskg/ontology/objectproperty/block_intersects_station_area> <https://w3id.org/rtskg/new_york_city/instance/station_area_672> .
<https://w3id.org/rtskg/new_york_city/instance/block_18204> <https://w3id.org/rtskg/ontology/objectproperty/block_intersects_station_area> <https://w3id.org/rtskg/new_york_city/instance/station_area_711> .
<https://w3id.org/rtskg/new_york_city/instance/block_18204> <https://w3id.org/rtskg/ontology/objectproperty/block_locates_at_borough> <https://w3id.org/rtskg/new_york_city/instance/borough_1> .
<https://w3id.org/rtskg/new_york_city/instance/block_18204> <https://w3id.org/rtskg/ontology/objectproperty/block_locates_at_functional_area> <https://w3id.org/rtskg/new_york_city/instance/functional_area_125> .
