<https://w3id.org/rtskg/new_york_city/instance/block_23466> <http://www.w3.org/1999/02/22-rdf-syntax-ns#type> <https://w3id.org/rtskg/ontology/class/block> .
<https://w3id.org/rtskg/new_york_city/instance/block_23466> <https://w3id.org/rtskg/ontology/dataproperty/geometry> "POLYGON ((-73.906741 40.844743, -73.906742 40.844742, -73.906742 40.844742, -73.906743 40.844741, -73.906743 40.844741, -73.906744 40.844741, -73.906744 40.84474, -73.906745 40.84474, -73.906746 40.844739, -73.906746 40.844739, -73.906747 40.844738, -73.906748 40.844738, -73.90675 40.844737, -73.90675 40.844737, -73.906751 40.844737, -73.906752 40.844736, -73.906753 40.844736, -73.906754 40.844735, -73.906755 40.844735, -73.906757 40.844734, -73.906758 40.844734, -73.906759 40.844734, -73.90676 40.844733, -73.90676 40.844733, -73.906762 40.844733, -73.906763 40.844733, -73.906764 40.844733, -73.906766 40.844733, -73.906767 40.844732, -73.906768 40.844732, -73.90677 40.844732, -73.906771 40.844732, -73.906772 40.844732, -73.906774 40.844732, -73.906775 40.844733, -73.906776 40.844733, -73.906778 40.844733, -73.906779 40.844733, -73.90678 40.844733, -73.906781 40.844734, -73.906783 40.844734, -73.906796 40.844735, -73.906813 40.844735, -73.906848 40.844737, -73.906854 40.844738, -73.906913 40.844741, -73.906932 40.844742, -73.906978 40.844744, -73.906999 40.844745, -73.907043 40.844748, -73.907108 40.844751, -73.907149 40.844753, -73.907173 40.844754, -73.907238 40.844758, -73.907259 40.844759, -73.907303 40.844761, -73.907368 40.844765, -73.907428 40.844768, -73.907433 40.844768, -73.907444 40.844769, -73.90746 40.844771, -73.907464 40.84477, -73.907468 40.84477, -73.907468 40.84477, -73.907472 40.84477, -73.907475 40.844771, -73.907476 40.844771, -73.907479 40.844773, -73.907483 40.844774, -73.907483 40.844775, -73.907485 40.844776, -73.907486 40.844777, -73.907488 40.844779, -73.907488 40.84478, -73.907488 40.84478, -73.907489 40.84478, -73.907489 40.844781, -73.90749 40.844782, -73.90749 40.844783, -73.90749 40.844783, -73.907491 40.844784, -73.907491 40.844784, -73.907492 40.844785, -73.907492 40.844785, -73.907492 40.844786, -73.907493 40.844786, -73.907493 40.844787, -73.907493 40.844788, -73.907493 40.844788, -73.907494 40.844789, -73.907494 40.84479, -73.907494 40.84479, -73.907494 40.844791, -73.907494 40.844791, -73.907495 40.844792, -73.907495 40.844793, -73.907495 40.844793, -73.907495 40.844793, -73.907495 40.844794, -73.907495 40.844795, -73.907495 40.844795, -73.907495 40.844796, -73.907495 40.844797, -73.907495 40.844797, -73.907495 40.844798, -73.907494 40.844799, -73.907494 40.8448, -73.907494 40.844801, -73.907494 40.844801, -73.907493 40.844802, -73.907493 40.844803, -73.90749 40.844837, -73.907488 40.844859, -73.907453 40.844858, -73.907453 40.844858, -73.90743 40.844857, -73.907425 40.844857, -73.907412 40.844857, -73.907354 40.844855, -73.907283 40.844851, -73.907232 40.844848, -73.907212 40.844846, -73.907141 40.844842, -73.90707 40.844838, -73.907 40.844833, -73.906999 40.844833, -73.906962 40.844831, -73.906932 40.844829, -73.906928 40.844829, -73.90686 40.844825, -73.906791 40.844822, -73.906769 40.844821, -73.906769 40.844821, -73.906729 40.844819, -73.906732 40.844765, -73.906733 40.844756, -73.906734 40.844754, -73.906734 40.844753, -73.906734 40.844753, -73.906734 40.844752, -73.906734 40.844752, -73.906735 40.844751, -73.906735 40.844751, -73.906735 40.84475, -73.906736 40.84475, -73.906736 40.844749, -73.906736 40.844748, -73.906736 40.844748, -73.906737 40.844747, -73.906738 40.844747, -73.906738 40.844746, -73.906738 40.844746, -73.906739 40.844745, -73.906739 40.844745, -73.90674 40.844744, -73.906741 40.844743, -73.906741 40.844743))"^^<http://www.opengis.net/ont/geosparql#wktLiteral> .
<https://w3id.org/rtskg/new_york_city/instance/block_23466> <https://w3id.org/rtskg/ontology/objectproperty/block_intersects_station_area> <https://w3id.org/rtskg/new_york_city/instance/station_area_53> .
<https://w3id.org/rtskg/new_york_city/instance/block_23466> <https://w3id.org/rtskg/ontology/objectproperty/block_intersects_station_area> <https://w3id.org/rtskg/new_york_city/instance/station_area_573> .
<https://w3id.org/rtskg/new_york_city/instance/block_23466> <https://w3id.org/rtskg/ontology/objectproperty/block_intersects_station_area> <https://w3id.org/rtskg/new_york_city/instance/station_area_57> .
<https://w3id.org/rtskg/new_york_city/instance/block_23466> <https://w3id.org/rtskg/ontology/objectproperty/block_intersects_station_area> <https://w3id.org/rtskg/new_york_city/instance/station_area_58> .
<https://w3id.org/rtskg/new_york_city/instance/block_23466> <https://w3id.org/rtskg/ontology/objectproperty/block_intersects_station_area> <https://w3id.org/rtskg/new_york_city/instance/station_area_61> .
<https://w3id.org/rtskg/new_york_city/instance/block_23466> <https://w3id.org/rtskg/ontology/objectproperty/block_intersects_station_area> <https://w3id.org/rtskg/new_york_city/instance/station_area_699> .
<https://w3id.org/rtskg/new_york_city/instance/block_23466> <https://w3id.org/rtskg/ontology/objectproperty/block_locates_at_borough> <https://w3id.org/rtskg/new_york_city/instance/borough_2> .
<https://w3id.org/rtskg/new_york_city/instance/block_23466> <https://w3id.org/rtskg/ontology/objectproperty/block_locates_at_functional_area> <https://w3id.org/rtskg/new_york_city/instance/functional_area_169> .
