<https://w3id.org/rtskg/new_york_city/instance/block_44411> <http://www.w3.org/1999/02/22-rdf-syntax-ns#type> <https://w3id.org/rtskg/ontology/class/block> .
<https://w3id.org/rtskg/new_york_city/instance/block_44411> <https://w3id.org/rtskg/ontology/dataproperty/geometry> "POLYGON ((-73.942118 40.837856, -73.942119 40.837857, -73.942119 40.837858, -73.94212 40.837859, -73.942121 40.837859, -73.942122 40.83786, -73.942123 40.837861, -73.942124 40.837862, -73.942124 40.837863, -73.942125 40.837864, -73.942125 40.837865, -73.942126 40.837866, -73.942126 40.837866, -73.942126 40.837867, -73.942127 40.837868, -73.942127 40.83787, -73.942128 40.837871, -73.942128 40.837871, -73.942128 40.837872, -73.942128 40.837873, -73.942128 40.837874, -73.942129 40.837875, -73.942129 40.837876, -73.942129 40.837877, -73.942129 40.837878, -73.942129 40.837879, -73.942129 40.837881, -73.942128 40.837882, -73.942128 40.837883, -73.942128 40.837884, -73.942128 40.837885, -73.942127 40.837886, -73.942126 40.837888, -73.942123 40.837892, -73.9421 40.837923, -73.941951 40.838127, -73.941837 40.838282, -73.941811 40.838317, -73.941772 40.838371, -73.941772 40.838372, -73.941767 40.838378, -73.941766 40.838379, -73.941764 40.838379, -73.941763 40.838379, -73.941761 40.83838, -73.94176 40.83838, -73.941759 40.838381, -73.941757 40.838381, -73.941756 40.838381, -73.941754 40.838381, -73.941753 40.838381, -73.941751 40.838382, -73.94175 40.838382, -73.94175 40.838382, -73.941748 40.838382, -73.941748 40.838382, -73.941747 40.838382, -73.941745 40.838382, -73.941744 40.838382, -73.941742 40.838382, -73.941741 40.838381, -73.941739 40.838381, -73.941738 40.838381, -73.941736 40.838381, -73.941735 40.83838, -73.941734 40.83838, -73.941732 40.83838, -73.941731 40.838379, -73.941729 40.838379, -73.941728 40.838378, -73.941727 40.838378, -73.941725 40.838377, -73.941724 40.838377, -73.941724 40.838377, -73.941723 40.838376, -73.941722 40.838375, -73.94172 40.838375, -73.941719 40.838374, -73.941718 40.838373, -73.941717 40.838373, -73.941716 40.838372, -73.941715 40.838371, -73.941714 40.83837, -73.941713 40.838369, -73.941712 40.838368, -73.941712 40.838368, -73.941711 40.838367, -73.94171 40.838366, -73.94171 40.838365, -73.941709 40.838364, -73.941708 40.838364, -73.941708 40.838363, -73.941707 40.838362, -73.941707 40.838361, -73.941706 40.83836, -73.941706 40.838359, -73.941705 40.838358, -73.941705 40.838357, -73.941705 40.838356, -73.941704 40.838355, -73.941704 40.838354, -73.941704 40.838353, -73.941704 40.838352, -73.941704 40.83835, -73.941704 40.838349, -73.941704 40.838348, -73.941704 40.838347, -73.941704 40.838347, -73.941704 40.838346, -73.941704 40.838345, -73.941704 40.838344, -73.941704 40.838343, -73.941704 40.838342, -73.941744 40.838289, -73.941795 40.838221, -73.94189 40.838093, -73.941905 40.838073, -73.941905 40.838072, -73.941961 40.837996, -73.942035 40.837895, -73.942056 40.837864, -73.942061 40.837858, -73.942068 40.837849, -73.942069 40.837848, -73.94207 40.837848, -73.942072 40.837848, -73.942073 40.837847, -73.942075 40.837847, -73.942076 40.837847, -73.942077 40.837846, -73.942079 40.837846, -73.94208 40.837846, -73.942081 40.837846, -73.942081 40.837846, -73.942082 40.837846, -73.942083 40.837846, -73.942085 40.837846, -73.942086 40.837846, -73.942088 40.837846, -73.942089 40.837846, -73.942091 40.837846, -73.942092 40.837846, -73.942093 40.837846, -73.942095 40.837846, -73.942096 40.837847, -73.942098 40.837847, -73.942099 40.837847, -73.942101 40.837847, -73.942102 40.837848, -73.942103 40.837848, -73.942105 40.837849, -73.942106 40.837849, -73.942107 40.83785, -73.942107 40.83785, -73.942108 40.83785, -73.94211 40.837851, -73.942111 40.837852, -73.942112 40.837852, -73.942113 40.837853, -73.942114 40.837854, -73.942115 40.837854, -73.942117 40.837855, -73.942118 40.837856))"^^<http://www.opengis.net/ont/geosparql#wktLiteral> .
<https://w3id.org/rtskg/new_york_city/instance/block_44411> <https://w3id.org/rtskg/ontology/objectproperty/block_intersects_station_area> <https://w3id.org/rtskg/new_york_city/instance/station_area_39> .
<https://w3id.org/rtskg/new_york_city/instance/block_44411> <https://w3id.org/rtskg/ontology/objectproperty/block_intersects_station_area> <https://w3id.org/rtskg/new_york_city/instance/station_area_41> .
<https://w3id.org/rtskg/new_york_city/instance/block_44411> <https://w3id.org/rtskg/ontology/objectproperty/block_intersects_station_area> <https://w3id.org/rtskg/new_york_city/instance/station_area_45> .
<https://w3id.org/rtskg/new_york_city/instance/block_44411> <https://w3id.org/rtskg/ontology/objectproperty/block_intersects_station_area> <https://w3id.org/rtskg/new_york_city/instance/station_area_46> .
<https://w3id.org/rtskg/new_york_city/instance/block_44411> <https://w3id.org/rtskg/ontology/objectproperty/block_intersects_station_area> <https://w3id.org/rtskg/new_york_city/instance/station_area_49> .
<https://w3id.org/rtskg/new_york_city/instance/block_44411> <https://w3id.org/rtskg/ontology/objectproperty/block_intersects_station_area> <https://w3id.org/rtskg/new_york_city/instance/station_area_50> .
<https://w3id.org/rtskg/new_york_city/instance/block_44411> <https://w3id.org/rtskg/ontology/objectproperty/block_locates_at_borough> <https://w3id.org/rtskg/new_york_city/instance/borough_1> .
<https://w3id.org/rtskg/new_york_city/instance/block_44411> <https://w3id.org/rtskg/ontology/objectproperty/block_locates_at_functional_area> <https://w3id.org/rtskg/new_york_city/instance/functional_area_244> .
