<https://w3id.org/rtskg/new_york_city/instance/block_41251> <http://www.w3.org/1999/02/22-rdf-syntax-ns#type> <https://w3id.org/rtskg/ontology/class/block> .
<https://w3id.org/rtskg/new_york_city/instance/block_41251> <https://w3id.org/rtskg/ontology/dataproperty/geometry> "POLYGON ((-73.927946 40.760065, -73.927947 40.760066, -73.927948 40.760067, -73.927949 40.760068, -73.92795 40.760069, -73.92795 40.76007, -73.927951 40.760071, -73.927951 40.760072, -73.927952 40.760073, -73.927952 40.760075, -73.927953 40.760076, -73.927953 40.760077, -73.927954 40.760078, -73.927954 40.760079, -73.927954 40.76008, -73.927954 40.760081, -73.927954 40.760083, -73.927954 40.760084, -73.927954 40.760085, -73.927954 40.760086, -73.927954 40.760087, -73.927954 40.760088, -73.927954 40.760089, -73.927954 40.76009, -73.927954 40.760091, -73.927953 40.760092, -73.927953 40.760093, -73.927953 40.760093, -73.927953 40.760094, -73.927952 40.760095, -73.927952 40.760096, -73.927951 40.760097, -73.92795 40.760099, -73.92795 40.7601, -73.927949 40.760101, -73.927948 40.760102, -73.927948 40.760103, -73.927947 40.760103, -73.927913 40.760145, -73.92788 40.760186, -73.927873 40.760194, -73.92786 40.76021, -73.927846 40.760227, -73.927813 40.760267, -73.92778 40.760308, -73.927746 40.760349, -73.927719 40.760382, -73.927713 40.76039, -73.92768 40.760431, -73.927642 40.760477, -73.927604 40.760524, -73.927566 40.760571, -73.927534 40.76061, -73.927528 40.760617, -73.927514 40.760635, -73.927507 40.760644, -73.927497 40.760656, -73.927492 40.760662, -73.927491 40.760663, -73.92749 40.760664, -73.927471 40.760688, -73.927457 40.760705, -73.927453 40.76071, -73.927417 40.760755, -73.927381 40.760799, -73.927366 40.760817, -73.927345 40.760843, -73.927309 40.760887, -73.927273 40.760931, -73.927263 40.760943, -73.927228 40.760927, -73.926972 40.760805, -73.926967 40.760801, -73.926965 40.7608, -73.926964 40.760799, -73.927043 40.7607, -73.927022 40.76069, -73.927005 40.760682, -73.926926 40.760781, -73.926921 40.760781, -73.926912 40.760776, -73.926663 40.760657, -73.926637 40.760645, -73.926625 40.760639, -73.926621 40.760637, -73.926601 40.760628, -73.926607 40.76062, -73.926613 40.760613, -73.926623 40.7606, -73.926659 40.760557, -73.926663 40.760552, -73.926686 40.760524, -73.926694 40.760515, -73.926729 40.760472, -73.926757 40.760437, -73.926764 40.760429, -73.926783 40.760406, -73.926783 40.760405, -73.926799 40.760386, -73.926834 40.760343, -73.926869 40.760301, -73.926904 40.760258, -73.92694 40.760215, -73.926961 40.760188, -73.926974 40.760172, -73.927009 40.760128, -73.927043 40.760085, -73.927047 40.760081, -73.927144 40.759964, -73.927176 40.759925, -73.927208 40.759885, -73.927222 40.759868, -73.927236 40.759851, -73.927266 40.759813, -73.927274 40.759802, -73.927281 40.759793, -73.927289 40.759785, -73.927291 40.759783, -73.927294 40.75978, -73.927294 40.75978, -73.927298 40.759778, -73.927302 40.759776, -73.927305 40.759775, -73.927306 40.759775, -73.927308 40.759774, -73.927309 40.759774, -73.92731 40.759773, -73.927313 40.759773, -73.927317 40.759773, -73.927323 40.759774, -73.927326 40.759774, -73.927327 40.759774, -73.927328 40.759775, -73.927332 40.759776, -73.927337 40.759777, -73.927342 40.759779, -73.927343 40.759779, -73.927351 40.759782, -73.927384 40.759798, -73.927393 40.759802, -73.927445 40.759826, -73.927506 40.759855, -73.927567 40.759884, -73.927579 40.759889, -73.927629 40.759912, -73.92769 40.759941, -73.927751 40.75997, -73.927755 40.759972, -73.927812 40.759999, -73.927873 40.760027, -73.927899 40.76004, -73.92793 40.760054, -73.927933 40.760055, -73.927934 40.760056, -73.927936 40.760057, -73.927937 40.760057, -73.927938 40.760058, -73.927939 40.760059, -73.92794 40.76006, -73.927942 40.760061, -73.927943 40.760061, -73.927943 40.760062, -73.927944 40.760062, -73.927945 40.760063, -73.927946 40.760064, -73.927946 40.760065))"^^<http://www.opengis.net/ont/geosparql#wktLiteral> .
<https://w3id.org/rtskg/new_york_city/instance/block_41251> <https://w3id.org/rtskg/ontology/objectproperty/block_intersects_station_area> <https://w3id.org/rtskg/new_york_city/instance/station_area_113> .
<https://w3id.org/rtskg/new_york_city/instance/block_41251> <https://w3id.org/rtskg/ontology/objectproperty/block_intersects_station_area> <https://w3id.org/rtskg/new_york_city/instance/station_area_127> .
<https://w3id.org/rtskg/new_york_city/instance/block_41251> <https://w3id.org/rtskg/ontology/objectproperty/block_intersects_station_area> <https://w3id.org/rtskg/new_york_city/instance/station_area_128> .
<https://w3id.org/rtskg/new_york_city/instance/block_41251> <https://w3id.org/rtskg/ontology/objectproperty/block_intersects_station_area> <https://w3id.org/rtskg/new_york_city/instance/station_area_323> .
<https://w3id.org/rtskg/new_york_city/instance/block_41251> <https://w3id.org/rtskg/ontology/objectproperty/block_intersects_station_area> <https://w3id.org/rtskg/new_york_city/instance/station_area_324> .
<https://w3id.org/rtskg/new_york_city/instance/block_41251> <https://w3id.org/rtskg/ontology/objectproperty/block_intersects_station_area> <https://w3id.org/rtskg/new_york_city/instance/station_area_679> .
<https://w3id.org/rtskg/new_york_city/instance/block_41251> <https://w3id.org/rtskg/ontology/objectproperty/block_locates_at_borough> <https://w3id.org/rtskg/new_york_city/instance/borough_4> .
<https://w3id.org/rtskg/new_york_city/instance/block_41251> <https://w3id.org/rtskg/ontology/objectproperty/block_locates_at_functional_area> <https://w3id.org/rtskg/new_york_city/instance/functional_area_7> .
