<https://w3id.org/rtskg/new_york_city/instance/block_5405> <http://www.w3.org/1999/02/22-rdf-syntax-ns#type> <https://w3id.org/rtskg/ontology/class/block> .
<https://w3id.org/rtskg/new_york_city/instance/block_5405> <https://w3id.org/rtskg/ontology/dataproperty/geometry> "POLYGON ((-73.980401 40.593933, -73.980401 40.593934, -73.980401 40.593935, -73.980401 40.593936, -73.980401 40.593936, -73.980401 40.593937, -73.980401 40.593938, -73.980401 40.593939, -73.980401 40.59394, -73.980401 40.593942, -73.9804 40.593943, -73.9804 40.593944, -73.9804 40.593945, -73.980399 40.593946, -73.980399 40.593947, -73.980398 40.593948, -73.980398 40.593949, -73.980397 40.59395, -73.980396 40.593951, -73.980396 40.593951, -73.980396 40.593952, -73.980395 40.593953, -73.980394 40.593954, -73.980393 40.593955, -73.980393 40.593955, -73.980392 40.593956, -73.980391 40.593957, -73.98039 40.593958, -73.980389 40.593959, -73.980388 40.593959, -73.980387 40.59396, -73.980386 40.593961, -73.980385 40.593961, -73.980384 40.593962, -73.980383 40.593962, -73.980382 40.593963, -73.980381 40.593963, -73.98038 40.593964, -73.980378 40.593964, -73.980377 40.593965, -73.980376 40.593965, -73.980374 40.593966, -73.980373 40.593966, -73.980372 40.593967, -73.98037 40.593967, -73.980369 40.593967, -73.980368 40.593967, -73.980366 40.593968, -73.980351 40.593969, -73.980301 40.593976, -73.980232 40.593984, -73.980163 40.593992, -73.980095 40.593997, -73.980061 40.593999, -73.980028 40.594001, -73.980027 40.594001, -73.980026 40.594001, -73.980025 40.594001, -73.980023 40.594001, -73.980022 40.594001, -73.980021 40.594001, -73.980019 40.594001, -73.980018 40.594001, -73.980017 40.594001, -73.980015 40.594001, -73.980014 40.594, -73.980013 40.594, -73.980012 40.594, -73.980012 40.594, -73.98001 40.593999, -73.980009 40.593999, -73.980008 40.593999, -73.980007 40.593998, -73.980006 40.593998, -73.980005 40.593997, -73.980003 40.593997, -73.980002 40.593996, -73.980001 40.593996, -73.98 40.593995, -73.979999 40.593994, -73.979998 40.593994, -73.979997 40.593993, -73.979996 40.593992, -73.979996 40.593992, -73.979995 40.593991, -73.979994 40.59399, -73.979993 40.593989, -73.979992 40.593988, -73.979992 40.593988, -73.979992 40.593987, -73.979991 40.593987, -73.97999 40.593986, -73.97999 40.593985, -73.979989 40.593984, -73.979989 40.593983, -73.979988 40.593982, -73.979988 40.593981, -73.979988 40.59398, -73.979987 40.593979, -73.979987 40.593978, -73.979986 40.593971, -73.979934 40.593708, -73.979933 40.593705, -73.979934 40.593702, -73.979935 40.593699, -73.979936 40.593696, -73.979939 40.593694, -73.979943 40.59369, -73.979948 40.593687, -73.979954 40.593684, -73.979954 40.593684, -73.97996 40.593682, -73.979966 40.59368, -73.979972 40.593679, -73.979973 40.593679, -73.979979 40.593678, -73.979986 40.593678, -73.979992 40.593679, -73.979999 40.59368, -73.980005 40.593682, -73.980038 40.593701, -73.98007 40.593721, -73.980077 40.593725, -73.980115 40.593748, -73.980123 40.593752, -73.980175 40.593784, -73.980228 40.593816, -73.980282 40.593849, -73.980285 40.593851, -73.980326 40.593875, -73.980336 40.593881, -73.980362 40.593897, -73.980386 40.593911, -73.980387 40.593912, -73.980388 40.593913, -73.980389 40.593913, -73.98039 40.593914, -73.980391 40.593915, -73.980392 40.593916, -73.980393 40.593917, -73.980393 40.593918, -73.980394 40.593918, -73.980395 40.593919, -73.980396 40.59392, -73.980396 40.593921, -73.980397 40.593922, -73.980397 40.593922, -73.980398 40.593923, -73.980398 40.593924, -73.980399 40.593925, -73.980399 40.593926, -73.9804 40.593927, -73.9804 40.593928, -73.9804 40.59393, -73.980401 40.593931, -73.980401 40.593932, -73.980401 40.593933))"^^<http://www.opengis.net/ont/geosparql#wktLiteral> .
<https://w3id.org/rtskg/new_york_city/instance/block_5405> <https://w3id.org/rtskg/ontology/objectproperty/block_intersects_station_area> <https://w3id.org/rtskg/new_york_city/instance/station_area_101> .
<https://w3id.org/rtskg/new_york_city/instance/block_5405> <https://w3id.org/rtskg/ontology/objectproperty/block_intersects_station_area> <https://w3id.org/rtskg/new_york_city/instance/station_area_211> .
<https://w3id.org/rtskg/new_york_city/instance/block_5405> <https://w3id.org/rtskg/ontology/objectproperty/block_intersects_station_area> <https://w3id.org/rtskg/new_york_city/instance/station_area_212> .
<https://w3id.org/rtskg/new_york_city/instance/block_5405> <https://w3id.org/rtskg/ontology/objectproperty/block_intersects_station_area> <https://w3id.org/rtskg/new_york_city/instance/station_area_259> .
<https://w3id.org/rtskg/new_york_city/instance/block_5405> <https://w3id.org/rtskg/ontology/objectproperty/block_intersects_station_area> <https://w3id.org/rtskg/new_york_city/instance/station_area_260> .
<https://w3id.org/rtskg/new_york_city/instance/block_5405> <https://w3id.org/rtskg/ontology/objectproperty/block_intersects_station_area> <https://w3id.org/rtskg/new_york_city/instance/station_area_261> .
<https://w3id.org/rtskg/new_york_city/instance/block_5405> <https://w3id.org/rtskg/ontology/objectproperty/block_intersects_station_area> <https://w3id.org/rtskg/new_york_city/instance/station_area_263> .
<https://w3id.org/rtskg/new_york_city/instance/block_5405> <https://w3id.org/rtskg/ontology/objectproperty/block_locates_at_borough> <https://w3id.org/rtskg/new_york_city/instance/borough_3> .
<https://w3id.org/rtskg/new_york_city/instance/block_5405> <https://w3id.org/rtskg/ontology/objectproperty/block_locates_at_functional_area> <https://w3id.org/rtskg/new_york_city/instance/functional_area_108> .
