<https://w3id.org/rtskg/new_york_city/instance/block_21847> <http://www.w3.org/1999/02/22-rdf-syntax-ns#type> <https://w3id.org/rtskg/ontology/class/block> .
<https://w3id.org/rtskg/new_york_city/instance/block_21847> <https://w3id.org/rtskg/ontology/dataproperty/geometry> "POLYGON ((-73.966904 40.769932, -73.966905 40.769932, -73.966907 40.769931, -73.966908 40.769931, -73.96691 40.76993, -73.966911 40.76993, -73.966913 40.76993, -73.966914 40.76993, -73.966915 40.769929, -73.966917 40.769929, -73.966918 40.769929, -73.96692 40.769929, -73.966921 40.769929, -73.966923 40.769929, -73.966924 40.769929, -73.966926 40.769929, -73.966926 40.769929, -73.966927 40.769929, -73.966929 40.769929, -73.96693 40.769929, -73.966932 40.769929, -73.966933 40.76993, -73.966944 40.769934, -73.966994 40.769955, -73.967047 40.769978, -73.9671 40.77, -73.967153 40.770023, -73.967206 40.770045, -73.967259 40.770068, -73.967315 40.770092, -73.967372 40.770115, -73.967428 40.770139, -73.967485 40.770163, -73.967541 40.770187, -73.967598 40.77021, -73.967654 40.770234, -73.967711 40.770258, -73.96772 40.770262, -73.96771 40.770274, -73.967707 40.770278, -73.967693 40.770297, -73.96769 40.770301, -73.967559 40.770479, -73.967557 40.770483, -73.967551 40.770491, -73.967539 40.770506, -73.967532 40.770515, -73.967528 40.770521, -73.967481 40.770587, -73.967472 40.7706, -73.967358 40.770755, -73.96734 40.770779, -73.96734 40.77078, -73.967315 40.770816, -73.967268 40.770796, -73.967207 40.770771, -73.967146 40.770745, -73.967084 40.770719, -73.967023 40.770694, -73.966962 40.770668, -73.966901 40.770642, -73.966839 40.770616, -73.966778 40.770591, -73.966717 40.770565, -73.966703 40.770559, -73.966669 40.770545, -73.966656 40.770539, -73.966611 40.770521, -73.966594 40.770514, -73.966541 40.770491, -73.966537 40.77049, -73.966536 40.770489, -73.966535 40.770488, -73.966534 40.770488, -73.966532 40.770487, -73.966531 40.770487, -73.96653 40.770486, -73.966529 40.770485, -73.966528 40.770484, -73.966527 40.770484, -73.966526 40.770483, -73.966525 40.770482, -73.966524 40.770481, -73.966524 40.77048, -73.966524 40.77048, -73.966523 40.770479, -73.966522 40.770478, -73.966521 40.770477, -73.966521 40.770476, -73.96652 40.770476, -73.966519 40.770475, -73.966519 40.770474, -73.966518 40.770473, -73.966518 40.770471, -73.966518 40.77047, -73.966517 40.770469, -73.966517 40.770468, -73.966517 40.770467, -73.966516 40.770466, -73.966516 40.770465, -73.966516 40.770464, -73.966516 40.770463, -73.966516 40.770462, -73.966516 40.770462, -73.966516 40.770461, -73.966516 40.77046, -73.966516 40.77046, -73.966516 40.770459, -73.966517 40.770458, -73.966517 40.770456, -73.966517 40.770455, -73.966518 40.770454, -73.966518 40.770453, -73.966518 40.770452, -73.966519 40.770451, -73.966519 40.77045, -73.96652 40.770449, -73.966521 40.770448, -73.966521 40.770447, -73.966521 40.770447, -73.966551 40.770406, -73.96658 40.770366, -73.966609 40.770325, -73.966639 40.770285, -73.966668 40.770245, -73.966697 40.770204, -73.966728 40.770161, -73.96676 40.770118, -73.966792 40.770074, -73.966823 40.770031, -73.966855 40.769988, -73.966886 40.769945, -73.966887 40.769944, -73.966887 40.769943, -73.966888 40.769942, -73.966889 40.769942, -73.966889 40.769942, -73.96689 40.769941, -73.966891 40.76994, -73.966892 40.769939, -73.966893 40.769938, -73.966894 40.769937, -73.966895 40.769937, -73.966897 40.769936, -73.966898 40.769935, -73.966899 40.769935, -73.9669 40.769934, -73.966901 40.769933, -73.966903 40.769933, -73.966903 40.769933, -73.966904 40.769932))"^^<http://www.opengis.net/ont/geosparql#wktLiteral> .
<https://w3id.org/rtskg/new_york_city/instance/block_21847> <https://w3id.org/rtskg/ontology/objectproperty/block_intersects_station_area> <https://w3id.org/rtskg/new_york_city/instance/station_area_151> .
<https://w3id.org/rtskg/new_york_city/instance/block_21847> <https://w3id.org/rtskg/ontology/objectproperty/block_intersects_station_area> <https://w3id.org/rtskg/new_york_city/instance/station_area_181> .
<https://w3id.org/rtskg/new_york_city/instance/block_21847> <https://w3id.org/rtskg/ontology/objectproperty/block_intersects_station_area> <https://w3id.org/rtskg/new_york_city/instance/station_area_182> .
<https://w3id.org/rtskg/new_york_city/instance/block_21847> <https://w3id.org/rtskg/ontology/objectproperty/block_intersects_station_area> <https://w3id.org/rtskg/new_york_city/instance/station_area_189> .
<https://w3id.org/rtskg/new_york_city/instance/block_21847> <https://w3id.org/rtskg/ontology/objectproperty/block_intersects_station_area> <https://w3id.org/rtskg/new_york_city/instance/station_area_195> .
<https://w3id.org/rtskg/new_york_city/instance/block_21847> <https://w3id.org/rtskg/ontology/objectproperty/block_intersects_station_area> <https://w3id.org/rtskg/new_york_city/instance/station_area_541> .
<https://w3id.org/rtskg/new_york_city/instance/block_21847> <https://w3id.org/rtskg/ontology/objectproperty/block_locates_at_borough> <https://w3id.org/rtskg/new_york_city/instance/borough_1> .
<https://w3id.org/rtskg/new_york_city/instance/block_21847> <https://w3id.org/rtskg/ontology/objectproperty/block_locates_at_functional_area> <https://w3id.org/rtskg/new_york_city/instance/functional_area_237> .
