<https://w3id.org/rtskg/new_york_city/instance/block_44423> <http://www.w3.org/1999/02/22-rdf-syntax-ns#type> <https://w3id.org/rtskg/ontology/class/block> .
<https://w3id.org/rtskg/new_york_city/instance/block_44423> <https://w3id.org/rtskg/ontology/dataproperty/geometry> "POLYGON ((-73.942984 40.836599, -73.942985 40.836598, -73.942986 40.836598, -73.942986 40.836598, -73.942988 40.836598, -73.942989 40.836597, -73.94299 40.836597, -73.942992 40.836597, -73.942993 40.836597, -73.942994 40.836597, -73.942996 40.836597, -73.942997 40.836596, -73.942998 40.836596, -73.943 40.836596, -73.943001 40.836596, -73.943003 40.836597, -73.943004 40.836597, -73.943005 40.836597, -73.943007 40.836597, -73.943008 40.836597, -73.943009 40.836597, -73.943011 40.836598, -73.943012 40.836598, -73.943013 40.836598, -73.943015 40.836599, -73.943016 40.836599, -73.943017 40.8366, -73.943018 40.8366, -73.943019 40.836601, -73.943021 40.836601, -73.943021 40.836601, -73.943022 40.836602, -73.943023 40.836602, -73.943024 40.836603, -73.943025 40.836604, -73.943026 40.836604, -73.943027 40.836605, -73.943028 40.836606, -73.943029 40.836607, -73.94303 40.836607, -73.943031 40.836608, -73.943032 40.836609, -73.943032 40.83661, -73.943033 40.836611, -73.943034 40.836612, -73.943034 40.836613, -73.943035 40.836614, -73.943036 40.836615, -73.943036 40.836615, -73.943037 40.836616, -73.943037 40.836617, -73.943038 40.836618, -73.943038 40.836619, -73.943038 40.83662, -73.943038 40.836621, -73.943038 40.836622, -73.943039 40.836623, -73.943039 40.836624, -73.943039 40.836625, -73.943039 40.836626, -73.943039 40.836627, -73.943039 40.836628, -73.943039 40.836629, -73.943039 40.83663, -73.943039 40.83663, -73.943039 40.836631, -73.943038 40.836632, -73.943038 40.836633, -73.943022 40.836655, -73.943016 40.836663, -73.942995 40.836693, -73.942916 40.836801, -73.942835 40.836914, -73.942752 40.837028, -73.9427 40.837099, -73.942693 40.837109, -73.94268 40.837128, -73.942679 40.837129, -73.942677 40.83713, -73.942676 40.837131, -73.942675 40.837131, -73.942674 40.837132, -73.942672 40.837132, -73.942671 40.837133, -73.94267 40.837133, -73.942668 40.837134, -73.942667 40.837134, -73.942666 40.837134, -73.942664 40.837135, -73.942663 40.837135, -73.942661 40.837135, -73.94266 40.837136, -73.942658 40.837136, -73.942657 40.837136, -73.942657 40.837136, -73.942655 40.837136, -73.942654 40.837136, -73.942653 40.837136, -73.942651 40.837136, -73.94265 40.837136, -73.942648 40.837136, -73.942647 40.837136, -73.942645 40.837135, -73.942644 40.837135, -73.942642 40.837135, -73.942641 40.837135, -73.94264 40.837134, -73.942638 40.837134, -73.942637 40.837134, -73.942636 40.837133, -73.942635 40.837133, -73.942634 40.837133, -73.942633 40.837132, -73.942632 40.837132, -73.94263 40.837131, -73.942629 40.83713, -73.942628 40.83713, -73.942627 40.837129, -73.942626 40.837128, -73.942624 40.837128, -73.942623 40.837127, -73.942622 40.837126, -73.942621 40.837125, -73.94262 40.837124, -73.942619 40.837124, -73.942619 40.837123, -73.942618 40.837122, -73.942617 40.837121, -73.942616 40.83712, -73.942615 40.837119, -73.942615 40.837118, -73.942615 40.837118, -73.942614 40.837117, -73.942614 40.837116, -73.942613 40.837115, -73.942613 40.837114, -73.942612 40.837113, -73.942612 40.837112, -73.942611 40.837111, -73.942611 40.837109, -73.942611 40.837108, -73.942611 40.837107, -73.942611 40.837106, -73.94261 40.837105, -73.94261 40.837104, -73.94261 40.837103, -73.942611 40.837102, -73.942611 40.837101, -73.942611 40.837099, -73.942611 40.837098, -73.942611 40.837097, -73.942611 40.837097, -73.942612 40.837096, -73.942612 40.837095, -73.942612 40.837094, -73.942624 40.837078, -73.942631 40.837069, -73.94266 40.83703, -73.942754 40.836907, -73.942789 40.83686, -73.94284 40.836789, -73.942846 40.83678, -73.942846 40.83678, -73.942925 40.836671, -73.94295 40.836636, -73.942957 40.836627, -73.942973 40.836604, -73.942974 40.836603, -73.942975 40.836603, -73.942975 40.836602, -73.942976 40.836602, -73.942978 40.836601, -73.942979 40.836601, -73.94298 40.8366, -73.942981 40.8366, -73.942982 40.836599, -73.942984 40.836599))"^^<http://www.opengis.net/ont/geosparql#wktLiteral> .
<https://w3id.org/rtskg/new_york_city/instance/block_44423> <https://w3id.org/rtskg/ontology/objectproperty/block_intersects_station_area> <https://w3id.org/rtskg/new_york_city/instance/station_area_39> .
<https://w3id.org/rtskg/new_york_city/instance/block_44423> <https://w3id.org/rtskg/ontology/objectproperty/block_intersects_station_area> <https://w3id.org/rtskg/new_york_city/instance/station_area_41> .
<https://w3id.org/rtskg/new_york_city/instance/block_44423> <https://w3id.org/rtskg/ontology/objectproperty/block_intersects_station_area> <https://w3id.org/rtskg/new_york_city/instance/station_area_42> .
<https://w3id.org/rtskg/new_york_city/instance/block_44423> <https://w3id.org/rtskg/ontology/objectproperty/block_intersects_station_area> <https://w3id.org/rtskg/new_york_city/instance/station_area_45> .
<https://w3id.org/rtskg/new_york_city/instance/block_44423> <https://w3id.org/rtskg/ontology/objectproperty/block_intersects_station_area> <https://w3id.org/rtskg/new_york_city/instance/station_area_46> .
<https://w3id.org/rtskg/new_york_city/instance/block_44423> <https://w3id.org/rtskg/ontology/objectproperty/block_intersects_station_area> <https://w3id.org/rtskg/new_york_city/instance/station_area_49> .
<https://w3id.org/rtskg/new_york_city/instance/block_44423> <https://w3id.org/rtskg/ontology/objectproperty/block_intersects_station_area> <https://w3id.org/rtskg/new_york_city/instance/station_area_50> .
<https://w3id.org/rtskg/new_york_city/instance/block_44423> <https://w3id.org/rtskg/ontology/objectproperty/block_locates_at_borough> <https://w3id.org/rtskg/new_york_city/instance/borough_1> .
<https://w3id.org/rtskg/new_york_city/instance/block_44423> <https://w3id.org/rtskg/ontology/objectproperty/block_locates_at_functional_area> <https://w3id.org/rtskg/new_york_city/instance/functional_area_244> .
