<https://w3id.org/rtskg/new_york_city/instance/block_18047> <http://www.w3.org/1999/02/22-rdf-syntax-ns#type> <https://w3id.org/rtskg/ontology/class/block> .
<https://w3id.org/rtskg/new_york_city/instance/block_18047> <https://w3id.org/rtskg/ontology/dataproperty/geometry> "POLYGON ((-74.0087 40.722774, -74.0087 40.722774, -74.008699 40.72278, -74.008698 40.722786, -74.008658 40.723011, -74.008623 40.723259, -74.008622 40.723264, -74.008621 40.723269, -74.00862 40.723273, -74.008617 40.723278, -74.008614 40.723283, -74.00861 40.723287, -74.008606 40.72329, -74.008601 40.723294, -74.008549 40.723289, -74.008479 40.723282, -74.008408 40.723275, -74.008338 40.723268, -74.008268 40.723261, -74.008198 40.723254, -74.008194 40.723254, -74.008143 40.723248, -74.008142 40.723248, -74.008141 40.723248, -74.008139 40.723248, -74.008138 40.723247, -74.008137 40.723247, -74.008136 40.723247, -74.008134 40.723246, -74.008133 40.723246, -74.008132 40.723246, -74.008131 40.723245, -74.008129 40.723245, -74.008128 40.723244, -74.008127 40.723244, -74.008126 40.723243, -74.008125 40.723243, -74.008124 40.723242, -74.008123 40.723242, -74.008123 40.723241, -74.008122 40.723241, -74.008121 40.72324, -74.00812 40.723239, -74.008119 40.723239, -74.008118 40.723238, -74.008118 40.723237, -74.008117 40.723236, -74.008116 40.723235, -74.008115 40.723235, -74.008115 40.723234, -74.008114 40.723233, -74.008113 40.723232, -74.008113 40.723231, -74.008112 40.72323, -74.008112 40.723229, -74.008111 40.723228, -74.008111 40.723227, -74.008111 40.723226, -74.00811 40.723225, -74.00811 40.723224, -74.00811 40.723223, -74.00811 40.723222, -74.00811 40.723221, -74.00811 40.72322, -74.008109 40.723219, -74.00811 40.723218, -74.00811 40.723217, -74.00811 40.723216, -74.00811 40.723215, -74.008117 40.723172, -74.008119 40.723159, -74.008129 40.723105, -74.008138 40.723051, -74.008148 40.722996, -74.008157 40.722942, -74.008166 40.722887, -74.008173 40.722846, -74.008181 40.722805, -74.008185 40.722781, -74.008188 40.722764, -74.008188 40.722762, -74.008191 40.722744, -74.008193 40.722733, -74.008194 40.722726, -74.008195 40.722725, -74.008195 40.722724, -74.008195 40.722723, -74.008195 40.722723, -74.008196 40.722721, -74.008196 40.72272, -74.008197 40.722719, -74.008197 40.722718, -74.008198 40.722717, -74.008199 40.722716, -74.008199 40.722715, -74.0082 40.722714, -74.008201 40.722713, -74.008202 40.722712, -74.008203 40.722711, -74.008203 40.72271, -74.008204 40.72271, -74.008205 40.722709, -74.008206 40.722708, -74.008207 40.722707, -74.008208 40.722706, -74.008209 40.722705, -74.00821 40.722704, -74.008211 40.722704, -74.008213 40.722703, -74.008214 40.722702, -74.008215 40.722701, -74.008217 40.722701, -74.008218 40.7227, -74.008218 40.7227, -74.00822 40.7227, -74.008221 40.722699, -74.008222 40.722699, -74.008224 40.722698, -74.008225 40.722698, -74.008227 40.722697, -74.008229 40.722697, -74.00823 40.722697, -74.008232 40.722697, -74.008233 40.722696, -74.008235 40.722696, -74.008236 40.722696, -74.008237 40.722696, -74.008238 40.722696, -74.00824 40.722696, -74.008241 40.722696, -74.008243 40.722696, -74.008244 40.722696, -74.008246 40.722696, -74.008282 40.7227, -74.008319 40.722704, -74.00839 40.722711, -74.008461 40.722718, -74.008532 40.722725, -74.008603 40.722732, -74.008675 40.72274, -74.008686 40.722741, -74.00869 40.722746, -74.008693 40.722751, -74.008696 40.722757, -74.008698 40.722762, -74.008699 40.722768, -74.0087 40.722774))"^^<http://www.opengis.net/ont/geosparql#wktLiteral> .
<https://w3id.org/rtskg/new_york_city/instance/block_18047> <https://w3id.org/rtskg/ontology/objectproperty/block_intersects_station_area> <https://w3id.org/rtskg/new_york_city/instance/station_area_339> .
<https://w3id.org/rtskg/new_york_city/instance/block_18047> <https://w3id.org/rtskg/ontology/objectproperty/block_intersects_station_area> <https://w3id.org/rtskg/new_york_city/instance/station_area_340> .
<https://w3id.org/rtskg/new_york_city/instance/block_18047> <https://w3id.org/rtskg/ontology/objectproperty/block_intersects_station_area> <https://w3id.org/rtskg/new_york_city/instance/station_area_353> .
<https://w3id.org/rtskg/new_york_city/instance/block_18047> <https://w3id.org/rtskg/ontology/objectproperty/block_intersects_station_area> <https://w3id.org/rtskg/new_york_city/instance/station_area_443> .
<https://w3id.org/rtskg/new_york_city/instance/block_18047> <https://w3id.org/rtskg/ontology/objectproperty/block_intersects_station_area> <https://w3id.org/rtskg/new_york_city/instance/station_area_444> .
<https://w3id.org/rtskg/new_york_city/instance/block_18047> <https://w3id.org/rtskg/ontology/objectproperty/block_intersects_station_area> <https://w3id.org/rtskg/new_york_city/instance/station_area_483> .
<https://w3id.org/rtskg/new_york_city/instance/block_18047> <https://w3id.org/rtskg/ontology/objectproperty/block_intersects_station_area> <https://w3id.org/rtskg/new_york_city/instance/station_area_671> .
<https://w3id.org/rtskg/new_york_city/instance/block_18047> <https://w3id.org/rtskg/ontology/objectproperty/block_locates_at_borough> <https://w3id.org/rtskg/new_york_city/instance/borough_1> .
<https://w3id.org/rtskg/new_york_city/instance/block_18047> <https://w3id.org/rtskg/ontology/objectproperty/block_locates_at_functional_area> <https://w3id.org/rtskg/new_york_city/instance/functional_area_231> .
