<https://w3id.org/rtskg/new_york_city/instance/block_43492> <http://www.w3.org/1999/02/22-rdf-syntax-ns#type> <https://w3id.org/rtskg/ontology/class/block> .
<https://w3id.org/rtskg/new_york_city/instance/block_43492> <https://w3id.org/rtskg/ontology/dataproperty/geometry> "POLYGON ((-73.90076 40.816837, -73.900761 40.816837, -73.900763 40.816837, -73.900764 40.816837, -73.900765 40.816837, -73.900765 40.816837, -73.900767 40.816838, -73.900768 40.816838, -73.90077 40.816838, -73.900776 40.816842, -73.900825 40.816871, -73.900832 40.816875, -73.90088 40.816903, -73.900934 40.816935, -73.900943 40.81694, -73.900977 40.81696, -73.900989 40.816967, -73.900999 40.816973, -73.901044 40.817, -73.901097 40.817031, -73.901099 40.817032, -73.901122 40.817046, -73.901154 40.817064, -73.901209 40.817096, -73.901241 40.817117, -73.901251 40.817123, -73.901259 40.817127, -73.901269 40.817133, -73.901294 40.817149, -73.901297 40.817151, -73.901336 40.817175, -73.901349 40.817183, -73.901371 40.817197, -73.901379 40.817202, -73.90138 40.817203, -73.90138 40.817204, -73.901381 40.817205, -73.901382 40.817206, -73.901383 40.817207, -73.901383 40.817208, -73.901383 40.817208, -73.901384 40.81721, -73.901385 40.817211, -73.901385 40.817212, -73.901386 40.817213, -73.901386 40.817214, -73.901386 40.817216, -73.901387 40.817217, -73.901387 40.817218, -73.901387 40.817219, -73.901387 40.817221, -73.901387 40.817222, -73.901387 40.817223, -73.901387 40.817225, -73.901387 40.817226, -73.901387 40.817226, -73.901387 40.817227, -73.901387 40.817228, -73.901386 40.81723, -73.901386 40.817231, -73.901386 40.817232, -73.901385 40.817233, -73.901385 40.817234, -73.901384 40.817236, -73.901384 40.817237, -73.901383 40.817238, -73.901383 40.817239, -73.901382 40.817239, -73.901339 40.817282, -73.901297 40.817324, -73.901254 40.817367, -73.901234 40.817386, -73.901214 40.817406, -73.901211 40.817409, -73.901183 40.817437, -73.901168 40.817451, -73.90115 40.817469, -73.901124 40.817493, -73.90108 40.817535, -73.901036 40.817577, -73.900992 40.817619, -73.900978 40.817633, -73.900948 40.817662, -73.900919 40.81769, -73.900905 40.817703, -73.900904 40.817704, -73.900904 40.817704, -73.900893 40.817714, -73.90086 40.817746, -73.900837 40.817767, -73.900828 40.817776, -73.900816 40.817788, -73.900788 40.817814, -73.900777 40.817824, -73.900772 40.81783, -73.900767 40.817835, -73.900728 40.817872, -73.900684 40.817914, -73.90064 40.817956, -73.900596 40.817998, -73.900554 40.818039, -73.900513 40.81808, -73.900471 40.818121, -73.900429 40.818162, -73.900413 40.818178, -73.900393 40.818198, -73.900388 40.818203, -73.900385 40.818206, -73.900346 40.818244, -73.900338 40.818252, -73.900335 40.818254, -73.900313 40.818241, -73.900313 40.81824, -73.900309 40.818238, -73.900179 40.818162, -73.899932 40.818016, -73.89983 40.817955, -73.899745 40.817905, -73.899725 40.817894, -73.899674 40.817864, -73.899679 40.81786, -73.899712 40.817828, -73.899751 40.81779, -73.899782 40.817759, -73.899793 40.817748, -73.899805 40.817737, -73.899836 40.817707, -73.899878 40.817666, -73.89989 40.817654, -73.899913 40.817632, -73.89992 40.817625, -73.899962 40.817583, -73.899999 40.817547, -73.900005 40.817542, -73.900023 40.817524, -73.900047 40.817501, -73.900089 40.81746, -73.900111 40.817439, -73.900131 40.81742, -73.900135 40.817416, -73.900172 40.81738, -73.900214 40.817341, -73.900225 40.817329, -73.900231 40.817324, -73.900249 40.817307, -73.900255 40.817301, -73.900296 40.817262, -73.900338 40.817222, -73.90034 40.81722, -73.900363 40.817198, -73.900379 40.817182, -73.900421 40.817143, -73.900465 40.8171, -73.900509 40.817057, -73.900553 40.817014, -73.900597 40.816971, -73.900641 40.816928, -73.900685 40.816885, -73.900687 40.816884, -73.900729 40.816843, -73.900731 40.816842, -73.900732 40.816841, -73.900733 40.816841, -73.900734 40.81684, -73.900736 40.81684, -73.900737 40.816839, -73.900739 40.816839, -73.90074 40.816838, -73.900741 40.816838, -73.900743 40.816838, -73.900744 40.816837, -73.900746 40.816837, -73.900747 40.816837, -73.900748 40.816837, -73.900749 40.816837, -73.90075 40.816837, -73.900752 40.816836, -73.900753 40.816836, -73.900755 40.816836, -73.900756 40.816836, -73.900758 40.816836, -73.90076 40.816837))"^^<http://www.opengis.net/ont/geosparql#wktLiteral> .
<https://w3id.org/rtskg/new_york_city/instance/block_43492> <https://w3id.org/rtskg/ontology/objectproperty/block_intersects_station_area> <https://w3id.org/rtskg/new_york_city/instance/station_area_403> .
<https://w3id.org/rtskg/new_york_city/instance/block_43492> <https://w3id.org/rtskg/ontology/objectproperty/block_intersects_station_area> <https://w3id.org/rtskg/new_york_city/instance/station_area_495> .
<https://w3id.org/rtskg/new_york_city/instance/block_43492> <https://w3id.org/rtskg/ontology/objectproperty/block_intersects_station_area> <https://w3id.org/rtskg/new_york_city/instance/station_area_497> .
<https://w3id.org/rtskg/new_york_city/instance/block_43492> <https://w3id.org/rtskg/ontology/objectproperty/block_intersects_station_area> <https://w3id.org/rtskg/new_york_city/instance/station_area_501> .
<https://w3id.org/rtskg/new_york_city/instance/block_43492> <https://w3id.org/rtskg/ontology/objectproperty/block_intersects_station_area> <https://w3id.org/rtskg/new_york_city/instance/station_area_547> .
<https://w3id.org/rtskg/new_york_city/instance/block_43492> <https://w3id.org/rtskg/ontology/objectproperty/block_intersects_station_area> <https://w3id.org/rtskg/new_york_city/instance/station_area_548> .
<https://w3id.org/rtskg/new_york_city/instance/block_43492> <https://w3id.org/rtskg/ontology/objectproperty/block_intersects_station_area> <https://w3id.org/rtskg/new_york_city/instance/station_area_637> .
<https://w3id.org/rtskg/new_york_city/instance/block_43492> <https://w3id.org/rtskg/ontology/objectproperty/block_intersects_station_area> <https://w3id.org/rtskg/new_york_city/instance/station_area_638> .
<https://w3id.org/rtskg/new_york_city/instance/block_43492> <https://w3id.org/rtskg/ontology/objectproperty/block_locates_at_borough> <https://w3id.org/rtskg/new_york_city/instance/borough_2> .
<https://w3id.org/rtskg/new_york_city/instance/block_43492> <https://w3id.org/rtskg/ontology/objectproperty/block_locates_at_functional_area> <https://w3id.org/rtskg/new_york_city/instance/functional_area_147> .
