<https://w3id.org/rtskg/new_york_city/instance/block_815> <http://www.w3.org/1999/02/22-rdf-syntax-ns#type> <https://w3id.org/rtskg/ontology/class/block> .
<https://w3id.org/rtskg/new_york_city/instance/block_815> <https://w3id.org/rtskg/ontology/dataproperty/geometry> "POLYGON ((-73.998092 40.625738, -73.998091 40.625738, -73.99809 40.625738, -73.998089 40.625739, -73.998087 40.625739, -73.998086 40.625739, -73.998085 40.625739, -73.998083 40.625739, -73.998082 40.625739, -73.998081 40.625739, -73.998079 40.625739, -73.998078 40.625739, -73.998077 40.625739, -73.998075 40.625738, -73.998074 40.625738, -73.998073 40.625738, -73.998072 40.625738, -73.99807 40.625737, -73.998069 40.625737, -73.998068 40.625737, -73.998067 40.625736, -73.998066 40.625736, -73.998064 40.625735, -73.998063 40.625735, -73.998062 40.625734, -73.998062 40.625734, -73.998061 40.625734, -73.99806 40.625733, -73.998059 40.625733, -73.998058 40.625732, -73.998057 40.625731, -73.998046 40.625724, -73.998011 40.625703, -73.997964 40.625674, -73.997918 40.625645, -73.997872 40.625616, -73.997825 40.625588, -73.997776 40.625558, -73.997728 40.625528, -73.997704 40.625514, -73.997696 40.625509, -73.997679 40.625498, -73.997667 40.625491, -73.997657 40.625485, -73.99763 40.625468, -73.997581 40.625438, -73.997525 40.625403, -73.997505 40.625391, -73.99747 40.625369, -73.997415 40.625334, -73.997382 40.625313, -73.997368 40.625305, -73.997356 40.625298, -73.997351 40.625295, -73.997339 40.625288, -73.997332 40.625284, -73.997331 40.625283, -73.997328 40.625282, -73.997323 40.625274, -73.997323 40.625271, -73.997322 40.625265, -73.997323 40.625263, -73.997374 40.625081, -73.997412 40.62495, -73.997491 40.624674, -73.9975 40.624642, -73.997504 40.624635, -73.997507 40.624631, -73.997512 40.624627, -73.997513 40.624627, -73.997521 40.624623, -73.997529 40.62462, -73.99753 40.62462, -73.99753 40.62462, -73.997537 40.624619, -73.997541 40.624619, -73.997542 40.624619, -73.997554 40.624623, -73.997558 40.624625, -73.997563 40.624628, -73.99758 40.624637, -73.997613 40.624655, -73.997624 40.624662, -73.997643 40.624673, -73.997694 40.624703, -73.997715 40.624715, -73.997745 40.624733, -73.997781 40.624755, -73.997796 40.624764, -73.997847 40.624794, -73.997898 40.624824, -73.997898 40.624824, -73.997927 40.624841, -73.99794 40.624849, -73.997949 40.624855, -73.997976 40.624871, -73.998005 40.624888, -73.998062 40.624922, -73.998118 40.624956, -73.998156 40.62498, -73.998174 40.62499, -73.998187 40.624998, -73.99823 40.625024, -73.998286 40.625058, -73.998335 40.625088, -73.998383 40.625117, -73.998432 40.625147, -73.99848 40.625176, -73.998528 40.625206, -73.998564 40.625228, -73.998577 40.625236, -73.998578 40.625237, -73.998579 40.625238, -73.998579 40.625239, -73.99858 40.62524, -73.99858 40.625241, -73.998581 40.625243, -73.998582 40.625244, -73.998583 40.625246, -73.998583 40.625247, -73.998584 40.625249, -73.998584 40.625251, -73.998584 40.625252, -73.998585 40.625254, -73.998585 40.625255, -73.998585 40.625257, -73.998585 40.625259, -73.998585 40.62526, -73.998585 40.625262, -73.998585 40.625263, -73.998585 40.625265, -73.998584 40.625267, -73.998584 40.625268, -73.998584 40.625269, -73.998583 40.62527, -73.998575 40.625278, -73.998575 40.625278, -73.998545 40.625308, -73.998506 40.625346, -73.998467 40.625384, -73.998435 40.625415, -73.998402 40.625447, -73.998369 40.625478, -73.998327 40.625517, -73.99829 40.625552, -73.998285 40.625556, -73.998268 40.625573, -73.998243 40.625596, -73.998206 40.625631, -73.998201 40.625635, -73.99817 40.625668, -73.998138 40.6257, -73.99812 40.625718, -73.99811 40.625729, -73.998106 40.625733, -73.998105 40.625733, -73.998104 40.625734, -73.998103 40.625734, -73.998102 40.625735, -73.998101 40.625735, -73.9981 40.625736, -73.998099 40.625736, -73.998097 40.625737, -73.998097 40.625737, -73.998096 40.625737, -73.998095 40.625737, -73.998095 40.625737, -73.998094 40.625738, -73.998092 40.625738))"^^<http://www.opengis.net/ont/geosparql#wktLiteral> .
<https://w3id.org/rtskg/new_york_city/instance/block_815> <https://w3id.org/rtskg/ontology/objectproperty/block_intersects_station_area> <https://w3id.org/rtskg/new_york_city/instance/station_area_159> .
<https://w3id.org/rtskg/new_york_city/instance/block_815> <https://w3id.org/rtskg/ontology/objectproperty/block_intersects_station_area> <https://w3id.org/rtskg/new_york_city/instance/station_area_171> .
<https://w3id.org/rtskg/new_york_city/instance/block_815> <https://w3id.org/rtskg/ontology/objectproperty/block_intersects_station_area> <https://w3id.org/rtskg/new_york_city/instance/station_area_172> .
<https://w3id.org/rtskg/new_york_city/instance/block_815> <https://w3id.org/rtskg/ontology/objectproperty/block_intersects_station_area> <https://w3id.org/rtskg/new_york_city/instance/station_area_187> .
<https://w3id.org/rtskg/new_york_city/instance/block_815> <https://w3id.org/rtskg/ontology/objectproperty/block_intersects_station_area> <https://w3id.org/rtskg/new_york_city/instance/station_area_437> .
<https://w3id.org/rtskg/new_york_city/instance/block_815> <https://w3id.org/rtskg/ontology/objectproperty/block_intersects_station_area> <https://w3id.org/rtskg/new_york_city/instance/station_area_63> .
<https://w3id.org/rtskg/new_york_city/instance/block_815> <https://w3id.org/rtskg/ontology/objectproperty/block_locates_at_borough> <https://w3id.org/rtskg/new_york_city/instance/borough_3> .
<https://w3id.org/rtskg/new_york_city/instance/block_815> <https://w3id.org/rtskg/ontology/objectproperty/block_locates_at_functional_area> <https://w3id.org/rtskg/new_york_city/instance/functional_area_67> .
