<https://w3id.org/rtskg/new_york_city/instance/block_40580> <http://www.w3.org/1999/02/22-rdf-syntax-ns#type> <https://w3id.org/rtskg/ontology/class/block> .
<https://w3id.org/rtskg/new_york_city/instance/block_40580> <https://w3id.org/rtskg/ontology/dataproperty/geometry> "POLYGON ((-73.950048 40.747162, -73.950048 40.747162, -73.950048 40.747162, -73.950048 40.747162, -73.950048 40.747162, -73.950049 40.747161, -73.950049 40.747161, -73.950049 40.747161, -73.950049 40.747161, -73.95005 40.747161, -73.95005 40.747161, -73.95005 40.747161, -73.95005 40.74716, -73.950051 40.74716, -73.950051 40.74716, -73.950051 40.74716, -73.950052 40.74716, -73.950052 40.74716, -73.950052 40.74716, -73.950053 40.74716, -73.950053 40.74716, -73.950053 40.74716, -73.950053 40.74716, -73.950054 40.74716, -73.950054 40.74716, -73.950054 40.747159, -73.950055 40.747159, -73.950055 40.747159, -73.950055 40.747159, -73.950056 40.747159, -73.950056 40.747159, -73.950056 40.747159, -73.950056 40.74716, -73.950057 40.74716, -73.950057 40.74716, -73.950057 40.74716, -73.950058 40.74716, -73.950058 40.74716, -73.950058 40.74716, -73.950059 40.74716, -73.950059 40.74716, -73.950059 40.74716, -73.950059 40.74716, -73.95006 40.74716, -73.95006 40.74716, -73.95006 40.747161, -73.950061 40.747161, -73.950061 40.747161, -73.950061 40.747161, -73.950061 40.747161, -73.950062 40.747161, -73.950062 40.747162, -73.950062 40.747162, -73.950062 40.747162, -73.950062 40.747162, -73.950063 40.747162, -73.950063 40.747162, -73.950063 40.747163, -73.950063 40.747163, -73.950063 40.747163, -73.950063 40.747163, -73.950063 40.747163, -73.950064 40.747163, -73.950064 40.747164, -73.950064 40.747164, -73.950064 40.747164, -73.950064 40.747164, -73.950064 40.747165, -73.950064 40.747165, -73.950064 40.747165, -73.950064 40.747165, -73.950064 40.747166, -73.950064 40.747166, -73.950064 40.747166, -73.950064 40.747166, -73.950064 40.747167, -73.950064 40.747167, -73.950064 40.747167, -73.950064 40.747167, -73.950064 40.747168, -73.950064 40.747168, -73.950064 40.747168, -73.950064 40.747168, -73.950064 40.747168, -73.950064 40.747169, -73.950064 40.747169, -73.950064 40.747169, -73.950064 40.747169, -73.950064 40.74717, -73.950063 40.74717, -73.950063 40.74717, -73.950063 40.74717, -73.950063 40.74717, -73.950063 40.747171, -73.950063 40.747171, -73.950057 40.747187, -73.950054 40.747197, -73.950013 40.747322, -73.949969 40.747457, -73.949958 40.747493, -73.949889 40.747703, -73.949885 40.747716, -73.949878 40.747738, -73.949877 40.747739, -73.949877 40.74774, -73.949876 40.74774, -73.949876 40.74774, -73.949875 40.747741, -73.949874 40.747741, -73.949874 40.747742, -73.949873 40.747742, -73.949872 40.747742, -73.949871 40.747742, -73.94987 40.747742, -73.94987 40.747742, -73.949869 40.747742, -73.949868 40.747742, -73.949867 40.747742, -73.949866 40.747742, -73.949866 40.747742, -73.949865 40.747741, -73.949864 40.747741, -73.949863 40.747741, -73.949863 40.74774, -73.949862 40.74774, -73.949862 40.747739, -73.949861 40.747739, -73.949861 40.747738, -73.94986 40.747738, -73.94986 40.747737, -73.94986 40.747736, -73.94986 40.747736, -73.94986 40.747735, -73.949867 40.747713, -73.949871 40.7477, -73.949951 40.747455, -73.94997 40.747393, -73.949996 40.747317, -73.950037 40.747194, -73.95004 40.747183, -73.950046 40.747165, -73.950046 40.747164, -73.950046 40.747164, -73.950047 40.747164, -73.950047 40.747164, -73.950047 40.747163, -73.950047 40.747163, -73.950047 40.747163, -73.950047 40.747163, -73.950047 40.747163, -73.950048 40.747162))"^^<http://www.opengis.net/ont/geosparql#wktLiteral> .
<https://w3id.org/rtskg/new_york_city/instance/block_40580> <https://w3id.org/rtskg/ontology/objectproperty/block_intersects_station_area> <https://w3id.org/rtskg/new_york_city/instance/station_area_379> .
<https://w3id.org/rtskg/new_york_city/instance/block_40580> <https://w3id.org/rtskg/ontology/objectproperty/block_intersects_station_area> <https://w3id.org/rtskg/new_york_city/instance/station_area_380> .
<https://w3id.org/rtskg/new_york_city/instance/block_40580> <https://w3id.org/rtskg/ontology/objectproperty/block_intersects_station_area> <https://w3id.org/rtskg/new_york_city/instance/station_area_493> .
<https://w3id.org/rtskg/new_york_city/instance/block_40580> <https://w3id.org/rtskg/ontology/objectproperty/block_intersects_station_area> <https://w3id.org/rtskg/new_york_city/instance/station_area_709> .
<https://w3id.org/rtskg/new_york_city/instance/block_40580> <https://w3id.org/rtskg/ontology/objectproperty/block_intersects_station_area> <https://w3id.org/rtskg/new_york_city/instance/station_area_85> .
<https://w3id.org/rtskg/new_york_city/instance/block_40580> <https://w3id.org/rtskg/ontology/objectproperty/block_intersects_station_area> <https://w3id.org/rtskg/new_york_city/instance/station_area_86> .
<https://w3id.org/rtskg/new_york_city/instance/block_40580> <https://w3id.org/rtskg/ontology/objectproperty/block_locates_at_borough> <https://w3id.org/rtskg/new_york_city/instance/borough_4> .
<https://w3id.org/rtskg/new_york_city/instance/block_40580> <https://w3id.org/rtskg/ontology/objectproperty/block_locates_at_functional_area> <https://w3id.org/rtskg/new_york_city/instance/functional_area_145> .
