<https://w3id.org/rtskg/new_york_city/instance/block_19863> <http://www.w3.org/1999/02/22-rdf-syntax-ns#type> <https://w3id.org/rtskg/ontology/class/block> .
<https://w3id.org/rtskg/new_york_city/instance/block_19863> <https://w3id.org/rtskg/ontology/dataproperty/geometry> "POLYGON ((-73.957393 40.709104, -73.957394 40.709105, -73.957394 40.709106, -73.957395 40.709107, -73.957396 40.709108, -73.957396 40.70911, -73.957397 40.709111, -73.957398 40.709112, -73.957398 40.709113, -73.957399 40.709114, -73.957399 40.709114, -73.957399 40.709115, -73.957399 40.709116, -73.9574 40.709117, -73.9574 40.709118, -73.9574 40.70912, -73.9574 40.709121, -73.9574 40.709122, -73.9574 40.709123, -73.9574 40.709123, -73.9574 40.709124, -73.9574 40.709125, -73.9574 40.709126, -73.9574 40.709127, -73.9574 40.709128, -73.9574 40.709129, -73.957399 40.70913, -73.957399 40.709131, -73.957399 40.709132, -73.957398 40.709133, -73.957398 40.709134, -73.957397 40.709135, -73.957397 40.709136, -73.957396 40.709138, -73.957372 40.709176, -73.957368 40.709182, -73.957356 40.7092, -73.957354 40.709203, -73.957352 40.709207, -73.957337 40.70923, -73.957333 40.709237, -73.957307 40.709278, -73.957277 40.709325, -73.957246 40.709373, -73.957216 40.709421, -73.957186 40.709468, -73.957178 40.709481, -73.957155 40.709516, -73.957125 40.709564, -73.957113 40.709583, -73.957108 40.709591, -73.957095 40.709611, -73.957084 40.709629, -73.957083 40.70963, -73.957081 40.709632, -73.957078 40.709638, -73.95707 40.709651, -73.957067 40.709655, -73.957064 40.70966, -73.957064 40.70966, -73.957062 40.709662, -73.95706 40.709666, -73.957057 40.70967, -73.957053 40.709675, -73.95705 40.70968, -73.957046 40.709686, -73.957045 40.709687, -73.957044 40.709689, -73.95704 40.709694, -73.957037 40.709698, -73.957033 40.7097, -73.957029 40.709703, -73.957024 40.709705, -73.957023 40.709705, -73.957019 40.709706, -73.957014 40.709707, -73.957009 40.709707, -73.957004 40.709706, -73.956823 40.709642, -73.95681 40.709638, -73.956737 40.709611, -73.956683 40.709591, -73.956687 40.709584, -73.95669 40.709579, -73.956701 40.709559, -73.956713 40.70954, -73.956715 40.709536, -73.956716 40.709535, -73.956716 40.709534, -73.956729 40.709512, -73.956738 40.709496, -73.956752 40.709471, -73.956763 40.709453, -73.956788 40.70941, -73.956812 40.709367, -73.956837 40.709325, -73.956862 40.709282, -73.956886 40.709239, -73.956926 40.709168, -73.956953 40.709116, -73.956964 40.709097, -73.956968 40.709087, -73.957015 40.708998, -73.957015 40.708997, -73.957015 40.708997, -73.957015 40.708997, -73.957015 40.708997, -73.957015 40.708997, -73.957016 40.708996, -73.957016 40.708996, -73.957016 40.708996, -73.957019 40.708991, -73.957021 40.708985, -73.957025 40.708979, -73.957028 40.708973, -73.957028 40.708973, -73.957028 40.708973, -73.957029 40.708973, -73.957029 40.708974, -73.957034 40.708975, -73.957055 40.708982, -73.957087 40.708993, -73.957092 40.708995, -73.957093 40.708996, -73.957148 40.709015, -73.957205 40.709034, -73.957261 40.709053, -73.957317 40.709073, -73.957337 40.70908, -73.957374 40.709093, -73.957376 40.709093, -73.957376 40.709093, -73.957377 40.709094, -73.957379 40.709094, -73.95738 40.709095, -73.957381 40.709095, -73.957382 40.709096, -73.957384 40.709097, -73.957385 40.709098, -73.957386 40.709098, -73.957387 40.709099, -73.957388 40.7091, -73.957389 40.709101, -73.957389 40.709101, -73.95739 40.709102, -73.957391 40.709103, -73.957392 40.709104, -73.957393 40.709104))"^^<http://www.opengis.net/ont/geosparql#wktLiteral> .
<https://w3id.org/rtskg/new_york_city/instance/block_19863> <https://w3id.org/rtskg/ontology/objectproperty/block_intersects_station_area> <https://w3id.org/rtskg/new_york_city/instance/station_area_323> .
<https://w3id.org/rtskg/new_york_city/instance/block_19863> <https://w3id.org/rtskg/ontology/objectproperty/block_intersects_station_area> <https://w3id.org/rtskg/new_york_city/instance/station_area_479> .
<https://w3id.org/rtskg/new_york_city/instance/block_19863> <https://w3id.org/rtskg/ontology/objectproperty/block_intersects_station_area> <https://w3id.org/rtskg/new_york_city/instance/station_area_480> .
<https://w3id.org/rtskg/new_york_city/instance/block_19863> <https://w3id.org/rtskg/ontology/objectproperty/block_intersects_station_area> <https://w3id.org/rtskg/new_york_city/instance/station_area_553> .
<https://w3id.org/rtskg/new_york_city/instance/block_19863> <https://w3id.org/rtskg/ontology/objectproperty/block_intersects_station_area> <https://w3id.org/rtskg/new_york_city/instance/station_area_554> .
<https://w3id.org/rtskg/new_york_city/instance/block_19863> <https://w3id.org/rtskg/ontology/objectproperty/block_intersects_station_area> <https://w3id.org/rtskg/new_york_city/instance/station_area_555> .
<https://w3id.org/rtskg/new_york_city/instance/block_19863> <https://w3id.org/rtskg/ontology/objectproperty/block_locates_at_borough> <https://w3id.org/rtskg/new_york_city/instance/borough_3> .
<https://w3id.org/rtskg/new_york_city/instance/block_19863> <https://w3id.org/rtskg/ontology/objectproperty/block_locates_at_functional_area> <https://w3id.org/rtskg/new_york_city/instance/functional_area_256> .
