<https://w3id.org/rtskg/new_york_city/instance/block_18253> <http://www.w3.org/1999/02/22-rdf-syntax-ns#type> <https://w3id.org/rtskg/ontology/class/block> .
<https://w3id.org/rtskg/new_york_city/instance/block_18253> <https://w3id.org/rtskg/ontology/dataproperty/geometry> "POLYGON ((-74.004403 40.731026, -74.004402 40.731026, -74.004402 40.731025, -74.004402 40.731025, -74.004402 40.731024, -74.004402 40.731023, -74.004401 40.731023, -74.004401 40.731022, -74.004401 40.731022, -74.004401 40.731021, -74.004401 40.73102, -74.004401 40.73102, -74.004401 40.731019, -74.004401 40.731019, -74.004401 40.731018, -74.004402 40.731017, -74.004402 40.731017, -74.004418 40.730988, -74.004427 40.730973, -74.004466 40.730905, -74.004473 40.730893, -74.004474 40.730892, -74.004474 40.730892, -74.004474 40.730892, -74.004475 40.730891, -74.004476 40.730891, -74.004477 40.73089, -74.004478 40.73089, -74.004479 40.73089, -74.004479 40.730889, -74.00448 40.730889, -74.004481 40.730888, -74.004482 40.730888, -74.004483 40.730888, -74.004484 40.730887, -74.004485 40.730887, -74.004486 40.730887, -74.004487 40.730887, -74.004489 40.730886, -74.00449 40.730886, -74.004491 40.730886, -74.004492 40.730886, -74.004493 40.730886, -74.004494 40.730886, -74.004495 40.730886, -74.004496 40.730886, -74.004497 40.730886, -74.004498 40.730886, -74.004499 40.730886, -74.0045 40.730886, -74.004501 40.730886, -74.004503 40.730886, -74.004504 40.730887, -74.004505 40.730887, -74.004506 40.730887, -74.004507 40.730887, -74.004508 40.730888, -74.004509 40.730888, -74.00451 40.730888, -74.004511 40.730889, -74.004512 40.730889, -74.004512 40.73089, -74.004513 40.73089, -74.004514 40.730891, -74.004515 40.730891, -74.004516 40.730892, -74.004517 40.730892, -74.004518 40.730893, -74.004518 40.730893, -74.004519 40.730894, -74.004519 40.730894, -74.00452 40.730896, -74.004521 40.730898, -74.004528 40.730908, -74.004559 40.730959, -74.004561 40.730961, -74.004567 40.730971, -74.004567 40.730971, -74.004568 40.730972, -74.004568 40.730973, -74.004568 40.730974, -74.004568 40.730974, -74.004568 40.730975, -74.004568 40.730976, -74.004569 40.730976, -74.004569 40.730977, -74.004569 40.730977, -74.004569 40.730978, -74.004569 40.730979, -74.004569 40.73098, -74.004568 40.73098, -74.004568 40.730981, -74.004568 40.730982, -74.004568 40.730983, -74.004568 40.730983, -74.004568 40.730984, -74.004567 40.730985, -74.004567 40.730985, -74.004567 40.730986, -74.004567 40.730986, -74.004566 40.730987, -74.004566 40.730988, -74.004565 40.730988, -74.004565 40.730989, -74.004564 40.73099, -74.004564 40.73099, -74.004563 40.730991, -74.004563 40.730991, -74.004562 40.730992, -74.004562 40.730992, -74.004561 40.730993, -74.004561 40.730993, -74.00456 40.730994, -74.004559 40.730994, -74.004559 40.730995, -74.004558 40.730995, -74.004557 40.730996, -74.004556 40.730996, -74.004555 40.730996, -74.004535 40.731004, -74.004511 40.731012, -74.004495 40.731017, -74.004459 40.731028, -74.004448 40.731032, -74.00444 40.731034, -74.00443 40.731037, -74.004429 40.731037, -74.004429 40.731037, -74.004428 40.731037, -74.004427 40.731037, -74.004426 40.731037, -74.004426 40.731038, -74.004426 40.731038, -74.004425 40.731038, -74.004424 40.731038, -74.004423 40.731038, -74.004422 40.731038, -74.004422 40.731038, -74.004421 40.731037, -74.00442 40.731037, -74.004419 40.731037, -74.004419 40.731037, -74.004418 40.731037, -74.004417 40.731037, -74.004416 40.731037, -74.004416 40.731036, -74.004415 40.731036, -74.004414 40.731036, -74.004414 40.731036, -74.004413 40.731035, -74.004412 40.731035, -74.004411 40.731035, -74.004411 40.731035, -74.00441 40.731034, -74.00441 40.731034, -74.004409 40.731033, -74.004408 40.731033, -74.004408 40.731033, -74.004407 40.731032, -74.004407 40.731032, -74.004406 40.731031, -74.004406 40.731031, -74.004405 40.73103, -74.004405 40.73103, -74.004405 40.731029, -74.004404 40.731029, -74.004404 40.731028, -74.004403 40.731028, -74.004403 40.731027, -74.004403 40.731027, -74.004403 40.731026))"^^<http://www.opengis.net/ont/geosparql#wktLiteral> .
<https://w3id.org/rtskg/new_york_city/instance/block_18253> <https://w3id.org/rtskg/ontology/objectproperty/block_intersects_station_area> <https://w3id.org/rtskg/new_york_city/instance/station_area_29> .
<https://w3id.org/rtskg/new_york_city/instance/block_18253> <https://w3id.org/rtskg/ontology/objectproperty/block_intersects_station_area> <https://w3id.org/rtskg/new_york_city/instance/station_area_359> .
<https://w3id.org/rtskg/new_york_city/instance/block_18253> <https://w3id.org/rtskg/ontology/objectproperty/block_intersects_station_area> <https://w3id.org/rtskg/new_york_city/instance/station_area_360> .
<https://w3id.org/rtskg/new_york_city/instance/block_18253> <https://w3id.org/rtskg/ontology/objectproperty/block_intersects_station_area> <https://w3id.org/rtskg/new_york_city/instance/station_area_483> .
<https://w3id.org/rtskg/new_york_city/instance/block_18253> <https://w3id.org/rtskg/ontology/objectproperty/block_intersects_station_area> <https://w3id.org/rtskg/new_york_city/instance/station_area_484> .
<https://w3id.org/rtskg/new_york_city/instance/block_18253> <https://w3id.org/rtskg/ontology/objectproperty/block_intersects_station_area> <https://w3id.org/rtskg/new_york_city/instance/station_area_671> .
<https://w3id.org/rtskg/new_york_city/instance/block_18253> <https://w3id.org/rtskg/ontology/objectproperty/block_intersects_station_area> <https://w3id.org/rtskg/new_york_city/instance/station_area_711> .
<https://w3id.org/rtskg/new_york_city/instance/block_18253> <https://w3id.org/rtskg/ontology/objectproperty/block_intersects_station_area> <https://w3id.org/rtskg/new_york_city/instance/station_area_712> .
<https://w3id.org/rtskg/new_york_city/instance/block_18253> <https://w3id.org/rtskg/ontology/objectproperty/block_locates_at_borough> <https://w3id.org/rtskg/new_york_city/instance/borough_1> .
<https://w3id.org/rtskg/new_york_city/instance/block_18253> <https://w3id.org/rtskg/ontology/objectproperty/block_locates_at_functional_area> <https://w3id.org/rtskg/new_york_city/instance/functional_area_249> .
