<https://w3id.org/rtskg/new_york_city/instance/block_41219> <http://www.w3.org/1999/02/22-rdf-syntax-ns#type> <https://w3id.org/rtskg/ontology/class/block> .
<https://w3id.org/rtskg/new_york_city/instance/block_41219> <https://w3id.org/rtskg/ontology/dataproperty/geometry> "POLYGON ((-73.928008 40.756105, -73.92802 40.75609, -73.928035 40.756072, -73.928041 40.756065, -73.928071 40.756029, -73.9281 40.755994, -73.928129 40.755958, -73.928141 40.755944, -73.928146 40.755939, -73.928155 40.755927, -73.928159 40.755923, -73.928172 40.755914, -73.928192 40.755915, -73.928209 40.755922, -73.928209 40.755923, -73.928228 40.755931, -73.928252 40.755943, -73.928312 40.75597, -73.928372 40.755998, -73.928431 40.756026, -73.928491 40.756054, -73.928551 40.756082, -73.928609 40.756109, -73.928667 40.756136, -73.928724 40.756163, -73.928782 40.75619, -73.928838 40.756217, -73.928839 40.756217, -73.92884 40.756217, -73.928851 40.75623, -73.928857 40.756236, -73.928853 40.756253, -73.928852 40.756257, -73.928845 40.756267, -73.928838 40.756275, -73.928817 40.756301, -73.928781 40.756345, -73.928745 40.756388, -73.92871 40.756432, -73.928707 40.756435, -73.928678 40.756471, -73.928674 40.756476, -73.92866 40.756493, -73.928638 40.756519, -73.928619 40.756543, -73.928603 40.756563, -73.928602 40.756564, -73.928568 40.756605, -73.928534 40.756647, -73.928499 40.756689, -73.928472 40.756722, -73.928465 40.756732, -73.928454 40.756744, -73.92843 40.756774, -73.928425 40.75678, -73.928396 40.756816, -73.928361 40.756858, -73.928334 40.75689, -73.928327 40.7569, -73.928317 40.756912, -73.928292 40.756942, -73.928277 40.756961, -73.928258 40.756984, -73.928246 40.756998, -73.928223 40.757027, -73.928215 40.757037, -73.928189 40.75707, -73.928189 40.757071, -73.928155 40.757113, -73.928121 40.757156, -73.928086 40.757199, -73.928053 40.757241, -73.928052 40.757242, -73.928035 40.757263, -73.92802 40.757282, -73.927989 40.757321, -73.927978 40.757335, -73.92796 40.757357, -73.927957 40.75736, -73.927926 40.7574, -73.927894 40.757439, -73.927863 40.757479, -73.927832 40.757516, -73.927801 40.757553, -73.927771 40.757591, -73.92774 40.757628, -73.927719 40.757654, -73.927713 40.757661, -73.92771 40.757665, -73.927709 40.757665, -73.927688 40.757673, -73.927687 40.757674, -73.927679 40.757673, -73.92767 40.757672, -73.92766 40.75767, -73.927599 40.757642, -73.927539 40.757614, -73.927478 40.757585, -73.927418 40.757557, -73.927357 40.757529, -73.927337 40.75752, -73.927296 40.757501, -73.927288 40.757497, -73.927242 40.757476, -73.927231 40.75747, -73.927188 40.757451, -73.927181 40.757447, -73.927134 40.757426, -73.927112 40.757415, -73.927104 40.757412, -73.927088 40.757404, -73.92708 40.757401, -73.927026 40.757376, -73.927025 40.757374, -73.927021 40.757369, -73.927013 40.757359, -73.927013 40.757358, -73.927013 40.757354, -73.927014 40.757337, -73.927014 40.757337, -73.927014 40.757333, -73.927023 40.757322, -73.927048 40.757292, -73.927082 40.75725, -73.927116 40.757208, -73.92714 40.757178, -73.927149 40.757166, -73.927152 40.757163, -73.927155 40.757159, -73.927183 40.757124, -73.927217 40.757082, -73.927235 40.757061, -73.92725 40.757042, -73.927251 40.757041, -73.927285 40.756999, -73.927319 40.756957, -73.927337 40.756934, -73.927352 40.756915, -73.927355 40.756912, -73.927391 40.756867, -73.927428 40.756821, -73.927462 40.756779, -73.927464 40.756776, -73.927487 40.756748, -73.9275 40.756731, -73.927502 40.756729, -73.927537 40.756686, -73.927544 40.756676, -73.927573 40.75664, -73.927579 40.756633, -73.92761 40.756595, -73.927648 40.75655, -73.927685 40.756505, -73.927717 40.756465, -73.927749 40.756425, -73.927781 40.756385, -73.927813 40.756345, -73.927845 40.756305, -73.927877 40.756265, -73.92791 40.756225, -73.927921 40.756212, -73.927943 40.756185, -73.927963 40.756161, -73.927976 40.756145, -73.927983 40.756136, -73.928008 40.756105))"^^<http://www.opengis.net/ont/geosparql#wktLiteral> .
<https://w3id.org/rtskg/new_york_city/instance/block_41219> <https://w3id.org/rtskg/ontology/objectproperty/block_intersects_station_area> <https://w3id.org/rtskg/new_york_city/instance/station_area_127> .
<https://w3id.org/rtskg/new_york_city/instance/block_41219> <https://w3id.org/rtskg/ontology/objectproperty/block_intersects_station_area> <https://w3id.org/rtskg/new_york_city/instance/station_area_128> .
<https://w3id.org/rtskg/new_york_city/instance/block_41219> <https://w3id.org/rtskg/ontology/objectproperty/block_intersects_station_area> <https://w3id.org/rtskg/new_york_city/instance/station_area_129> .
<https://w3id.org/rtskg/new_york_city/instance/block_41219> <https://w3id.org/rtskg/ontology/objectproperty/block_intersects_station_area> <https://w3id.org/rtskg/new_york_city/instance/station_area_131> .
<https://w3id.org/rtskg/new_york_city/instance/block_41219> <https://w3id.org/rtskg/ontology/objectproperty/block_intersects_station_area> <https://w3id.org/rtskg/new_york_city/instance/station_area_323> .
<https://w3id.org/rtskg/new_york_city/instance/block_41219> <https://w3id.org/rtskg/ontology/objectproperty/block_intersects_station_area> <https://w3id.org/rtskg/new_york_city/instance/station_area_679> .
<https://w3id.org/rtskg/new_york_city/instance/block_41219> <https://w3id.org/rtskg/ontology/objectproperty/block_locates_at_borough> <https://w3id.org/rtskg/new_york_city/instance/borough_4> .
<https://w3id.org/rtskg/new_york_city/instance/block_41219> <https://w3id.org/rtskg/ontology/objectproperty/block_locates_at_functional_area> <https://w3id.org/rtskg/new_york_city/instance/functional_area_7> .
