<https://w3id.org/rtskg/new_york_city/instance/block_18040> <http://www.w3.org/1999/02/22-rdf-syntax-ns#type> <https://w3id.org/rtskg/ontology/class/block> .
<https://w3id.org/rtskg/new_york_city/instance/block_18040> <https://w3id.org/rtskg/ontology/dataproperty/geometry> "POLYGON ((-74.00681 40.721799, -74.006826 40.721789, -74.006842 40.72178, -74.006859 40.721771, -74.006876 40.721762, -74.006894 40.721755, -74.006912 40.721747, -74.006929 40.721741, -74.00693 40.72174, -74.006948 40.721734, -74.006967 40.721729, -74.006969 40.721728, -74.006985 40.721723, -74.007002 40.721718, -74.00702 40.721713, -74.007038 40.721709, -74.007056 40.721706, -74.007074 40.721703, -74.007093 40.721701, -74.007112 40.7217, -74.00713 40.721699, -74.007141 40.721699, -74.007149 40.721698, -74.007168 40.721699, -74.007186 40.7217, -74.007205 40.721701, -74.007224 40.721703, -74.007251 40.721706, -74.007344 40.721714, -74.007534 40.721733, -74.007593 40.721741, -74.007609 40.721744, -74.007619 40.721745, -74.007636 40.721749, -74.007662 40.721755, -74.007689 40.721761, -74.007715 40.721768, -74.007741 40.721776, -74.007767 40.721784, -74.007792 40.721793, -74.007817 40.721802, -74.007842 40.721812, -74.007935 40.721851, -74.007935 40.721851, -74.008044 40.7219, -74.008093 40.721923, -74.008117 40.721934, -74.008126 40.721938, -74.008127 40.72194, -74.008128 40.721943, -74.008128 40.721945, -74.008127 40.721948, -74.008125 40.72195, -74.008123 40.721952, -74.00812 40.721954, -74.008117 40.721955, -74.008114 40.721955, -74.00811 40.721955, -74.008109 40.721955, -74.008082 40.721952, -74.007952 40.721938, -74.007943 40.721936, -74.007934 40.721934, -74.007926 40.721931, -74.007918 40.721928, -74.00791 40.721923, -74.007903 40.721919, -74.007856 40.721875, -74.00785 40.721871, -74.007843 40.721868, -74.007835 40.721865, -74.007827 40.721862, -74.007819 40.72186, -74.007811 40.721859, -74.007803 40.721859, -74.007794 40.721859, -74.007495 40.721829, -74.007158 40.721798, -74.007087 40.72179, -74.006898 40.72177, -74.006867 40.721778, -74.006852 40.721786, -74.006837 40.721794, -74.006822 40.721803, -74.006808 40.721812, -74.006795 40.721822, -74.006782 40.721832, -74.006769 40.721843, -74.006757 40.721853, -74.006746 40.721865, -74.006735 40.721876, -74.006725 40.721888, -74.006716 40.7219, -74.006707 40.721913, -74.0067 40.721926, -74.006692 40.721939, -74.006685 40.721955, -74.006683 40.721958, -74.006675 40.721978, -74.006667 40.721998, -74.00666 40.722018, -74.006654 40.722039, -74.006648 40.722059, -74.006643 40.722079, -74.006639 40.7221, -74.006636 40.722121, -74.006633 40.722142, -74.006631 40.722162, -74.00663 40.722183, -74.006629 40.722204, -74.006629 40.722227, -74.00663 40.72225, -74.006631 40.722272, -74.006634 40.722295, -74.006637 40.722318, -74.00664 40.722341, -74.006644 40.722363, -74.006649 40.722386, -74.006654 40.722403, -74.006655 40.722408, -74.006657 40.722418, -74.00666 40.722427, -74.006664 40.722437, -74.006668 40.722446, -74.006671 40.722451, -74.006674 40.722455, -74.00668 40.722463, -74.006687 40.722471, -74.006694 40.722479, -74.006703 40.722487, -74.006711 40.722494, -74.006713 40.722496, -74.006713 40.722497, -74.006713 40.722499, -74.006712 40.722501, -74.00671 40.722502, -74.006707 40.722503, -74.006705 40.722503, -74.006702 40.722502, -74.006693 40.722495, -74.006685 40.722487, -74.006677 40.722478, -74.00667 40.72247, -74.006669 40.722468, -74.006663 40.722461, -74.006657 40.722452, -74.006652 40.722442, -74.006648 40.722432, -74.006644 40.722423, -74.006642 40.722415, -74.006641 40.722413, -74.006639 40.722402, -74.006617 40.72228, -74.006616 40.722255, -74.006616 40.72223, -74.006616 40.722204, -74.006617 40.722179, -74.006619 40.722154, -74.006622 40.722129, -74.006625 40.722103, -74.006629 40.722078, -74.006633 40.722061, -74.006637 40.722044, -74.006642 40.722028, -74.006647 40.722011, -74.006653 40.721994, -74.00666 40.721978, -74.006668 40.721962, -74.006672 40.721954, -74.006676 40.721946, -74.006678 40.721942, -74.00668 40.721939, -74.006685 40.72193, -74.006695 40.721914, -74.006705 40.721899, -74.006716 40.721884, -74.006727 40.721869, -74.00674 40.721854, -74.006752 40.721842, -74.006766 40.721831, -74.00678 40.72182, -74.006795 40.721809, -74.00681 40.721799))"^^<http://www.opengis.net/ont/geosparql#wktLiteral> .
<https://w3id.org/rtskg/new_york_city/instance/block_18040> <https://w3id.org/rtskg/ontology/objectproperty/block_intersects_station_area> <https://w3id.org/rtskg/new_york_city/instance/station_area_339> .
<https://w3id.org/rtskg/new_york_city/instance/block_18040> <https://w3id.org/rtskg/ontology/objectproperty/block_intersects_station_area> <https://w3id.org/rtskg/new_york_city/instance/station_area_340> .
<https://w3id.org/rtskg/new_york_city/instance/block_18040> <https://w3id.org/rtskg/ontology/objectproperty/block_intersects_station_area> <https://w3id.org/rtskg/new_york_city/instance/station_area_353> .
<https://w3id.org/rtskg/new_york_city/instance/block_18040> <https://w3id.org/rtskg/ontology/objectproperty/block_intersects_station_area> <https://w3id.org/rtskg/new_york_city/instance/station_area_355> .
<https://w3id.org/rtskg/new_york_city/instance/block_18040> <https://w3id.org/rtskg/ontology/objectproperty/block_intersects_station_area> <https://w3id.org/rtskg/new_york_city/instance/station_area_443> .
<https://w3id.org/rtskg/new_york_city/instance/block_18040> <https://w3id.org/rtskg/ontology/objectproperty/block_intersects_station_area> <https://w3id.org/rtskg/new_york_city/instance/station_area_444> .
<https://w3id.org/rtskg/new_york_city/instance/block_18040> <https://w3id.org/rtskg/ontology/objectproperty/block_intersects_station_area> <https://w3id.org/rtskg/new_york_city/instance/station_area_483> .
<https://w3id.org/rtskg/new_york_city/instance/block_18040> <https://w3id.org/rtskg/ontology/objectproperty/block_intersects_station_area> <https://w3id.org/rtskg/new_york_city/instance/station_area_671> .
<https://w3id.org/rtskg/new_york_city/instance/block_18040> <https://w3id.org/rtskg/ontology/objectproperty/block_locates_at_borough> <https://w3id.org/rtskg/new_york_city/instance/borough_1> .
<https://w3id.org/rtskg/new_york_city/instance/block_18040> <https://w3id.org/rtskg/ontology/objectproperty/block_locates_at_functional_area> <https://w3id.org/rtskg/new_york_city/instance/functional_area_231> .
