<https://w3id.org/rtskg/new_york_city/instance/block_38101> <http://www.w3.org/1999/02/22-rdf-syntax-ns#type> <https://w3id.org/rtskg/ontology/class/block> .
<https://w3id.org/rtskg/new_york_city/instance/block_38101> <https://w3id.org/rtskg/ontology/dataproperty/geometry> "POLYGON ((-73.902792 40.85188, -73.902792 40.85188, -73.902797 40.851884, -73.902799 40.851885, -73.902835 40.851911, -73.902836 40.851913, -73.902881 40.851945, -73.902925 40.851977, -73.902937 40.851986, -73.90296 40.852003, -73.902969 40.85201, -73.903011 40.852042, -73.903047 40.852069, -73.903053 40.852073, -73.903095 40.852105, -73.903137 40.852137, -73.903179 40.852168, -73.903229 40.852206, -73.90328 40.852243, -73.903305 40.852262, -73.903328 40.852279, -73.90333 40.85228, -73.903339 40.852284, -73.903348 40.852289, -73.903398 40.852312, -73.903386 40.852326, -73.903383 40.852328, -73.90338 40.85233, -73.903376 40.85233, -73.903373 40.852331, -73.903372 40.852331, -73.903371 40.852331, -73.903371 40.852331, -73.903369 40.85233, -73.903369 40.85233, -73.903367 40.85233, -73.903366 40.85233, -73.903365 40.85233, -73.903364 40.852329, -73.903362 40.852328, -73.903359 40.852327, -73.903359 40.852326, -73.903356 40.852325, -73.903356 40.852325, -73.903352 40.852322, -73.903351 40.852322, -73.903346 40.852319, -73.903339 40.852315, -73.903333 40.852311, -73.903331 40.85231, -73.90332 40.852303, -73.903303 40.85229, -73.903264 40.852259, -73.903219 40.852226, -73.903216 40.852223, -73.903175 40.852193, -73.903154 40.852177, -73.90313 40.852159, -73.903117 40.852149, -73.903085 40.852126, -73.903041 40.852092, -73.90301 40.85207, -73.902997 40.852061, -73.902954 40.852029, -73.902954 40.852029, -73.902943 40.852021, -73.90291 40.851997, -73.902879 40.851975, -73.902867 40.851966, -73.902823 40.851934, -73.902818 40.85193, -73.902799 40.851916, -73.90278 40.851902, -73.902777 40.8519, -73.902772 40.851897, -73.902771 40.851897, -73.902771 40.851896, -73.902771 40.851896, -73.90277 40.851896, -73.90277 40.851895, -73.90277 40.851895, -73.90277 40.851895, -73.902769 40.851894, -73.902769 40.851894, -73.902769 40.851894, -73.902769 40.851893, -73.902769 40.851893, -73.902768 40.851893, -73.902768 40.851892, -73.902768 40.851892, -73.902768 40.851891, -73.902768 40.851891, -73.902768 40.851891, -73.902768 40.85189, -73.902768 40.85189, -73.902768 40.851889, -73.902768 40.851889, -73.902768 40.851889, -73.902768 40.851888, -73.902768 40.851888, -73.902768 40.851887, -73.902768 40.851887, -73.902768 40.851887, -73.902768 40.851886, -73.902768 40.851886, -73.902768 40.851886, -73.902769 40.851885, -73.902769 40.851885, -73.902769 40.851884, -73.902769 40.851884, -73.902769 40.851884, -73.90277 40.851883, -73.90277 40.851883, -73.90277 40.851883, -73.902771 40.851882, -73.902771 40.851882, -73.902771 40.851882, -73.902771 40.851881, -73.902772 40.851881, -73.902772 40.851881, -73.902773 40.851881, -73.902773 40.85188, -73.902773 40.85188, -73.902774 40.85188, -73.902774 40.85188, -73.902775 40.851879, -73.902775 40.851879, -73.902776 40.851879, -73.902776 40.851879, -73.902777 40.851879, -73.902777 40.851878, -73.902777 40.851878, -73.902778 40.851878, -73.902778 40.851878, -73.902779 40.851878, -73.902779 40.851878, -73.90278 40.851878, -73.90278 40.851878, -73.902781 40.851878, -73.902782 40.851878, -73.902782 40.851878, -73.902783 40.851878, -73.902783 40.851878, -73.902784 40.851878, -73.902784 40.851878, -73.902785 40.851878, -73.902785 40.851878, -73.902786 40.851878, -73.902786 40.851878, -73.902787 40.851878, -73.902787 40.851878, -73.902788 40.851878, -73.902788 40.851878, -73.902789 40.851879, -73.902789 40.851879, -73.90279 40.851879, -73.90279 40.851879, -73.902791 40.851879, -73.902791 40.851879, -73.902791 40.85188, -73.902792 40.85188))"^^<http://www.opengis.net/ont/geosparql#wktLiteral> .
<https://w3id.org/rtskg/new_york_city/instance/block_38101> <https://w3id.org/rtskg/ontology/objectproperty/block_intersects_station_area> <https://w3id.org/rtskg/new_york_city/instance/station_area_335> .
<https://w3id.org/rtskg/new_york_city/instance/block_38101> <https://w3id.org/rtskg/ontology/objectproperty/block_intersects_station_area> <https://w3id.org/rtskg/new_york_city/instance/station_area_699> .
<https://w3id.org/rtskg/new_york_city/instance/block_38101> <https://w3id.org/rtskg/ontology/objectproperty/block_intersects_station_area> <https://w3id.org/rtskg/new_york_city/instance/station_area_69> .
<https://w3id.org/rtskg/new_york_city/instance/block_38101> <https://w3id.org/rtskg/ontology/objectproperty/block_intersects_station_area> <https://w3id.org/rtskg/new_york_city/instance/station_area_700> .
<https://w3id.org/rtskg/new_york_city/instance/block_38101> <https://w3id.org/rtskg/ontology/objectproperty/block_intersects_station_area> <https://w3id.org/rtskg/new_york_city/instance/station_area_70> .
<https://w3id.org/rtskg/new_york_city/instance/block_38101> <https://w3id.org/rtskg/ontology/objectproperty/block_intersects_station_area> <https://w3id.org/rtskg/new_york_city/instance/station_area_71> .
<https://w3id.org/rtskg/new_york_city/instance/block_38101> <https://w3id.org/rtskg/ontology/objectproperty/block_locates_at_borough> <https://w3id.org/rtskg/new_york_city/instance/borough_2> .
<https://w3id.org/rtskg/new_york_city/instance/block_38101> <https://w3id.org/rtskg/ontology/objectproperty/block_locates_at_functional_area> <https://w3id.org/rtskg/new_york_city/instance/functional_area_169> .
