<https://w3id.org/rtskg/new_york_city/instance/block_44418> <http://www.w3.org/1999/02/22-rdf-syntax-ns#type> <https://w3id.org/rtskg/ontology/class/block> .
<https://w3id.org/rtskg/new_york_city/instance/block_44418> <https://w3id.org/rtskg/ontology/dataproperty/geometry> "POLYGON ((-73.943477 40.835977, -73.943478 40.835977, -73.943479 40.835978, -73.94348 40.835978, -73.94348 40.835978, -73.943481 40.835979, -73.943482 40.83598, -73.943483 40.83598, -73.943484 40.835981, -73.943485 40.835982, -73.943486 40.835982, -73.943487 40.835983, -73.943488 40.835984, -73.943488 40.835984, -73.943489 40.835985, -73.94349 40.835986, -73.943491 40.835987, -73.943491 40.835987, -73.943492 40.835988, -73.943493 40.835989, -73.943493 40.83599, -73.943494 40.835991, -73.943494 40.835992, -73.943495 40.835993, -73.943495 40.835994, -73.943495 40.835994, -73.943496 40.835995, -73.943496 40.835996, -73.943496 40.835997, -73.943497 40.835998, -73.943497 40.835999, -73.943497 40.836, -73.943497 40.836001, -73.943497 40.836002, -73.943497 40.836003, -73.943497 40.836003, -73.943497 40.836005, -73.943497 40.836006, -73.943497 40.836007, -73.943497 40.836008, -73.943496 40.836009, -73.943496 40.83601, -73.943496 40.836011, -73.943495 40.836012, -73.94349 40.836019, -73.943481 40.836032, -73.943475 40.83604, -73.943467 40.836052, -73.943406 40.836135, -73.943332 40.836238, -73.943254 40.836346, -73.94318 40.836449, -73.943177 40.836452, -73.943159 40.836478, -73.943153 40.836486, -73.94314 40.836504, -73.943135 40.83651, -73.943134 40.836511, -73.943132 40.836511, -73.943131 40.836511, -73.94313 40.836512, -73.943128 40.836512, -73.943126 40.836512, -73.943125 40.836513, -73.943123 40.836513, -73.943122 40.836513, -73.94312 40.836513, -73.943119 40.836513, -73.943117 40.836513, -73.943116 40.836513, -73.943114 40.836513, -73.943112 40.836513, -73.943111 40.836513, -73.943109 40.836513, -73.943108 40.836513, -73.943106 40.836513, -73.943105 40.836512, -73.943103 40.836512, -73.943102 40.836512, -73.9431 40.836511, -73.943099 40.836511, -73.943097 40.83651, -73.943096 40.83651, -73.943094 40.836509, -73.943093 40.836509, -73.943092 40.836508, -73.943091 40.836508, -73.94309 40.836508, -73.943089 40.836507, -73.943088 40.836506, -73.943086 40.836505, -73.943085 40.836505, -73.943084 40.836504, -73.943083 40.836503, -73.943082 40.836502, -73.943081 40.836501, -73.94308 40.8365, -73.943079 40.836499, -73.943078 40.836498, -73.943077 40.836497, -73.943076 40.836496, -73.943075 40.836495, -73.943075 40.836494, -73.943074 40.836494, -73.943074 40.836493, -73.943073 40.836492, -73.943073 40.836491, -73.943072 40.83649, -73.943072 40.836489, -73.943071 40.836487, -73.943071 40.836486, -73.94307 40.836485, -73.94307 40.836484, -73.94307 40.836483, -73.94307 40.836481, -73.94307 40.83648, -73.94307 40.836479, -73.94307 40.836478, -73.94307 40.836477, -73.94307 40.836475, -73.94307 40.836474, -73.94307 40.836474, -73.943082 40.836458, -73.943083 40.836456, -73.943089 40.836448, -73.943111 40.836419, -73.943187 40.836316, -73.943191 40.836311, -73.943192 40.83631, -73.943257 40.836223, -73.943266 40.83621, -73.943341 40.836106, -73.943395 40.836032, -73.9434 40.836025, -73.943409 40.836013, -73.943417 40.836001, -73.943433 40.835978, -73.943435 40.835978, -73.943435 40.835978, -73.943436 40.835977, -73.943437 40.835977, -73.943438 40.835976, -73.943439 40.835976, -73.943441 40.835975, -73.943442 40.835975, -73.943443 40.835975, -73.943444 40.835974, -73.943446 40.835974, -73.943447 40.835974, -73.943448 40.835974, -73.943448 40.835973, -73.94345 40.835973, -73.943451 40.835973, -73.943453 40.835973, -73.943454 40.835973, -73.943455 40.835973, -73.943457 40.835973, -73.943458 40.835973, -73.94346 40.835973, -73.943461 40.835973, -73.943461 40.835973, -73.943462 40.835973, -73.943464 40.835973, -73.943465 40.835973, -73.943466 40.835974, -73.943468 40.835974, -73.943469 40.835974, -73.94347 40.835974, -73.943472 40.835975, -73.943473 40.835975, -73.943474 40.835976, -73.943475 40.835976, -73.943477 40.835977))"^^<http://www.opengis.net/ont/geosparql#wktLiteral> .
<https://w3id.org/rtskg/new_york_city/instance/block_44418> <https://w3id.org/rtskg/ontology/objectproperty/block_intersects_station_area> <https://w3id.org/rtskg/new_york_city/instance/station_area_39> .
<https://w3id.org/rtskg/new_york_city/instance/block_44418> <https://w3id.org/rtskg/ontology/objectproperty/block_intersects_station_area> <https://w3id.org/rtskg/new_york_city/instance/station_area_41> .
<https://w3id.org/rtskg/new_york_city/instance/block_44418> <https://w3id.org/rtskg/ontology/objectproperty/block_intersects_station_area> <https://w3id.org/rtskg/new_york_city/instance/station_area_42> .
<https://w3id.org/rtskg/new_york_city/instance/block_44418> <https://w3id.org/rtskg/ontology/objectproperty/block_intersects_station_area> <https://w3id.org/rtskg/new_york_city/instance/station_area_45> .
<https://w3id.org/rtskg/new_york_city/instance/block_44418> <https://w3id.org/rtskg/ontology/objectproperty/block_intersects_station_area> <https://w3id.org/rtskg/new_york_city/instance/station_area_46> .
<https://w3id.org/rtskg/new_york_city/instance/block_44418> <https://w3id.org/rtskg/ontology/objectproperty/block_intersects_station_area> <https://w3id.org/rtskg/new_york_city/instance/station_area_49> .
<https://w3id.org/rtskg/new_york_city/instance/block_44418> <https://w3id.org/rtskg/ontology/objectproperty/block_locates_at_borough> <https://w3id.org/rtskg/new_york_city/instance/borough_1> .
<https://w3id.org/rtskg/new_york_city/instance/block_44418> <https://w3id.org/rtskg/ontology/objectproperty/block_locates_at_functional_area> <https://w3id.org/rtskg/new_york_city/instance/functional_area_244> .
