<https://w3id.org/rtskg/new_york_city/instance/block_17317> <http://www.w3.org/1999/02/22-rdf-syntax-ns#type> <https://w3id.org/rtskg/ontology/class/block> .
<https://w3id.org/rtskg/new_york_city/instance/block_17317> <https://w3id.org/rtskg/ontology/dataproperty/geometry> "POLYGON ((-73.991082 40.699958, -73.991092 40.699938, -73.991093 40.699937, -73.991095 40.699934, -73.991098 40.699932, -73.991099 40.699931, -73.991103 40.699928, -73.991103 40.699928, -73.991108 40.699926, -73.991113 40.699924, -73.991118 40.699922, -73.991124 40.699921, -73.991126 40.699921, -73.99113 40.699921, -73.991135 40.699921, -73.991136 40.699921, -73.991141 40.699922, -73.991144 40.699923, -73.991146 40.699923, -73.991215 40.699941, -73.99123 40.699965, -73.991268 40.699975, -73.99133 40.699993, -73.991392 40.70001, -73.991454 40.700027, -73.991516 40.700044, -73.99153 40.700048, -73.991564 40.700058, -73.991608 40.70005, -73.991612 40.700049, -73.991616 40.70005, -73.991619 40.700051, -73.991629 40.700053, -73.991633 40.700054, -73.991638 40.700056, -73.991647 40.700059, -73.991651 40.700061, -73.991655 40.700063, -73.99166 40.700065, -73.991663 40.700067, -73.991671 40.700072, -73.991675 40.700076, -73.991678 40.700081, -73.991681 40.700086, -73.991682 40.70009, -73.991682 40.700091, -73.991683 40.700096, -73.991683 40.700101, -73.991682 40.700107, -73.991681 40.700108, -73.991673 40.700124, -73.991669 40.700133, -73.991665 40.700141, -73.991662 40.700143, -73.991658 40.700145, -73.991654 40.700146, -73.991649 40.700148, -73.991643 40.70015, -73.991638 40.700151, -73.991636 40.700152, -73.991635 40.700154, -73.991629 40.700165, -73.991605 40.700214, -73.991582 40.700264, -73.991571 40.700286, -73.991558 40.700313, -73.991534 40.700363, -73.991516 40.700401, -73.991511 40.700412, -73.991487 40.700461, -73.991463 40.700511, -73.99146 40.700518, -73.99144 40.70056, -73.991421 40.700599, -73.991416 40.70061, -73.991404 40.700635, -73.991392 40.700659, -73.991369 40.700708, -73.991359 40.700728, -73.991351 40.700744, -73.991349 40.700748, -73.991345 40.700758, -73.991337 40.700775, -73.991321 40.700807, -73.991319 40.700812, -73.991313 40.700824, -73.991313 40.700827, -73.991324 40.700852, -73.991314 40.700873, -73.991312 40.700878, -73.991308 40.700882, -73.991308 40.700883, -73.991304 40.700887, -73.991299 40.700891, -73.991296 40.700893, -73.991294 40.700894, -73.99129 40.700895, -73.991286 40.700895, -73.991282 40.700894, -73.991279 40.700892, -73.991268 40.700885, -73.991245 40.700871, -73.991234 40.700864, -73.991233 40.700864, -73.991232 40.700863, -73.991231 40.700862, -73.99123 40.700861, -73.991219 40.700854, -73.991209 40.700847, -73.991199 40.70084, -73.99119 40.700832, -73.991181 40.700824, -73.991173 40.700817, -73.991172 40.700816, -73.991163 40.700808, -73.991155 40.7008, -73.991147 40.700791, -73.99114 40.700782, -73.991133 40.700773, -73.991126 40.700764, -73.991096 40.700724, -73.991093 40.70072, -73.991066 40.700684, -73.991037 40.700645, -73.991017 40.700618, -73.991012 40.700611, -73.99101 40.700609, -73.991007 40.700605, -73.991007 40.700605, -73.990987 40.700579, -73.990977 40.700565, -73.990971 40.700556, -73.990966 40.700546, -73.990961 40.700536, -73.990956 40.700526, -73.990952 40.700516, -73.990948 40.700506, -73.990946 40.700498, -73.990945 40.700496, -73.990942 40.700486, -73.99094 40.700476, -73.990938 40.700465, -73.990937 40.700455, -73.990936 40.700444, -73.990935 40.700434, -73.990935 40.700424, -73.990936 40.700413, -73.990937 40.700403, -73.990938 40.700393, -73.990938 40.700392, -73.99094 40.700382, -73.990942 40.700372, -73.990945 40.700361, -73.990948 40.700351, -73.990951 40.700341, -73.990966 40.700293, -73.99098 40.700255, -73.990983 40.700246, -73.991002 40.700199, -73.991023 40.700152, -73.991029 40.700137, -73.991043 40.700104, -73.991063 40.700056, -73.991071 40.700035, -73.991083 40.700007, -73.991092 40.699985, -73.991082 40.699958))"^^<http://www.opengis.net/ont/geosparql#wktLiteral> .
<https://w3id.org/rtskg/new_york_city/instance/block_17317> <https://w3id.org/rtskg/ontology/objectproperty/block_intersects_station_area> <https://w3id.org/rtskg/new_york_city/instance/station_area_305> .
<https://w3id.org/rtskg/new_york_city/instance/block_17317> <https://w3id.org/rtskg/ontology/objectproperty/block_intersects_station_area> <https://w3id.org/rtskg/new_york_city/instance/station_area_365> .
<https://w3id.org/rtskg/new_york_city/instance/block_17317> <https://w3id.org/rtskg/ontology/objectproperty/block_intersects_station_area> <https://w3id.org/rtskg/new_york_city/instance/station_area_366> .
<https://w3id.org/rtskg/new_york_city/instance/block_17317> <https://w3id.org/rtskg/ontology/objectproperty/block_intersects_station_area> <https://w3id.org/rtskg/new_york_city/instance/station_area_481> .
<https://w3id.org/rtskg/new_york_city/instance/block_17317> <https://w3id.org/rtskg/ontology/objectproperty/block_intersects_station_area> <https://w3id.org/rtskg/new_york_city/instance/station_area_482> .
<https://w3id.org/rtskg/new_york_city/instance/block_17317> <https://w3id.org/rtskg/ontology/objectproperty/block_intersects_station_area> <https://w3id.org/rtskg/new_york_city/instance/station_area_737> .
<https://w3id.org/rtskg/new_york_city/instance/block_17317> <https://w3id.org/rtskg/ontology/objectproperty/block_locates_at_borough> <https://w3id.org/rtskg/new_york_city/instance/borough_3> .
<https://w3id.org/rtskg/new_york_city/instance/block_17317> <https://w3id.org/rtskg/ontology/objectproperty/block_locates_at_functional_area> <https://w3id.org/rtskg/new_york_city/instance/functional_area_33> .
