<https://w3id.org/rtskg/new_york_city/instance/block_44414> <http://www.w3.org/1999/02/22-rdf-syntax-ns#type> <https://w3id.org/rtskg/ontology/class/block> .
<https://w3id.org/rtskg/new_york_city/instance/block_44414> <https://w3id.org/rtskg/ontology/dataproperty/geometry> "POLYGON ((-73.944383 40.834728, -73.944384 40.834728, -73.944385 40.834729, -73.944387 40.834729, -73.944388 40.83473, -73.944389 40.83473, -73.944391 40.834731, -73.944392 40.834732, -73.944393 40.834732, -73.944394 40.834733, -73.944395 40.834734, -73.944396 40.834735, -73.944398 40.834735, -73.944398 40.834736, -73.944399 40.834736, -73.9444 40.834737, -73.9444 40.834738, -73.944401 40.834739, -73.944402 40.83474, -73.944403 40.834741, -73.944404 40.834742, -73.944405 40.834743, -73.944405 40.834744, -73.944405 40.834744, -73.944406 40.834745, -73.944406 40.834746, -73.944407 40.834747, -73.944407 40.834748, -73.944408 40.834749, -73.944408 40.834751, -73.944409 40.834752, -73.944409 40.834753, -73.944409 40.834754, -73.944409 40.834755, -73.94441 40.834756, -73.94441 40.834757, -73.94441 40.834759, -73.94441 40.834759, -73.94441 40.83476, -73.94441 40.834761, -73.944402 40.834771, -73.944394 40.834782, -73.944393 40.834783, -73.944393 40.834784, -73.944383 40.834798, -73.944299 40.834913, -73.944255 40.834972, -73.944252 40.834977, -73.944206 40.835039, -73.944111 40.83517, -73.94407 40.835225, -73.944062 40.835236, -73.944049 40.835254, -73.944048 40.835255, -73.944048 40.835255, -73.944047 40.835256, -73.944045 40.835257, -73.944044 40.835257, -73.944043 40.835258, -73.944042 40.835259, -73.944041 40.835259, -73.94404 40.83526, -73.944038 40.83526, -73.944037 40.835261, -73.944036 40.835261, -73.944034 40.835262, -73.944033 40.835262, -73.944032 40.835262, -73.94403 40.835263, -73.944029 40.835263, -73.944027 40.835263, -73.944026 40.835264, -73.944025 40.835264, -73.944025 40.835264, -73.944023 40.835264, -73.944022 40.835264, -73.94402 40.835264, -73.944019 40.835264, -73.944017 40.835264, -73.944016 40.835264, -73.944015 40.835264, -73.944013 40.835264, -73.944012 40.835264, -73.94401 40.835263, -73.944009 40.835263, -73.944007 40.835263, -73.944006 40.835263, -73.944005 40.835262, -73.944003 40.835262, -73.944002 40.835262, -73.944002 40.835261, -73.944001 40.835261, -73.944 40.835261, -73.943999 40.83526, -73.943998 40.83526, -73.943997 40.835259, -73.943996 40.835259, -73.943994 40.835258, -73.943993 40.835258, -73.943992 40.835257, -73.943991 40.835256, -73.94399 40.835255, -73.943989 40.835255, -73.943988 40.835254, -73.943987 40.835253, -73.943986 40.835252, -73.943985 40.835251, -73.943984 40.83525, -73.943984 40.835249, -73.943983 40.835249, -73.943982 40.835248, -73.943981 40.835247, -73.943981 40.835246, -73.943981 40.835245, -73.94398 40.835245, -73.94398 40.835244, -73.943979 40.835243, -73.943979 40.835241, -73.943978 40.83524, -73.943978 40.835239, -73.943978 40.835238, -73.943977 40.835237, -73.943977 40.835236, -73.943977 40.835235, -73.943977 40.835234, -73.943977 40.835233, -73.943977 40.835232, -73.943977 40.835231, -73.943977 40.83523, -73.943977 40.835228, -73.943978 40.835227, -73.943978 40.835226, -73.943978 40.835226, -73.943991 40.835208, -73.943992 40.835207, -73.943998 40.835199, -73.944041 40.835142, -73.94414 40.835011, -73.944158 40.834987, -73.944234 40.834881, -73.944315 40.834769, -73.944324 40.834757, -73.944325 40.834756, -73.944326 40.834754, -73.944334 40.834743, -73.944342 40.834732, -73.944344 40.834729, -73.944346 40.834728, -73.944347 40.834728, -73.944349 40.834727, -73.94435 40.834727, -73.944351 40.834727, -73.944353 40.834726, -73.944354 40.834726, -73.944356 40.834726, -73.944357 40.834726, -73.944359 40.834725, -73.94436 40.834725, -73.944361 40.834725, -73.944362 40.834725, -73.944363 40.834725, -73.944365 40.834725, -73.944366 40.834725, -73.944368 40.834725, -73.944369 40.834725, -73.944371 40.834725, -73.944372 40.834725, -73.944372 40.834725, -73.944374 40.834726, -73.944375 40.834726, -73.944377 40.834726, -73.944378 40.834726, -73.94438 40.834727, -73.944381 40.834727, -73.944383 40.834728))"^^<http://www.opengis.net/ont/geosparql#wktLiteral> .
<https://w3id.org/rtskg/new_york_city/instance/block_44414> <https://w3id.org/rtskg/ontology/objectproperty/block_intersects_station_area> <https://w3id.org/rtskg/new_york_city/instance/station_area_39> .
<https://w3id.org/rtskg/new_york_city/instance/block_44414> <https://w3id.org/rtskg/ontology/objectproperty/block_intersects_station_area> <https://w3id.org/rtskg/new_york_city/instance/station_area_41> .
<https://w3id.org/rtskg/new_york_city/instance/block_44414> <https://w3id.org/rtskg/ontology/objectproperty/block_intersects_station_area> <https://w3id.org/rtskg/new_york_city/instance/station_area_42> .
<https://w3id.org/rtskg/new_york_city/instance/block_44414> <https://w3id.org/rtskg/ontology/objectproperty/block_intersects_station_area> <https://w3id.org/rtskg/new_york_city/instance/station_area_45> .
<https://w3id.org/rtskg/new_york_city/instance/block_44414> <https://w3id.org/rtskg/ontology/objectproperty/block_intersects_station_area> <https://w3id.org/rtskg/new_york_city/instance/station_area_46> .
<https://w3id.org/rtskg/new_york_city/instance/block_44414> <https://w3id.org/rtskg/ontology/objectproperty/block_intersects_station_area> <https://w3id.org/rtskg/new_york_city/instance/station_area_49> .
<https://w3id.org/rtskg/new_york_city/instance/block_44414> <https://w3id.org/rtskg/ontology/objectproperty/block_locates_at_borough> <https://w3id.org/rtskg/new_york_city/instance/borough_1> .
<https://w3id.org/rtskg/new_york_city/instance/block_44414> <https://w3id.org/rtskg/ontology/objectproperty/block_locates_at_functional_area> <https://w3id.org/rtskg/new_york_city/instance/functional_area_244> .
