<https://w3id.org/rtskg/new_york_city/instance/block_39147> <http://www.w3.org/1999/02/22-rdf-syntax-ns#type> <https://w3id.org/rtskg/ontology/class/block> .
<https://w3id.org/rtskg/new_york_city/instance/block_39147> <https://w3id.org/rtskg/ontology/dataproperty/geometry> "POLYGON ((-73.885387 40.877455, -73.885387 40.877456, -73.885388 40.877456, -73.885388 40.877456, -73.885388 40.877456, -73.885388 40.877457, -73.885389 40.877457, -73.885389 40.877458, -73.885389 40.877458, -73.885389 40.877459, -73.885389 40.877459, -73.885389 40.877459, -73.88539 40.87746, -73.88539 40.87746, -73.88539 40.877461, -73.88539 40.877461, -73.88539 40.877462, -73.88539 40.877462, -73.88539 40.877462, -73.88539 40.877463, -73.88539 40.877463, -73.88539 40.877464, -73.88539 40.877464, -73.88539 40.877465, -73.88539 40.877465, -73.885381 40.877484, -73.885379 40.877489, -73.885374 40.8775, -73.885369 40.877511, -73.885367 40.877516, -73.885312 40.877638, -73.885275 40.877719, -73.885265 40.877741, -73.885196 40.877896, -73.88517 40.877955, -73.885051 40.878221, -73.88502 40.878291, -73.885016 40.8783, -73.885013 40.878308, -73.885008 40.878316, -73.885004 40.878324, -73.884999 40.878333, -73.884992 40.878345, -73.884969 40.878408, -73.884985 40.878447, -73.884958 40.878503, -73.884956 40.878506, -73.884938 40.878543, -73.884937 40.878545, -73.884936 40.878545, -73.884936 40.878546, -73.884935 40.878546, -73.884935 40.878547, -73.884934 40.878547, -73.884933 40.878547, -73.884933 40.878547, -73.884932 40.878547, -73.884932 40.878547, -73.884931 40.878547, -73.884931 40.878547, -73.88493 40.878547, -73.884929 40.878547, -73.884929 40.878547, -73.884928 40.878547, -73.884927 40.878546, -73.884927 40.878546, -73.884926 40.878546, -73.884926 40.878545, -73.884925 40.878545, -73.884925 40.878545, -73.884925 40.878544, -73.884924 40.878544, -73.884924 40.878543, -73.884915 40.878527, -73.884914 40.878527, -73.884895 40.878495, -73.884896 40.878491, -73.884898 40.878487, -73.884899 40.878483, -73.8849 40.878481, -73.8849 40.87848, -73.8849 40.87848, -73.884917 40.87844, -73.884918 40.878438, -73.884979 40.878292, -73.884991 40.878266, -73.885022 40.878197, -73.885129 40.877957, -73.885181 40.877841, -73.885233 40.877727, -73.885331 40.877507, -73.885334 40.877501, -73.885339 40.877491, -73.885344 40.877479, -73.885346 40.877474, -73.885351 40.877462, -73.885352 40.877462, -73.885352 40.877462, -73.885352 40.877461, -73.885352 40.877461, -73.885352 40.87746, -73.885352 40.87746, -73.885352 40.877459, -73.885352 40.877459, -73.885353 40.877458, -73.885353 40.877458, -73.885353 40.877457, -73.885353 40.877457, -73.885354 40.877456, -73.885354 40.877456, -73.885354 40.877455, -73.885355 40.877455, -73.885355 40.877455, -73.885355 40.877454, -73.885356 40.877454, -73.885356 40.877453, -73.885356 40.877453, -73.885356 40.877453, -73.885357 40.877453, -73.885357 40.877453, -73.885358 40.877452, -73.885358 40.877452, -73.885359 40.877452, -73.885359 40.877451, -73.885359 40.877451, -73.88536 40.877451, -73.88536 40.877451, -73.885361 40.87745, -73.885361 40.87745, -73.885362 40.87745, -73.885363 40.87745, -73.885363 40.87745, -73.885364 40.877449, -73.885364 40.877449, -73.885365 40.877449, -73.885366 40.877449, -73.885366 40.877449, -73.885367 40.877449, -73.885368 40.877449, -73.885368 40.877448, -73.885369 40.877448, -73.88537 40.877448, -73.88537 40.877448, -73.885371 40.877448, -73.885372 40.877448, -73.885372 40.877448, -73.885373 40.877448, -73.885374 40.877448, -73.885374 40.877449, -73.885375 40.877449, -73.885375 40.877449, -73.885376 40.877449, -73.885377 40.877449, -73.885377 40.877449, -73.885378 40.877449, -73.885379 40.87745, -73.885379 40.87745, -73.88538 40.87745, -73.88538 40.87745, -73.885381 40.877451, -73.885382 40.877451, -73.885382 40.877451, -73.885383 40.877451, -73.885383 40.877452, -73.885384 40.877452, -73.885384 40.877452, -73.885385 40.877453, -73.885385 40.877453, -73.885385 40.877453, -73.885386 40.877454, -73.885386 40.877454, -73.885387 40.877455, -73.885387 40.877455))"^^<http://www.opengis.net/ont/geosparql#wktLiteral> .
<https://w3id.org/rtskg/new_york_city/instance/block_39147> <https://w3id.org/rtskg/ontology/objectproperty/block_intersects_station_area> <https://w3id.org/rtskg/new_york_city/instance/station_area_293> .
<https://w3id.org/rtskg/new_york_city/instance/block_39147> <https://w3id.org/rtskg/ontology/objectproperty/block_intersects_station_area> <https://w3id.org/rtskg/new_york_city/instance/station_area_295> .
<https://w3id.org/rtskg/new_york_city/instance/block_39147> <https://w3id.org/rtskg/ontology/objectproperty/block_intersects_station_area> <https://w3id.org/rtskg/new_york_city/instance/station_area_296> .
<https://w3id.org/rtskg/new_york_city/instance/block_39147> <https://w3id.org/rtskg/ontology/objectproperty/block_intersects_station_area> <https://w3id.org/rtskg/new_york_city/instance/station_area_571> .
<https://w3id.org/rtskg/new_york_city/instance/block_39147> <https://w3id.org/rtskg/ontology/objectproperty/block_intersects_station_area> <https://w3id.org/rtskg/new_york_city/instance/station_area_572> .
<https://w3id.org/rtskg/new_york_city/instance/block_39147> <https://w3id.org/rtskg/ontology/objectproperty/block_intersects_station_area> <https://w3id.org/rtskg/new_york_city/instance/station_area_603> .
<https://w3id.org/rtskg/new_york_city/instance/block_39147> <https://w3id.org/rtskg/ontology/objectproperty/block_locates_at_borough> <https://w3id.org/rtskg/new_york_city/instance/borough_2> .
<https://w3id.org/rtskg/new_york_city/instance/block_39147> <https://w3id.org/rtskg/ontology/objectproperty/block_locates_at_functional_area> <https://w3id.org/rtskg/new_york_city/instance/functional_area_18> .
