<https://w3id.org/rtskg/new_york_city/instance/block_44939> <http://www.w3.org/1999/02/22-rdf-syntax-ns#type> <https://w3id.org/rtskg/ontology/class/block> .
<https://w3id.org/rtskg/new_york_city/instance/block_44939> <https://w3id.org/rtskg/ontology/dataproperty/geometry> "POLYGON ((-73.893425 40.816748, -73.893379 40.816795, -73.893364 40.81681, -73.893107 40.817072, -73.892952 40.817233, -73.892937 40.817248, -73.892843 40.817346, -73.89278 40.817411, -73.892778 40.817413, -73.892776 40.817416, -73.892759 40.817433, -73.892711 40.817405, -73.892676 40.817384, -73.892637 40.817361, -73.892599 40.817338, -73.892566 40.817319, -73.892566 40.817319, -73.892559 40.817315, -73.892555 40.817312, -73.892552 40.81731, -73.892549 40.817309, -73.892548 40.817308, -73.892547 40.817308, -73.892545 40.817307, -73.892545 40.817306, -73.892544 40.817306, -73.892543 40.817305, -73.892541 40.817304, -73.892537 40.817302, -73.892533 40.817299, -73.892527 40.817296, -73.89252 40.817292, -73.892463 40.817258, -73.892422 40.817232, -73.892355 40.817193, -73.892261 40.817137, -73.892219 40.817112, -73.892208 40.817106, -73.892207 40.817104, -73.892207 40.817104, -73.892207 40.817103, -73.892206 40.817102, -73.892205 40.817101, -73.892204 40.817099, -73.892204 40.817098, -73.892203 40.817097, -73.892203 40.817095, -73.892202 40.817094, -73.892202 40.817092, -73.892202 40.817091, -73.892202 40.81709, -73.892201 40.817088, -73.892201 40.817087, -73.892201 40.817085, -73.892201 40.817084, -73.892201 40.817083, -73.892202 40.817081, -73.892202 40.81708, -73.892202 40.817078, -73.892202 40.817077, -73.892203 40.817076, -73.892203 40.817074, -73.892204 40.817073, -73.892204 40.817071, -73.892205 40.81707, -73.892206 40.817069, -73.892212 40.817062, -73.892224 40.817051, -73.892247 40.817028, -73.892288 40.816987, -73.89232 40.816955, -73.892329 40.816946, -73.89237 40.816905, -73.892412 40.816864, -73.892453 40.816823, -73.892494 40.816782, -73.892534 40.816742, -73.892555 40.816721, -73.892574 40.816702, -73.892614 40.816662, -73.892654 40.816623, -73.892694 40.816583, -73.892734 40.816543, -73.892774 40.816504, -73.892808 40.816469, -73.892825 40.816452, -73.892841 40.816435, -73.892875 40.816401, -73.892896 40.81638, -73.892905 40.816371, -73.892909 40.816367, -73.892911 40.816366, -73.892914 40.816364, -73.892916 40.816363, -73.892919 40.816361, -73.892922 40.81636, -73.892922 40.81636, -73.892924 40.816358, -73.892927 40.816357, -73.89293 40.816356, -73.892933 40.816355, -73.892936 40.816354, -73.892939 40.816353, -73.892942 40.816352, -73.892946 40.816351, -73.892949 40.816351, -73.892981 40.816348, -73.892995 40.816347, -73.893016 40.816345, -73.893105 40.816338, -73.893213 40.81633, -73.893285 40.816324, -73.893343 40.816318, -73.893401 40.816312, -73.89344 40.816308, -73.893472 40.816305, -73.893478 40.816304, -73.8935 40.816302, -73.893522 40.8163, -73.893526 40.816299, -73.893527 40.816299, -73.893531 40.816299, -73.893536 40.816298, -73.893541 40.816298, -73.893545 40.816297, -73.89355 40.816297, -73.893554 40.816296, -73.89356 40.816296, -73.89357 40.816295, -73.893624 40.816291, -73.893682 40.816287, -73.893732 40.816284, -73.893741 40.816283, -73.893807 40.816278, -73.893879 40.816273, -73.893882 40.816273, -73.893886 40.816273, -73.893886 40.816273, -73.89386 40.816299, -73.893855 40.816304, -73.893851 40.816309, -73.893828 40.816331, -73.893824 40.816336, -73.893727 40.816434, -73.893425 40.816748))"^^<http://www.opengis.net/ont/geosparql#wktLiteral> .
<https://w3id.org/rtskg/new_york_city/instance/block_44939> <https://w3id.org/rtskg/ontology/objectproperty/block_intersects_station_area> <https://w3id.org/rtskg/new_york_city/instance/station_area_495> .
<https://w3id.org/rtskg/new_york_city/instance/block_44939> <https://w3id.org/rtskg/ontology/objectproperty/block_intersects_station_area> <https://w3id.org/rtskg/new_york_city/instance/station_area_496> .
<https://w3id.org/rtskg/new_york_city/instance/block_44939> <https://w3id.org/rtskg/ontology/objectproperty/block_intersects_station_area> <https://w3id.org/rtskg/new_york_city/instance/station_area_497> .
<https://w3id.org/rtskg/new_york_city/instance/block_44939> <https://w3id.org/rtskg/ontology/objectproperty/block_intersects_station_area> <https://w3id.org/rtskg/new_york_city/instance/station_area_547> .
<https://w3id.org/rtskg/new_york_city/instance/block_44939> <https://w3id.org/rtskg/ontology/objectproperty/block_intersects_station_area> <https://w3id.org/rtskg/new_york_city/instance/station_area_548> .
<https://w3id.org/rtskg/new_york_city/instance/block_44939> <https://w3id.org/rtskg/ontology/objectproperty/block_intersects_station_area> <https://w3id.org/rtskg/new_york_city/instance/station_area_637> .
<https://w3id.org/rtskg/new_york_city/instance/block_44939> <https://w3id.org/rtskg/ontology/objectproperty/block_intersects_station_area> <https://w3id.org/rtskg/new_york_city/instance/station_area_667> .
<https://w3id.org/rtskg/new_york_city/instance/block_44939> <https://w3id.org/rtskg/ontology/objectproperty/block_locates_at_borough> <https://w3id.org/rtskg/new_york_city/instance/borough_2> .
<https://w3id.org/rtskg/new_york_city/instance/block_44939> <https://w3id.org/rtskg/ontology/objectproperty/block_locates_at_functional_area> <https://w3id.org/rtskg/new_york_city/instance/functional_area_126> .
