<https://w3id.org/rtskg/new_york_city/instance/block_19566> <http://www.w3.org/1999/02/22-rdf-syntax-ns#type> <https://w3id.org/rtskg/ontology/class/block> .
<https://w3id.org/rtskg/new_york_city/instance/block_19566> <https://w3id.org/rtskg/ontology/dataproperty/geometry> "POLYGON ((-73.984486 40.699241, -73.984475 40.699234, -73.984164 40.699031, -73.983765 40.698769, -73.983654 40.698689, -73.983653 40.698689, -73.983386 40.698516, -73.983355 40.698494, -73.983335 40.698478, -73.983334 40.698477, -73.983313 40.698457, -73.983318 40.698457, -73.983344 40.698458, -73.983349 40.698458, -73.983403 40.69846, -73.983457 40.698462, -73.983473 40.698463, -73.983525 40.698465, -73.983593 40.698467, -73.983606 40.698468, -73.983661 40.69847, -73.983729 40.698472, -73.983738 40.698473, -73.983791 40.698475, -73.983797 40.698475, -73.983799 40.698475, -73.983863 40.698477, -73.983866 40.698477, -73.983868 40.698477, -73.983934 40.69848, -73.983997 40.698483, -73.984005 40.698483, -73.984077 40.698486, -73.984115 40.698487, -73.984146 40.698489, -73.984149 40.698489, -73.98422 40.698492, -73.984247 40.698493, -73.984268 40.698494, -73.984292 40.698495, -73.984364 40.698498, -73.984399 40.698499, -73.984429 40.6985, -73.984495 40.698503, -73.984551 40.698505, -73.98456 40.698505, -73.984591 40.698506, -73.984603 40.698507, -73.984626 40.698508, -73.984667 40.698509, -73.984691 40.69851, -73.984704 40.698511, -73.984757 40.698513, -73.984801 40.698514, -73.984822 40.698515, -73.98489 40.698518, -73.984924 40.69852, -73.984957 40.698521, -73.985026 40.698524, -73.985026 40.698524, -73.985026 40.698524, -73.985026 40.698524, -73.985026 40.698524, -73.985027 40.698524, -73.985027 40.698524, -73.985027 40.698524, -73.985027 40.698525, -73.985027 40.698525, -73.985028 40.698525, -73.985028 40.698525, -73.985028 40.698525, -73.985028 40.698525, -73.985028 40.698525, -73.985028 40.698525, -73.985029 40.698525, -73.985029 40.698525, -73.985029 40.698525, -73.985029 40.698525, -73.985029 40.698525, -73.985029 40.698526, -73.985029 40.698526, -73.98503 40.698526, -73.98503 40.698526, -73.98503 40.698526, -73.98503 40.698526, -73.98503 40.698526, -73.98503 40.698526, -73.98503 40.698527, -73.98503 40.698527, -73.98503 40.698527, -73.985031 40.698527, -73.985031 40.698527, -73.985031 40.698527, -73.985031 40.698527, -73.985031 40.698528, -73.985031 40.698528, -73.985031 40.698528, -73.985031 40.698528, -73.985031 40.698528, -73.985031 40.698528, -73.985031 40.698528, -73.985031 40.698529, -73.985031 40.698529, -73.985031 40.698529, -73.985031 40.698529, -73.985031 40.698529, -73.985031 40.698529, -73.985031 40.698529, -73.985031 40.69853, -73.985031 40.69853, -73.985031 40.69853, -73.985031 40.69853, -73.985031 40.69853, -73.985031 40.69853, -73.98503 40.69853, -73.98503 40.698531, -73.98503 40.698531, -73.98503 40.698531, -73.98503 40.698531, -73.98503 40.698531, -73.98503 40.698531, -73.98503 40.698531, -73.98503 40.698531, -73.985029 40.698532, -73.985029 40.698532, -73.985029 40.698532, -73.985029 40.698532, -73.985029 40.698532, -73.985029 40.698532, -73.985029 40.698532, -73.985028 40.698532, -73.984996 40.698549, -73.984989 40.698552, -73.98495 40.698574, -73.98492 40.698591, -73.984913 40.698596, -73.984885 40.698613, -73.984858 40.698631, -73.984831 40.69865, -73.984806 40.698669, -73.984781 40.698689, -73.984757 40.69871, -73.98474 40.698726, -73.984734 40.698731, -73.984731 40.698735, -73.984712 40.698753, -73.984691 40.698775, -73.984677 40.698793, -73.984671 40.698798, -73.984652 40.698822, -73.98464 40.698838, -73.984634 40.698845, -73.984628 40.698855, -73.984617 40.69887, -73.984588 40.698917, -73.98456 40.698964, -73.984556 40.69897, -73.984553 40.698976, -73.984549 40.698982, -73.984546 40.698988, -73.984537 40.699012, -73.984537 40.699013, -73.984535 40.699019, -73.984535 40.699019, -73.984525 40.699046, -73.984516 40.699074, -73.984511 40.699092, -73.984508 40.699101, -73.984506 40.69911, -73.984501 40.699128, -73.984501 40.699128, -73.984501 40.699129, -73.984498 40.699145, -73.984495 40.699157, -73.984495 40.699162, -73.984492 40.69918, -73.984491 40.699185, -73.984488 40.699211, -73.984488 40.699213, -73.984486 40.699241))"^^<http://www.opengis.net/ont/geosparql#wktLiteral> .
<https://w3id.org/rtskg/new_york_city/instance/block_19566> <https://w3id.org/rtskg/ontology/objectproperty/block_intersects_station_area> <https://w3id.org/rtskg/new_york_city/instance/station_area_365> .
<https://w3id.org/rtskg/new_york_city/instance/block_19566> <https://w3id.org/rtskg/ontology/objectproperty/block_intersects_station_area> <https://w3id.org/rtskg/new_york_city/instance/station_area_389> .
<https://w3id.org/rtskg/new_york_city/instance/block_19566> <https://w3id.org/rtskg/ontology/objectproperty/block_intersects_station_area> <https://w3id.org/rtskg/new_york_city/instance/station_area_481> .
<https://w3id.org/rtskg/new_york_city/instance/block_19566> <https://w3id.org/rtskg/ontology/objectproperty/block_intersects_station_area> <https://w3id.org/rtskg/new_york_city/instance/station_area_482> .
<https://w3id.org/rtskg/new_york_city/instance/block_19566> <https://w3id.org/rtskg/ontology/objectproperty/block_intersects_station_area> <https://w3id.org/rtskg/new_york_city/instance/station_area_511> .
<https://w3id.org/rtskg/new_york_city/instance/block_19566> <https://w3id.org/rtskg/ontology/objectproperty/block_intersects_station_area> <https://w3id.org/rtskg/new_york_city/instance/station_area_737> .
<https://w3id.org/rtskg/new_york_city/instance/block_19566> <https://w3id.org/rtskg/ontology/objectproperty/block_intersects_station_area> <https://w3id.org/rtskg/new_york_city/instance/station_area_738> .
<https://w3id.org/rtskg/new_york_city/instance/block_19566> <https://w3id.org/rtskg/ontology/objectproperty/block_locates_at_borough> <https://w3id.org/rtskg/new_york_city/instance/borough_3> .
<https://w3id.org/rtskg/new_york_city/instance/block_19566> <https://w3id.org/rtskg/ontology/objectproperty/block_locates_at_functional_area> <https://w3id.org/rtskg/new_york_city/instance/functional_area_66> .
