<https://w3id.org/rtskg/new_york_city/instance/block_20990> <http://www.w3.org/1999/02/22-rdf-syntax-ns#type> <https://w3id.org/rtskg/ontology/class/block> .
<https://w3id.org/rtskg/new_york_city/instance/block_20990> <https://w3id.org/rtskg/ontology/dataproperty/geometry> "POLYGON ((-73.979251 40.750257, -73.97925 40.750256, -73.97925 40.750255, -73.979249 40.750255, -73.979249 40.750254, -73.979248 40.750253, -73.979247 40.750252, -73.979247 40.750251, -73.979246 40.75025, -73.979245 40.750249, -73.979245 40.750248, -73.979244 40.750247, -73.979244 40.750246, -73.979244 40.750245, -73.979243 40.750244, -73.979243 40.750243, -73.979243 40.750242, -73.979243 40.750241, -73.979242 40.75024, -73.979242 40.75024, -73.979242 40.750239, -73.979242 40.750238, -73.979242 40.750237, -73.979242 40.750236, -73.979242 40.750235, -73.979243 40.750234, -73.979243 40.750233, -73.979243 40.750232, -73.979243 40.750231, -73.979244 40.75023, -73.979244 40.750229, -73.979244 40.750228, -73.979245 40.750227, -73.979245 40.750227, -73.979245 40.750226, -73.979246 40.750225, -73.979247 40.750224, -73.979247 40.750223, -73.97928 40.750178, -73.979293 40.75016, -73.979313 40.750134, -73.979345 40.75009, -73.979377 40.750046, -73.97941 40.750002, -73.979442 40.749958, -73.979455 40.749941, -73.979457 40.749938, -73.979475 40.749913, -73.979508 40.749868, -73.979542 40.749822, -73.979575 40.749777, -73.979607 40.749734, -73.979608 40.749732, -73.979609 40.749731, -73.97961 40.74973, -73.97961 40.749729, -73.979611 40.749729, -73.979611 40.749728, -73.979612 40.749727, -73.979613 40.749726, -73.979614 40.749726, -73.979615 40.749725, -73.979616 40.749724, -73.979617 40.749723, -73.979618 40.749723, -73.979619 40.749722, -73.97962 40.749721, -73.979622 40.749721, -73.979623 40.74972, -73.979623 40.74972, -73.979624 40.74972, -73.979625 40.749719, -73.979627 40.749719, -73.979628 40.749718, -73.979629 40.749718, -73.97963 40.749717, -73.979632 40.749717, -73.979633 40.749717, -73.979635 40.749717, -73.979636 40.749716, -73.979637 40.749716, -73.979639 40.749716, -73.97964 40.749716, -73.979642 40.749716, -73.979643 40.749716, -73.979644 40.749716, -73.979646 40.749716, -73.979647 40.749716, -73.979649 40.749716, -73.97965 40.749716, -73.979651 40.749716, -73.979653 40.749716, -73.979654 40.749717, -73.979655 40.749717, -73.979656 40.749717, -73.979657 40.749717, -73.979658 40.749718, -73.97966 40.749718, -73.979661 40.749718, -73.979662 40.749719, -73.979664 40.749719, -73.979665 40.74972, -73.979666 40.74972, -73.979673 40.749724, -73.979725 40.749745, -73.979784 40.74977, -73.979843 40.749794, -73.979902 40.749819, -73.979948 40.749838, -73.979961 40.749844, -73.97997 40.749848, -73.979993 40.749857, -73.980019 40.749868, -73.980078 40.749893, -73.980137 40.749918, -73.980186 40.749938, -73.980196 40.749942, -73.980255 40.749967, -73.980314 40.749992, -73.980374 40.750017, -73.980434 40.750043, -73.980442 40.750046, -73.980494 40.750068, -73.980542 40.750088, -73.980554 40.750094, -73.980598 40.750112, -73.980579 40.750137, -73.980574 40.750145, -73.980568 40.750153, -73.980568 40.750153, -73.980565 40.750157, -73.980533 40.750201, -73.9805 40.750246, -73.980474 40.750282, -73.980468 40.750291, -73.980435 40.750336, -73.980403 40.75038, -73.980423 40.750389, -73.98039 40.750435, -73.980357 40.750481, -73.980323 40.750528, -73.98029 40.750574, -73.980257 40.75062, -73.980245 40.750636, -73.980244 40.750637, -73.980242 40.75064, -73.980223 40.750666, -73.980182 40.750649, -73.980174 40.750645, -73.980113 40.75062, -73.980051 40.750594, -73.980001 40.750573, -73.97999 40.750568, -73.979929 40.750543, -73.979867 40.750517, -73.979806 40.750491, -73.979791 40.750485, -73.979744 40.750466, -73.979703 40.750449, -73.979683 40.75044, -73.979622 40.750415, -73.979611 40.75041, -73.97956 40.750389, -73.979499 40.750363, -73.979437 40.750338, -73.979376 40.750312, -73.979315 40.750286, -73.979264 40.750265, -73.979262 40.750264, -73.979261 40.750263, -73.97926 40.750263, -73.979259 40.750262, -73.979258 40.750262, -73.979257 40.750261, -73.979256 40.75026, -73.979255 40.75026, -73.979254 40.750259, -73.979253 40.750258, -73.979252 40.750257, -73.979251 40.750257))"^^<http://www.opengis.net/ont/geosparql#wktLiteral> .
<https://w3id.org/rtskg/new_york_city/instance/block_20990> <https://w3id.org/rtskg/ontology/objectproperty/block_intersects_station_area> <https://w3id.org/rtskg/new_york_city/instance/station_area_105> .
<https://w3id.org/rtskg/new_york_city/instance/block_20990> <https://w3id.org/rtskg/ontology/objectproperty/block_intersects_station_area> <https://w3id.org/rtskg/new_york_city/instance/station_area_117> .
<https://w3id.org/rtskg/new_york_city/instance/block_20990> <https://w3id.org/rtskg/ontology/objectproperty/block_intersects_station_area> <https://w3id.org/rtskg/new_york_city/instance/station_area_118> .
<https://w3id.org/rtskg/new_york_city/instance/block_20990> <https://w3id.org/rtskg/ontology/objectproperty/block_intersects_station_area> <https://w3id.org/rtskg/new_york_city/instance/station_area_119> .
<https://w3id.org/rtskg/new_york_city/instance/block_20990> <https://w3id.org/rtskg/ontology/objectproperty/block_intersects_station_area> <https://w3id.org/rtskg/new_york_city/instance/station_area_137> .
<https://w3id.org/rtskg/new_york_city/instance/block_20990> <https://w3id.org/rtskg/ontology/objectproperty/block_intersects_station_area> <https://w3id.org/rtskg/new_york_city/instance/station_area_138> .
<https://w3id.org/rtskg/new_york_city/instance/block_20990> <https://w3id.org/rtskg/ontology/objectproperty/block_intersects_station_area> <https://w3id.org/rtskg/new_york_city/instance/station_area_459> .
<https://w3id.org/rtskg/new_york_city/instance/block_20990> <https://w3id.org/rtskg/ontology/objectproperty/block_intersects_station_area> <https://w3id.org/rtskg/new_york_city/instance/station_area_460> .
<https://w3id.org/rtskg/new_york_city/instance/block_20990> <https://w3id.org/rtskg/ontology/objectproperty/block_intersects_station_area> <https://w3id.org/rtskg/new_york_city/instance/station_area_693> .
<https://w3id.org/rtskg/new_york_city/instance/block_20990> <https://w3id.org/rtskg/ontology/objectproperty/block_locates_at_borough> <https://w3id.org/rtskg/new_york_city/instance/borough_1> .
<https://w3id.org/rtskg/new_york_city/instance/block_20990> <https://w3id.org/rtskg/ontology/objectproperty/block_locates_at_functional_area> <https://w3id.org/rtskg/new_york_city/instance/functional_area_170> .
