<https://w3id.org/rtskg/new_york_city/instance/block_40562> <http://www.w3.org/1999/02/22-rdf-syntax-ns#type> <https://w3id.org/rtskg/ontology/class/block> .
<https://w3id.org/rtskg/new_york_city/instance/block_40562> <https://w3id.org/rtskg/ontology/dataproperty/geometry> "POLYGON ((-73.942109 40.749763, -73.942151 40.749792, -73.942153 40.749793, -73.942197 40.749822, -73.942242 40.74985, -73.94225 40.749855, -73.942277 40.749872, -73.942288 40.749878, -73.942322 40.749897, -73.942319 40.749902, -73.942316 40.749904, -73.942316 40.749905, -73.942315 40.749905, -73.942297 40.749925, -73.942292 40.749931, -73.942251 40.749976, -73.942217 40.750013, -73.942182 40.75005, -73.942148 40.750087, -73.942125 40.750112, -73.942114 40.750124, -73.942081 40.75016, -73.94208 40.750161, -73.942079 40.750162, -73.942078 40.750162, -73.942078 40.750163, -73.942077 40.750164, -73.942076 40.750164, -73.942075 40.750165, -73.942074 40.750166, -73.942073 40.750166, -73.942072 40.750167, -73.94207 40.750168, -73.942069 40.750168, -73.942068 40.750169, -73.942067 40.750169, -73.942066 40.75017, -73.942065 40.75017, -73.942065 40.75017, -73.942063 40.75017, -73.942062 40.750171, -73.942061 40.750171, -73.94206 40.750171, -73.942058 40.750171, -73.942057 40.750172, -73.942056 40.750172, -73.942056 40.750172, -73.942054 40.750172, -73.942053 40.750172, -73.942052 40.750172, -73.94205 40.750172, -73.942049 40.750172, -73.942048 40.750172, -73.942046 40.750172, -73.942045 40.750172, -73.942044 40.750172, -73.942044 40.750172, -73.942043 40.750172, -73.942041 40.750171, -73.94204 40.750171, -73.942039 40.750171, -73.942037 40.750171, -73.942036 40.75017, -73.942035 40.75017, -73.942034 40.750169, -73.942033 40.750169, -73.942031 40.750169, -73.94203 40.750168, -73.942029 40.750168, -73.942028 40.750167, -73.941976 40.750139, -73.941971 40.750137, -73.941963 40.750132, -73.941915 40.750107, -73.941858 40.750077, -73.941801 40.750046, -73.941745 40.750016, -73.941688 40.749986, -73.941631 40.749956, -73.941574 40.749926, -73.941573 40.749925, -73.941518 40.749896, -73.941461 40.749865, -73.941413 40.74984, -73.941406 40.749836, -73.941405 40.749836, -73.941404 40.749835, -73.941403 40.749834, -73.941403 40.749834, -73.941402 40.749834, -73.941401 40.749833, -73.9414 40.749832, -73.941399 40.749831, -73.941398 40.74983, -73.941397 40.74983, -73.941396 40.749829, -73.941396 40.749828, -73.941395 40.749827, -73.941394 40.749826, -73.941394 40.749825, -73.941393 40.749824, -73.941392 40.749823, -73.941392 40.749822, -73.941391 40.749821, -73.941391 40.74982, -73.941391 40.74982, -73.941391 40.749819, -73.94139 40.749818, -73.94139 40.749817, -73.94139 40.749816, -73.94139 40.749815, -73.941389 40.749814, -73.941389 40.749813, -73.941389 40.749812, -73.941389 40.749811, -73.941389 40.74981, -73.941389 40.749809, -73.94139 40.749808, -73.94139 40.749807, -73.94139 40.749806, -73.94139 40.749805, -73.941391 40.749803, -73.941391 40.749802, -73.941391 40.749801, -73.941392 40.7498, -73.941392 40.749799, -73.941393 40.749799, -73.941394 40.749798, -73.941394 40.749797, -73.941395 40.749796, -73.941396 40.749795, -73.941396 40.749794, -73.941432 40.749755, -73.941468 40.749716, -73.941503 40.749678, -73.941539 40.749639, -73.941575 40.7496, -73.941606 40.749565, -73.941637 40.749529, -73.941672 40.749491, -73.941674 40.749489, -73.941707 40.749452, -73.94171 40.749449, -73.941711 40.749448, -73.941714 40.749445, -73.941725 40.749455, -73.941754 40.749481, -73.941766 40.749492, -73.941807 40.749528, -73.941808 40.749528, -73.941849 40.749563, -73.941892 40.749599, -73.941935 40.749634, -73.941979 40.749668, -73.942009 40.749692, -73.942023 40.749703, -73.942056 40.749726, -73.942066 40.749733, -73.942109 40.749763))"^^<http://www.opengis.net/ont/geosparql#wktLiteral> .
<https://w3id.org/rtskg/new_york_city/instance/block_40562> <https://w3id.org/rtskg/ontology/objectproperty/block_intersects_station_area> <https://w3id.org/rtskg/new_york_city/instance/station_area_379> .
<https://w3id.org/rtskg/new_york_city/instance/block_40562> <https://w3id.org/rtskg/ontology/objectproperty/block_intersects_station_area> <https://w3id.org/rtskg/new_york_city/instance/station_area_380> .
<https://w3id.org/rtskg/new_york_city/instance/block_40562> <https://w3id.org/rtskg/ontology/objectproperty/block_intersects_station_area> <https://w3id.org/rtskg/new_york_city/instance/station_area_641> .
<https://w3id.org/rtskg/new_york_city/instance/block_40562> <https://w3id.org/rtskg/ontology/objectproperty/block_intersects_station_area> <https://w3id.org/rtskg/new_york_city/instance/station_area_642> .
<https://w3id.org/rtskg/new_york_city/instance/block_40562> <https://w3id.org/rtskg/ontology/objectproperty/block_intersects_station_area> <https://w3id.org/rtskg/new_york_city/instance/station_area_643> .
<https://w3id.org/rtskg/new_york_city/instance/block_40562> <https://w3id.org/rtskg/ontology/objectproperty/block_intersects_station_area> <https://w3id.org/rtskg/new_york_city/instance/station_area_644> .
<https://w3id.org/rtskg/new_york_city/instance/block_40562> <https://w3id.org/rtskg/ontology/objectproperty/block_intersects_station_area> <https://w3id.org/rtskg/new_york_city/instance/station_area_83> .
<https://w3id.org/rtskg/new_york_city/instance/block_40562> <https://w3id.org/rtskg/ontology/objectproperty/block_intersects_station_area> <https://w3id.org/rtskg/new_york_city/instance/station_area_85> .
<https://w3id.org/rtskg/new_york_city/instance/block_40562> <https://w3id.org/rtskg/ontology/objectproperty/block_locates_at_borough> <https://w3id.org/rtskg/new_york_city/instance/borough_4> .
<https://w3id.org/rtskg/new_york_city/instance/block_40562> <https://w3id.org/rtskg/ontology/objectproperty/block_locates_at_functional_area> <https://w3id.org/rtskg/new_york_city/instance/functional_area_145> .
