<https://w3id.org/rtskg/new_york_city/instance/block_41208> <http://www.w3.org/1999/02/22-rdf-syntax-ns#type> <https://w3id.org/rtskg/ontology/class/block> .
<https://w3id.org/rtskg/new_york_city/instance/block_41208> <https://w3id.org/rtskg/ontology/dataproperty/geometry> "POLYGON ((-73.928461 40.758023, -73.928458 40.758025, -73.928458 40.758025, -73.928456 40.758026, -73.928451 40.758028, -73.928449 40.758029, -73.928448 40.75803, -73.928446 40.75803, -73.928444 40.758031, -73.928442 40.758031, -73.92844 40.758031, -73.928438 40.758031, -73.928437 40.758031, -73.928436 40.758031, -73.928433 40.758031, -73.928428 40.75803, -73.928426 40.758029, -73.928424 40.758029, -73.928422 40.758028, -73.928421 40.758028, -73.928418 40.758027, -73.928415 40.758025, -73.928409 40.758022, -73.928353 40.757995, -73.928298 40.757969, -73.928258 40.757951, -73.928242 40.757943, -73.928187 40.757917, -73.928132 40.757891, -73.928076 40.757865, -73.928025 40.757842, -73.927975 40.757819, -73.927924 40.757795, -73.927874 40.757772, -73.927824 40.757749, -73.927823 40.757749, -73.927821 40.757747, -73.92781 40.757735, -73.927803 40.757729, -73.927806 40.757715, -73.92781 40.7577, -73.92781 40.757699, -73.927811 40.757697, -73.927844 40.757656, -73.927877 40.757615, -73.927911 40.757574, -73.927944 40.757533, -73.927975 40.757496, -73.927978 40.757492, -73.927992 40.757474, -73.928014 40.757447, -73.92805 40.757402, -73.928057 40.757393, -73.928078 40.757366, -73.928086 40.757356, -73.928094 40.757347, -73.928114 40.757322, -73.928123 40.757311, -73.928159 40.757266, -73.928193 40.757224, -73.928227 40.757182, -73.928233 40.757175, -73.928251 40.757153, -73.928262 40.75714, -73.928289 40.757106, -73.928296 40.757098, -73.928306 40.757085, -73.928326 40.757061, -73.92833 40.757056, -73.928363 40.757016, -73.928364 40.757014, -73.928398 40.756972, -73.928428 40.756935, -73.928457 40.756899, -73.928486 40.756862, -73.92852 40.756821, -73.928521 40.75682, -73.928553 40.75678, -73.928555 40.756778, -73.92856 40.756772, -73.928589 40.756736, -73.928623 40.756694, -73.928657 40.756651, -73.928691 40.756609, -73.928725 40.756567, -73.928759 40.756525, -73.928778 40.756502, -73.928791 40.756486, -73.928795 40.75648, -73.928796 40.75648, -73.928822 40.756448, -73.928853 40.756409, -73.928871 40.756388, -73.928885 40.756371, -73.928888 40.756367, -73.928916 40.756334, -73.928933 40.756314, -73.92894 40.756306, -73.928947 40.756297, -73.928951 40.756295, -73.928967 40.756288, -73.928986 40.75629, -73.928992 40.756291, -73.928999 40.756292, -73.929003 40.756294, -73.929045 40.756313, -73.929088 40.756333, -73.92909 40.756334, -73.929136 40.756355, -73.929196 40.756383, -73.929256 40.756411, -73.929315 40.756439, -73.929375 40.756466, -73.929435 40.756494, -73.929495 40.756522, -73.929515 40.756531, -73.929547 40.756529, -73.9296 40.756556, -73.929603 40.756557, -73.929604 40.756557, -73.929612 40.756562, -73.929615 40.756563, -73.929618 40.756565, -73.929619 40.756566, -73.92962 40.756567, -73.929621 40.756568, -73.929622 40.756569, -73.929622 40.756572, -73.929623 40.756575, -73.929623 40.756577, -73.929623 40.756579, -73.929622 40.756581, -73.929621 40.756585, -73.92962 40.756588, -73.92962 40.756588, -73.929619 40.75659, -73.929618 40.756592, -73.929617 40.756593, -73.92961 40.756603, -73.929607 40.756606, -73.929566 40.756659, -73.929464 40.756791, -73.929402 40.756867, -73.929269 40.757028, -73.929265 40.757033, -73.929241 40.757063, -73.929206 40.757106, -73.929203 40.75711, -73.928907 40.757473, -73.928907 40.757473, -73.928873 40.757516, -73.92885 40.757543, -73.928718 40.757707, -73.928608 40.757842, -73.928574 40.757885, -73.928488 40.757991, -73.928475 40.758007, -73.92847 40.758014, -73.928468 40.758016, -73.928467 40.758018, -73.928464 40.758021, -73.928461 40.758023))"^^<http://www.opengis.net/ont/geosparql#wktLiteral> .
<https://w3id.org/rtskg/new_york_city/instance/block_41208> <https://w3id.org/rtskg/ontology/objectproperty/block_intersects_station_area> <https://w3id.org/rtskg/new_york_city/instance/station_area_127> .
<https://w3id.org/rtskg/new_york_city/instance/block_41208> <https://w3id.org/rtskg/ontology/objectproperty/block_intersects_station_area> <https://w3id.org/rtskg/new_york_city/instance/station_area_128> .
<https://w3id.org/rtskg/new_york_city/instance/block_41208> <https://w3id.org/rtskg/ontology/objectproperty/block_intersects_station_area> <https://w3id.org/rtskg/new_york_city/instance/station_area_129> .
<https://w3id.org/rtskg/new_york_city/instance/block_41208> <https://w3id.org/rtskg/ontology/objectproperty/block_intersects_station_area> <https://w3id.org/rtskg/new_york_city/instance/station_area_131> .
<https://w3id.org/rtskg/new_york_city/instance/block_41208> <https://w3id.org/rtskg/ontology/objectproperty/block_intersects_station_area> <https://w3id.org/rtskg/new_york_city/instance/station_area_323> .
<https://w3id.org/rtskg/new_york_city/instance/block_41208> <https://w3id.org/rtskg/ontology/objectproperty/block_intersects_station_area> <https://w3id.org/rtskg/new_york_city/instance/station_area_324> .
<https://w3id.org/rtskg/new_york_city/instance/block_41208> <https://w3id.org/rtskg/ontology/objectproperty/block_intersects_station_area> <https://w3id.org/rtskg/new_york_city/instance/station_area_679> .
<https://w3id.org/rtskg/new_york_city/instance/block_41208> <https://w3id.org/rtskg/ontology/objectproperty/block_locates_at_borough> <https://w3id.org/rtskg/new_york_city/instance/borough_4> .
<https://w3id.org/rtskg/new_york_city/instance/block_41208> <https://w3id.org/rtskg/ontology/objectproperty/block_locates_at_functional_area> <https://w3id.org/rtskg/new_york_city/instance/functional_area_7> .
