<https://w3id.org/rtskg/new_york_city/instance/block_310> <http://www.w3.org/1999/02/22-rdf-syntax-ns#type> <https://w3id.org/rtskg/ontology/class/block> .
<https://w3id.org/rtskg/new_york_city/instance/block_310> <https://w3id.org/rtskg/ontology/dataproperty/geometry> "POLYGON ((-73.898716 40.748771, -73.898717 40.748774, -73.898717 40.748775, -73.898717 40.748779, -73.898717 40.748783, -73.898715 40.748786, -73.898391 40.749521, -73.898387 40.749525, -73.898383 40.749529, -73.898378 40.749532, -73.898376 40.749533, -73.898372 40.749535, -73.898366 40.749537, -73.898361 40.749538, -73.89836 40.749539, -73.898354 40.74954, -73.898347 40.74954, -73.898341 40.74954, -73.898334 40.74954, -73.898317 40.749532, -73.898042 40.749418, -73.898003 40.749401, -73.897959 40.749383, -73.897947 40.749377, -73.897891 40.749354, -73.897835 40.74933, -73.897778 40.749306, -73.89776 40.749298, -73.897722 40.749283, -73.897682 40.749265, -73.897668 40.74926, -73.897667 40.749259, -73.897665 40.749258, -73.897664 40.749258, -73.897663 40.749257, -73.897662 40.749256, -73.89766 40.749255, -73.89766 40.749255, -73.897659 40.749255, -73.897658 40.749254, -73.897657 40.749253, -73.897656 40.749252, -73.897655 40.749251, -73.897654 40.74925, -73.897653 40.749249, -73.897652 40.749248, -73.897651 40.749247, -73.89765 40.749246, -73.89765 40.749245, -73.897649 40.749244, -73.897649 40.749243, -73.897648 40.749243, -73.897648 40.749242, -73.897647 40.74924, -73.897647 40.749239, -73.897646 40.749238, -73.897646 40.749237, -73.897645 40.749236, -73.897645 40.749235, -73.897645 40.749233, -73.897645 40.749232, -73.897645 40.749231, -73.897645 40.74923, -73.897645 40.749229, -73.897645 40.749227, -73.897645 40.749226, -73.897645 40.749225, -73.897645 40.749225, -73.897645 40.749224, -73.897645 40.749222, -73.897646 40.749221, -73.897646 40.74922, -73.897646 40.749219, -73.897647 40.749218, -73.89765 40.749211, -73.897651 40.749208, -73.897668 40.74917, -73.89769 40.749122, -73.897697 40.749106, -73.897711 40.749073, -73.897733 40.749025, -73.897754 40.748977, -73.897776 40.748929, -73.897797 40.748881, -73.897819 40.748833, -73.89784 40.748785, -73.897862 40.748737, -73.897883 40.748689, -73.897905 40.74864, -73.897929 40.748587, -73.897929 40.748586, -73.897929 40.748586, -73.89793 40.748585, -73.89793 40.748584, -73.897931 40.748583, -73.897931 40.748582, -73.897932 40.748581, -73.897933 40.74858, -73.897934 40.748579, -73.897934 40.748578, -73.897935 40.748578, -73.897936 40.748577, -73.897937 40.748576, -73.897938 40.748575, -73.897939 40.748574, -73.89794 40.748574, -73.89794 40.748574, -73.897941 40.748573, -73.897942 40.748572, -73.897943 40.748572, -73.897944 40.748571, -73.897946 40.74857, -73.897947 40.74857, -73.897948 40.748569, -73.897949 40.748569, -73.897951 40.748568, -73.897952 40.748568, -73.897953 40.748568, -73.897955 40.748567, -73.897956 40.748567, -73.897957 40.748567, -73.897959 40.748566, -73.89796 40.748566, -73.897961 40.748566, -73.897963 40.748566, -73.897963 40.748566, -73.897964 40.748566, -73.897966 40.748566, -73.897967 40.748566, -73.897968 40.748566, -73.89797 40.748566, -73.897971 40.748566, -73.897973 40.748566, -73.897974 40.748566, -73.897975 40.748566, -73.897977 40.748566, -73.897978 40.748567, -73.89798 40.748567, -73.89798 40.748567, -73.897981 40.748567, -73.898043 40.748583, -73.898043 40.748583, -73.898162 40.748615, -73.8987 40.748757, -73.898704 40.748759, -73.898708 40.748761, -73.898708 40.748761, -73.898711 40.748764, -73.898714 40.748768, -73.898714 40.748768, -73.898716 40.748771))"^^<http://www.opengis.net/ont/geosparql#wktLiteral> .
<https://w3id.org/rtskg/new_york_city/instance/block_310> <https://w3id.org/rtskg/ontology/objectproperty/block_intersects_station_area> <https://w3id.org/rtskg/new_york_city/instance/station_area_169> .
<https://w3id.org/rtskg/new_york_city/instance/block_310> <https://w3id.org/rtskg/ontology/objectproperty/block_intersects_station_area> <https://w3id.org/rtskg/new_york_city/instance/station_area_175> .
<https://w3id.org/rtskg/new_york_city/instance/block_310> <https://w3id.org/rtskg/ontology/objectproperty/block_intersects_station_area> <https://w3id.org/rtskg/new_york_city/instance/station_area_176> .
<https://w3id.org/rtskg/new_york_city/instance/block_310> <https://w3id.org/rtskg/ontology/objectproperty/block_intersects_station_area> <https://w3id.org/rtskg/new_york_city/instance/station_area_183> .
<https://w3id.org/rtskg/new_york_city/instance/block_310> <https://w3id.org/rtskg/ontology/objectproperty/block_intersects_station_area> <https://w3id.org/rtskg/new_york_city/instance/station_area_184> .
<https://w3id.org/rtskg/new_york_city/instance/block_310> <https://w3id.org/rtskg/ontology/objectproperty/block_intersects_station_area> <https://w3id.org/rtskg/new_york_city/instance/station_area_503> .
<https://w3id.org/rtskg/new_york_city/instance/block_310> <https://w3id.org/rtskg/ontology/objectproperty/block_intersects_station_area> <https://w3id.org/rtskg/new_york_city/instance/station_area_599> .
<https://w3id.org/rtskg/new_york_city/instance/block_310> <https://w3id.org/rtskg/ontology/objectproperty/block_locates_at_borough> <https://w3id.org/rtskg/new_york_city/instance/borough_4> .
<https://w3id.org/rtskg/new_york_city/instance/block_310> <https://w3id.org/rtskg/ontology/objectproperty/block_locates_at_functional_area> <https://w3id.org/rtskg/new_york_city/instance/functional_area_260> .
