<https://w3id.org/rtskg/new_york_city/instance/block_40070> <http://www.w3.org/1999/02/22-rdf-syntax-ns#type> <https://w3id.org/rtskg/ontology/class/block> .
<https://w3id.org/rtskg/new_york_city/instance/block_40070> <https://w3id.org/rtskg/ontology/dataproperty/geometry> "POLYGON ((-73.90675 40.844648, -73.906746 40.844645, -73.906742 40.84464, -73.906739 40.844636, -73.906739 40.844635, -73.906737 40.844631, -73.906736 40.844626, -73.906735 40.844621, -73.906735 40.844616, -73.906739 40.844549, -73.906756 40.8444, -73.906758 40.844382, -73.906758 40.844371, -73.906764 40.844272, -73.906765 40.844246, -73.906766 40.844241, -73.906775 40.84414, -73.906776 40.844127, -73.906777 40.844114, -73.906787 40.84401, -73.906789 40.84399, -73.90679 40.843984, -73.906792 40.843963, -73.906793 40.843952, -73.906803 40.843832, -73.906815 40.843717, -73.906816 40.843713, -73.906817 40.84371, -73.906818 40.84371, -73.90682 40.843707, -73.906823 40.843704, -73.906827 40.843701, -73.906831 40.843699, -73.906833 40.843699, -73.906835 40.843698, -73.90684 40.843697, -73.90691 40.843699, -73.906933 40.8437, -73.906955 40.843701, -73.90697 40.843702, -73.907031 40.843704, -73.907091 40.843706, -73.907117 40.843707, -73.907151 40.843708, -73.907159 40.843709, -73.907212 40.843711, -73.907213 40.843711, -73.90728 40.843714, -73.907282 40.843714, -73.907352 40.843717, -73.907421 40.84372, -73.907469 40.843723, -73.907479 40.843724, -73.907488 40.843724, -73.907547 40.843728, -73.907555 40.843728, -73.907561 40.843729, -73.907567 40.84373, -73.907572 40.843731, -73.907577 40.843733, -73.907577 40.843733, -73.907582 40.843736, -73.907587 40.843739, -73.90759 40.843743, -73.907591 40.843744, -73.907593 40.843747, -73.907594 40.843747, -73.907596 40.843751, -73.907597 40.843755, -73.907598 40.843759, -73.907598 40.843764, -73.907579 40.843987, -73.907578 40.843992, -73.907576 40.844021, -73.907569 40.844095, -73.907567 40.844119, -73.907565 40.844145, -73.907565 40.84415, -73.907563 40.844171, -73.907562 40.844179, -73.907561 40.84419, -73.90756 40.844202, -73.907555 40.844257, -73.907555 40.844258, -73.907555 40.844259, -73.907554 40.844272, -73.907553 40.844277, -73.907552 40.844285, -73.907547 40.844342, -73.907547 40.844342, -73.907545 40.844361, -73.907545 40.844367, -73.907536 40.844456, -73.907522 40.844628, -73.907519 40.844656, -73.907519 40.844661, -73.907518 40.844666, -73.907516 40.84467, -73.907513 40.844675, -73.907513 40.844675, -73.90751 40.844679, -73.907506 40.844682, -73.907502 40.844685, -73.907501 40.844685, -73.907499 40.844687, -73.907499 40.844687, -73.907496 40.844688, -73.90749 40.84469, -73.907485 40.844692, -73.907484 40.844692, -73.907483 40.844692, -73.907482 40.844692, -73.907481 40.844692, -73.90748 40.844693, -73.907478 40.844693, -73.907477 40.844693, -73.907476 40.844693, -73.907475 40.844693, -73.907473 40.844693, -73.907472 40.844693, -73.907471 40.844693, -73.90747 40.844693, -73.907463 40.844692, -73.907395 40.844689, -73.907392 40.844689, -73.907354 40.844687, -73.907324 40.844685, -73.907307 40.844684, -73.907252 40.844681, -73.907181 40.844677, -73.907163 40.844676, -73.90711 40.844673, -73.907038 40.84467, -73.907019 40.844669, -73.906967 40.844666, -73.906932 40.844664, -73.906896 40.844662, -73.906872 40.844661, -73.906824 40.844658, -73.906814 40.844658, -73.90676 40.844655, -73.906755 40.844652, -73.906751 40.844649, -73.90675 40.844648))"^^<http://www.opengis.net/ont/geosparql#wktLiteral> .
<https://w3id.org/rtskg/new_york_city/instance/block_40070> <https://w3id.org/rtskg/ontology/objectproperty/block_intersects_station_area> <https://w3id.org/rtskg/new_york_city/instance/station_area_53> .
<https://w3id.org/rtskg/new_york_city/instance/block_40070> <https://w3id.org/rtskg/ontology/objectproperty/block_intersects_station_area> <https://w3id.org/rtskg/new_york_city/instance/station_area_573> .
<https://w3id.org/rtskg/new_york_city/instance/block_40070> <https://w3id.org/rtskg/ontology/objectproperty/block_intersects_station_area> <https://w3id.org/rtskg/new_york_city/instance/station_area_57> .
<https://w3id.org/rtskg/new_york_city/instance/block_40070> <https://w3id.org/rtskg/ontology/objectproperty/block_intersects_station_area> <https://w3id.org/rtskg/new_york_city/instance/station_area_58> .
<https://w3id.org/rtskg/new_york_city/instance/block_40070> <https://w3id.org/rtskg/ontology/objectproperty/block_intersects_station_area> <https://w3id.org/rtskg/new_york_city/instance/station_area_61> .
<https://w3id.org/rtskg/new_york_city/instance/block_40070> <https://w3id.org/rtskg/ontology/objectproperty/block_intersects_station_area> <https://w3id.org/rtskg/new_york_city/instance/station_area_699> .
<https://w3id.org/rtskg/new_york_city/instance/block_40070> <https://w3id.org/rtskg/ontology/objectproperty/block_locates_at_borough> <https://w3id.org/rtskg/new_york_city/instance/borough_2> .
<https://w3id.org/rtskg/new_york_city/instance/block_40070> <https://w3id.org/rtskg/ontology/objectproperty/block_locates_at_functional_area> <https://w3id.org/rtskg/new_york_city/instance/functional_area_169> .
