<https://w3id.org/rtskg/new_york_city/instance/block_44193> <http://www.w3.org/1999/02/22-rdf-syntax-ns#type> <https://w3id.org/rtskg/ontology/class/block> .
<https://w3id.org/rtskg/new_york_city/instance/block_44193> <https://w3id.org/rtskg/ontology/dataproperty/geometry> "POLYGON ((-73.934281 40.816975, -73.934283 40.816989, -73.934286 40.817002, -73.93429 40.817015, -73.934294 40.817029, -73.9343 40.817041, -73.934315 40.817074, -73.934329 40.817106, -73.934344 40.817138, -73.934359 40.81717, -73.934374 40.817202, -73.934375 40.817206, -73.934376 40.81721, -73.934376 40.817214, -73.934375 40.817217, -73.934373 40.817221, -73.934338 40.817267, -73.934315 40.817297, -73.934303 40.817313, -73.934268 40.81736, -73.934266 40.817362, -73.934257 40.817373, -73.934249 40.817384, -73.934242 40.817396, -73.934235 40.817407, -73.934231 40.817415, -73.934228 40.817419, -73.934224 40.817429, -73.934222 40.817431, -73.934217 40.817443, -73.934212 40.817456, -73.934208 40.817468, -73.934204 40.817481, -73.934201 40.817493, -73.934198 40.817506, -73.934198 40.817508, -73.934196 40.817519, -73.934194 40.817531, -73.934193 40.817544, -73.934191 40.817567, -73.934202 40.817718, -73.934214 40.817836, -73.934224 40.817906, -73.934241 40.818022, -73.934268 40.818165, -73.934282 40.818229, -73.934301 40.818292, -73.934302 40.818294, -73.934302 40.818295, -73.934301 40.818297, -73.934299 40.818299, -73.934297 40.8183, -73.934295 40.8183, -73.934293 40.8183, -73.93429 40.8183, -73.934288 40.818298, -73.934287 40.818297, -73.934284 40.818288, -73.934283 40.818287, -73.934283 40.818287, -73.934283 40.818287, -73.934282 40.818286, -73.934282 40.818286, -73.934282 40.818286, -73.934282 40.818285, -73.934281 40.818285, -73.934281 40.818284, -73.934281 40.818284, -73.934281 40.818284, -73.934281 40.818283, -73.934281 40.818283, -73.934281 40.818282, -73.93428 40.818282, -73.93428 40.818281, -73.93428 40.818281, -73.934266 40.81823, -73.934256 40.818193, -73.934252 40.818179, -73.934223 40.818014, -73.9342 40.817848, -73.934192 40.817775, -73.934183 40.817682, -73.934179 40.817524, -73.934177 40.817453, -73.934175 40.817367, -73.93419 40.817183, -73.93419 40.817178, -73.934192 40.817154, -73.934192 40.817152, -73.934209 40.816973, -73.934229 40.816795, -73.934234 40.816745, -73.934239 40.816696, -73.934244 40.816646, -73.934245 40.81663, -73.934249 40.816597, -73.934253 40.816547, -73.934258 40.816497, -73.934263 40.816448, -73.934268 40.816398, -73.934272 40.816364, -73.934274 40.816349, -73.934276 40.81633, -73.934279 40.816299, -73.934285 40.816249, -73.93429 40.816199, -73.934296 40.816149, -73.934301 40.8161, -73.934307 40.81605, -73.934312 40.816, -73.934318 40.81595, -73.934323 40.8159, -73.934329 40.815847, -73.934335 40.815793, -73.93434 40.815739, -73.934346 40.815686, -73.934349 40.815662, -73.934352 40.815632, -73.934358 40.815578, -73.934363 40.815525, -73.934369 40.815473, -73.934375 40.815421, -73.93438 40.815368, -73.934386 40.815369, -73.934393 40.815369, -73.934401 40.815372, -73.934401 40.815401, -73.934401 40.815403, -73.934401 40.815423, -73.934401 40.815473, -73.934401 40.815546, -73.934399 40.815573, -73.934389 40.81566, -73.934387 40.815679, -73.934381 40.815743, -73.93438 40.815747, -73.934362 40.815945, -73.934358 40.815983, -73.934354 40.816033, -73.934338 40.816221, -73.934329 40.816308, -73.934319 40.816414, -73.934315 40.816458, -73.934298 40.816621, -73.934291 40.816697, -73.93428 40.816814, -73.934277 40.816845, -73.934276 40.81686, -73.934275 40.81687, -73.934275 40.816896, -73.934275 40.816901, -73.934275 40.816914, -73.934276 40.816921, -73.934277 40.816947, -73.934279 40.816962, -73.934281 40.816975))"^^<http://www.opengis.net/ont/geosparql#wktLiteral> .
<https://w3id.org/rtskg/new_york_city/instance/block_44193> <https://w3id.org/rtskg/ontology/objectproperty/block_intersects_station_area> <https://w3id.org/rtskg/new_york_city/instance/station_area_21> .
<https://w3id.org/rtskg/new_york_city/instance/block_44193> <https://w3id.org/rtskg/ontology/objectproperty/block_intersects_station_area> <https://w3id.org/rtskg/new_york_city/instance/station_area_25> .
<https://w3id.org/rtskg/new_york_city/instance/block_44193> <https://w3id.org/rtskg/ontology/objectproperty/block_intersects_station_area> <https://w3id.org/rtskg/new_york_city/instance/station_area_33> .
<https://w3id.org/rtskg/new_york_city/instance/block_44193> <https://w3id.org/rtskg/ontology/objectproperty/block_intersects_station_area> <https://w3id.org/rtskg/new_york_city/instance/station_area_34> .
<https://w3id.org/rtskg/new_york_city/instance/block_44193> <https://w3id.org/rtskg/ontology/objectproperty/block_intersects_station_area> <https://w3id.org/rtskg/new_york_city/instance/station_area_35> .
<https://w3id.org/rtskg/new_york_city/instance/block_44193> <https://w3id.org/rtskg/ontology/objectproperty/block_locates_at_borough> <https://w3id.org/rtskg/new_york_city/instance/borough_1> .
<https://w3id.org/rtskg/new_york_city/instance/block_44193> <https://w3id.org/rtskg/ontology/objectproperty/block_locates_at_functional_area> <https://w3id.org/rtskg/new_york_city/instance/functional_area_42> .
<https://w3id.org/rtskg/new_york_city/instance/block_44193> <https://w3id.org/rtskg/ontology/objectproperty/block_locates_at_functional_area> <https://w3id.org/rtskg/new_york_city/instance/functional_area_74> .
