<https://w3id.org/rtskg/new_york_city/instance/block_40457> <http://www.w3.org/1999/02/22-rdf-syntax-ns#type> <https://w3id.org/rtskg/ontology/class/block> .
<https://w3id.org/rtskg/new_york_city/instance/block_40457> <https://w3id.org/rtskg/ontology/dataproperty/geometry> "POLYGON ((-73.951284 40.742779, -73.951284 40.74278, -73.951283 40.742781, -73.951283 40.742782, -73.951282 40.742783, -73.951281 40.742784, -73.951281 40.742785, -73.95128 40.742786, -73.951279 40.742787, -73.951278 40.742787, -73.951277 40.742788, -73.951276 40.742789, -73.951275 40.74279, -73.951274 40.742791, -73.951273 40.742791, -73.951272 40.742792, -73.951271 40.742793, -73.95127 40.742793, -73.951269 40.742794, -73.951268 40.742795, -73.951267 40.742795, -73.951266 40.742796, -73.951264 40.742796, -73.951263 40.742797, -73.951262 40.742797, -73.95126 40.742797, -73.951259 40.742798, -73.951258 40.742798, -73.951257 40.742798, -73.951257 40.742799, -73.951257 40.742799, -73.951256 40.742799, -73.951256 40.742799, -73.951256 40.742799, -73.951255 40.7428, -73.951255 40.7428, -73.951254 40.7428, -73.951254 40.7428, -73.951254 40.7428, -73.951253 40.7428, -73.951253 40.7428, -73.951252 40.7428, -73.951252 40.742801, -73.951252 40.742801, -73.951251 40.742801, -73.951251 40.742801, -73.95125 40.742801, -73.95125 40.742801, -73.951249 40.742801, -73.951249 40.742801, -73.951248 40.742801, -73.951248 40.742801, -73.951248 40.742801, -73.951247 40.742801, -73.951247 40.742801, -73.951246 40.742801, -73.951246 40.742801, -73.951245 40.7428, -73.951245 40.7428, -73.951245 40.7428, -73.951244 40.7428, -73.951244 40.7428, -73.951243 40.7428, -73.951243 40.7428, -73.951242 40.742799, -73.951242 40.742799, -73.951242 40.742799, -73.951241 40.742799, -73.951241 40.742799, -73.951241 40.742799, -73.95124 40.742798, -73.95124 40.742798, -73.95124 40.742798, -73.951239 40.742798, -73.951239 40.742797, -73.951239 40.742797, -73.951239 40.742797, -73.951238 40.742796, -73.951238 40.742796, -73.951238 40.742796, -73.951238 40.742796, -73.951237 40.742795, -73.951237 40.742795, -73.951237 40.742795, -73.951237 40.742794, -73.951237 40.742794, -73.951237 40.742794, -73.951236 40.742793, -73.951236 40.742793, -73.951236 40.742793, -73.951236 40.742792, -73.951236 40.742792, -73.951236 40.742792, -73.951236 40.742791, -73.951236 40.742791, -73.951236 40.742791, -73.951236 40.74279, -73.951236 40.74279, -73.951236 40.74279, -73.951236 40.742789, -73.951236 40.742789, -73.951236 40.742789, -73.951237 40.742788, -73.951237 40.742788, -73.951237 40.742788, -73.951246 40.742765, -73.951253 40.742748, -73.951254 40.742745, -73.951271 40.742702, -73.951288 40.742659, -73.951304 40.742617, -73.951305 40.742616, -73.951321 40.742571, -73.951338 40.742526, -73.951351 40.742492, -73.951355 40.742481, -73.951372 40.742436, -73.951389 40.742391, -73.951389 40.74239, -73.951406 40.742345, -73.95142 40.742312, -73.951425 40.742299, -73.95143 40.742287, -73.951433 40.742279, -73.951434 40.742278, -73.951435 40.742278, -73.951436 40.742277, -73.951436 40.742277, -73.951437 40.742277, -73.951437 40.742276, -73.951438 40.742276, -73.951438 40.742276, -73.951438 40.742276, -73.951439 40.742276, -73.95144 40.742275, -73.951441 40.742275, -73.951442 40.742275, -73.951443 40.742274, -73.951444 40.742274, -73.951445 40.742274, -73.951446 40.742274, -73.951447 40.742273, -73.951448 40.742273, -73.951449 40.742273, -73.95145 40.742273, -73.95145 40.742273, -73.951451 40.742273, -73.95145 40.742276, -73.951444 40.742294, -73.951443 40.742297, -73.951442 40.742298, -73.951442 40.742299, -73.951442 40.7423, -73.951442 40.742301, -73.951441 40.742303, -73.951436 40.742318, -73.951408 40.742406, -73.951346 40.742595, -73.951315 40.742691, -73.951303 40.742726, -73.951301 40.742733, -73.951298 40.742739, -73.95129 40.742761, -73.951286 40.742774, -73.951286 40.742775, -73.951285 40.742776, -73.951285 40.742777, -73.951285 40.742778, -73.951284 40.742779))"^^<http://www.opengis.net/ont/geosparql#wktLiteral> .
<https://w3id.org/rtskg/new_york_city/instance/block_40457> <https://w3id.org/rtskg/ontology/objectproperty/block_intersects_station_area> <https://w3id.org/rtskg/new_york_city/instance/station_area_379> .
<https://w3id.org/rtskg/new_york_city/instance/block_40457> <https://w3id.org/rtskg/ontology/objectproperty/block_intersects_station_area> <https://w3id.org/rtskg/new_york_city/instance/station_area_493> .
<https://w3id.org/rtskg/new_york_city/instance/block_40457> <https://w3id.org/rtskg/ontology/objectproperty/block_intersects_station_area> <https://w3id.org/rtskg/new_york_city/instance/station_area_494> .
<https://w3id.org/rtskg/new_york_city/instance/block_40457> <https://w3id.org/rtskg/ontology/objectproperty/block_intersects_station_area> <https://w3id.org/rtskg/new_york_city/instance/station_area_709> .
<https://w3id.org/rtskg/new_york_city/instance/block_40457> <https://w3id.org/rtskg/ontology/objectproperty/block_intersects_station_area> <https://w3id.org/rtskg/new_york_city/instance/station_area_710> .
<https://w3id.org/rtskg/new_york_city/instance/block_40457> <https://w3id.org/rtskg/ontology/objectproperty/block_intersects_station_area> <https://w3id.org/rtskg/new_york_city/instance/station_area_85> .
<https://w3id.org/rtskg/new_york_city/instance/block_40457> <https://w3id.org/rtskg/ontology/objectproperty/block_intersects_station_area> <https://w3id.org/rtskg/new_york_city/instance/station_area_86> .
<https://w3id.org/rtskg/new_york_city/instance/block_40457> <https://w3id.org/rtskg/ontology/objectproperty/block_locates_at_borough> <https://w3id.org/rtskg/new_york_city/instance/borough_4> .
<https://w3id.org/rtskg/new_york_city/instance/block_40457> <https://w3id.org/rtskg/ontology/objectproperty/block_locates_at_functional_area> <https://w3id.org/rtskg/new_york_city/instance/functional_area_145> .
