<https://w3id.org/rtskg/new_york_city/instance/block_18243> <http://www.w3.org/1999/02/22-rdf-syntax-ns#type> <https://w3id.org/rtskg/ontology/class/block> .
<https://w3id.org/rtskg/new_york_city/instance/block_18243> <https://w3id.org/rtskg/ontology/dataproperty/geometry> "POLYGON ((-74.004501 40.730432, -74.004501 40.730433, -74.004501 40.730433, -74.004501 40.730434, -74.004502 40.730434, -74.004502 40.730435, -74.004502 40.730435, -74.004502 40.730436, -74.004502 40.730436, -74.004502 40.730437, -74.004502 40.730437, -74.004502 40.730438, -74.004491 40.730456, -74.004467 40.730501, -74.00444 40.730545, -74.004439 40.730548, -74.004438 40.730549, -74.004438 40.730549, -74.004438 40.730549, -74.004438 40.73055, -74.004438 40.73055, -74.004437 40.73055, -74.004437 40.730551, -74.004437 40.730551, -74.004436 40.730552, -74.004436 40.730552, -74.004436 40.730552, -74.004435 40.730553, -74.004435 40.730553, -74.004434 40.730553, -74.004434 40.730554, -74.004434 40.730554, -74.004433 40.730554, -74.004433 40.730555, -74.004432 40.730555, -74.004432 40.730555, -74.004431 40.730555, -74.004431 40.730556, -74.00443 40.730556, -74.004429 40.730556, -74.004429 40.730556, -74.004428 40.730556, -74.004428 40.730556, -74.004428 40.730556, -74.004427 40.730557, -74.004427 40.730557, -74.004426 40.730557, -74.004425 40.730557, -74.004425 40.730557, -74.004424 40.730557, -74.004424 40.730557, -74.004423 40.730557, -74.004422 40.730557, -74.004422 40.730557, -74.004421 40.730557, -74.004421 40.730557, -74.00442 40.730557, -74.004419 40.730557, -74.004419 40.730557, -74.004418 40.730557, -74.004418 40.730557, -74.004417 40.730557, -74.004416 40.730556, -74.004416 40.730556, -74.004415 40.730556, -74.004415 40.730556, -74.004414 40.730556, -74.004414 40.730556, -74.004413 40.730555, -74.004413 40.730555, -74.004412 40.730555, -74.004412 40.730555, -74.004411 40.730554, -74.004411 40.730554, -74.00441 40.730554, -74.00441 40.730553, -74.004409 40.730553, -74.004409 40.730553, -74.004408 40.730552, -74.004408 40.730552, -74.004408 40.730552, -74.004407 40.730551, -74.004407 40.730551, -74.004407 40.73055, -74.004406 40.73055, -74.004406 40.73055, -74.004406 40.730549, -74.004406 40.730549, -74.004405 40.730548, -74.004405 40.730547, -74.004403 40.730543, -74.004395 40.73053, -74.004371 40.730485, -74.004364 40.730472, -74.004363 40.730471, -74.004363 40.730471, -74.004363 40.73047, -74.004363 40.730469, -74.004363 40.730469, -74.004363 40.730468, -74.004363 40.730468, -74.004363 40.730467, -74.004363 40.730467, -74.004363 40.730466, -74.004363 40.730466, -74.004364 40.730465, -74.004364 40.730464, -74.004364 40.730464, -74.004364 40.730463, -74.004364 40.730463, -74.004365 40.730462, -74.004365 40.730462, -74.004365 40.730461, -74.004366 40.730461, -74.004366 40.73046, -74.004366 40.73046, -74.004367 40.730459, -74.004367 40.730459, -74.004368 40.730458, -74.004368 40.730458, -74.004369 40.730457, -74.004369 40.730457, -74.00437 40.730457, -74.00437 40.730456, -74.004371 40.730456, -74.004371 40.730455, -74.004372 40.730455, -74.004372 40.730455, -74.004373 40.730455, -74.004373 40.730454, -74.004374 40.730454, -74.004374 40.730454, -74.004375 40.730454, -74.004376 40.730453, -74.004376 40.730453, -74.004382 40.730451, -74.00439 40.730449, -74.004453 40.730429, -74.004471 40.730424, -74.004479 40.730422, -74.00448 40.730421, -74.004481 40.730421, -74.004481 40.730421, -74.004482 40.730421, -74.004483 40.730421, -74.004483 40.730421, -74.004484 40.730421, -74.004484 40.730421, -74.004485 40.730421, -74.004486 40.730422, -74.004486 40.730422, -74.004487 40.730422, -74.004488 40.730422, -74.004488 40.730422, -74.004489 40.730422, -74.00449 40.730422, -74.00449 40.730423, -74.004491 40.730423, -74.004491 40.730423, -74.004492 40.730423, -74.004493 40.730423, -74.004493 40.730424, -74.004494 40.730424, -74.004494 40.730424, -74.004495 40.730425, -74.004495 40.730425, -74.004496 40.730425, -74.004496 40.730426, -74.004497 40.730426, -74.004497 40.730426, -74.004497 40.730427, -74.004498 40.730427, -74.004498 40.730428, -74.004499 40.730428, -74.004499 40.730428, -74.004499 40.730429, -74.0045 40.730429, -74.0045 40.73043, -74.0045 40.73043, -74.0045 40.730431, -74.004501 40.730431, -74.004501 40.730432, -74.004501 40.730432))"^^<http://www.opengis.net/ont/geosparql#wktLiteral> .
<https://w3id.org/rtskg/new_york_city/instance/block_18243> <https://w3id.org/rtskg/ontology/objectproperty/block_intersects_station_area> <https://w3id.org/rtskg/new_york_city/instance/station_area_29> .
<https://w3id.org/rtskg/new_york_city/instance/block_18243> <https://w3id.org/rtskg/ontology/objectproperty/block_intersects_station_area> <https://w3id.org/rtskg/new_york_city/instance/station_area_321> .
<https://w3id.org/rtskg/new_york_city/instance/block_18243> <https://w3id.org/rtskg/ontology/objectproperty/block_intersects_station_area> <https://w3id.org/rtskg/new_york_city/instance/station_area_359> .
<https://w3id.org/rtskg/new_york_city/instance/block_18243> <https://w3id.org/rtskg/ontology/objectproperty/block_intersects_station_area> <https://w3id.org/rtskg/new_york_city/instance/station_area_360> .
<https://w3id.org/rtskg/new_york_city/instance/block_18243> <https://w3id.org/rtskg/ontology/objectproperty/block_intersects_station_area> <https://w3id.org/rtskg/new_york_city/instance/station_area_483> .
<https://w3id.org/rtskg/new_york_city/instance/block_18243> <https://w3id.org/rtskg/ontology/objectproperty/block_intersects_station_area> <https://w3id.org/rtskg/new_york_city/instance/station_area_484> .
<https://w3id.org/rtskg/new_york_city/instance/block_18243> <https://w3id.org/rtskg/ontology/objectproperty/block_intersects_station_area> <https://w3id.org/rtskg/new_york_city/instance/station_area_671> .
<https://w3id.org/rtskg/new_york_city/instance/block_18243> <https://w3id.org/rtskg/ontology/objectproperty/block_intersects_station_area> <https://w3id.org/rtskg/new_york_city/instance/station_area_711> .
<https://w3id.org/rtskg/new_york_city/instance/block_18243> <https://w3id.org/rtskg/ontology/objectproperty/block_intersects_station_area> <https://w3id.org/rtskg/new_york_city/instance/station_area_712> .
<https://w3id.org/rtskg/new_york_city/instance/block_18243> <https://w3id.org/rtskg/ontology/objectproperty/block_locates_at_borough> <https://w3id.org/rtskg/new_york_city/instance/borough_1> .
<https://w3id.org/rtskg/new_york_city/instance/block_18243> <https://w3id.org/rtskg/ontology/objectproperty/block_locates_at_functional_area> <https://w3id.org/rtskg/new_york_city/instance/functional_area_249> .
