<https://w3id.org/rtskg/new_york_city/instance/block_40554> <http://www.w3.org/1999/02/22-rdf-syntax-ns#type> <https://w3id.org/rtskg/ontology/class/block> .
<https://w3id.org/rtskg/new_york_city/instance/block_40554> <https://w3id.org/rtskg/ontology/dataproperty/geometry> "POLYGON ((-73.943597 40.749693, -73.943597 40.749694, -73.943598 40.749694, -73.943598 40.749695, -73.943599 40.749696, -73.943599 40.749697, -73.943599 40.749697, -73.943599 40.749698, -73.943599 40.749699, -73.9436 40.749699, -73.9436 40.7497, -73.9436 40.749701, -73.9436 40.749702, -73.9436 40.749703, -73.9436 40.749704, -73.9436 40.749705, -73.9436 40.749705, -73.9436 40.749705, -73.9436 40.749706, -73.9436 40.749707, -73.9436 40.749708, -73.943599 40.749709, -73.943599 40.74971, -73.943599 40.749711, -73.943599 40.749711, -73.943598 40.749712, -73.943598 40.749713, -73.943597 40.749714, -73.943597 40.749715, -73.943596 40.749715, -73.943596 40.749716, -73.943595 40.749717, -73.943595 40.749718, -73.943594 40.749718, -73.943592 40.74972, -73.943566 40.749748, -73.943552 40.749764, -73.94355 40.749765, -73.943509 40.749809, -73.943468 40.749853, -73.943428 40.749896, -73.943427 40.749897, -73.9434 40.749926, -73.943386 40.749941, -73.943346 40.749985, -73.943345 40.749986, -73.943322 40.75001, -73.943305 40.750029, -73.943296 40.750037, -73.943264 40.750072, -73.943223 40.750116, -73.943182 40.75016, -73.943168 40.750175, -73.943161 40.750183, -73.943156 40.75018, -73.943132 40.750169, -73.943131 40.750168, -73.943125 40.750165, -73.943121 40.750163, -73.942952 40.750071, -73.94277 40.749976, -73.942675 40.749926, -73.942556 40.749859, -73.94255 40.749856, -73.942514 40.749835, -73.942519 40.749829, -73.942537 40.74981, -73.942577 40.749767, -73.942617 40.749723, -73.942657 40.749679, -73.942677 40.749658, -73.942693 40.74964, -73.942709 40.749622, -73.942729 40.7496, -73.942765 40.74956, -73.9428 40.74952, -73.942836 40.74948, -73.942865 40.749449, -73.942894 40.749417, -73.942917 40.749392, -73.942919 40.749389, -73.942924 40.749385, -73.942924 40.749384, -73.942925 40.749383, -73.942926 40.749382, -73.942927 40.749382, -73.942928 40.749381, -73.942929 40.74938, -73.94293 40.749379, -73.942931 40.749379, -73.942932 40.749378, -73.942934 40.749377, -73.942935 40.749377, -73.942935 40.749377, -73.942936 40.749376, -73.942937 40.749376, -73.942938 40.749375, -73.94294 40.749375, -73.942941 40.749374, -73.942942 40.749374, -73.942944 40.749373, -73.942945 40.749373, -73.942946 40.749373, -73.942948 40.749372, -73.942949 40.749372, -73.94295 40.749372, -73.942952 40.749372, -73.942953 40.749372, -73.942955 40.749372, -73.942956 40.749372, -73.942956 40.749372, -73.942958 40.749372, -73.942959 40.749372, -73.94296 40.749372, -73.942962 40.749372, -73.942963 40.749372, -73.942965 40.749372, -73.942966 40.749372, -73.942967 40.749373, -73.942969 40.749373, -73.94297 40.749373, -73.942971 40.749373, -73.942973 40.749374, -73.942974 40.749374, -73.942975 40.749375, -73.942976 40.749375, -73.942977 40.749375, -73.942978 40.749376, -73.942979 40.749376, -73.94298 40.749377, -73.942981 40.749378, -73.942983 40.749378, -73.942984 40.749379, -73.942985 40.74938, -73.942986 40.74938, -73.943046 40.74941, -73.943105 40.749441, -73.943156 40.749466, -73.943165 40.749471, -73.943225 40.749501, -73.943229 40.749503, -73.943285 40.749531, -73.943288 40.749532, -73.943303 40.74954, -73.943345 40.749561, -73.943405 40.749591, -73.943464 40.749622, -73.943524 40.749652, -73.94353 40.749655, -73.943572 40.749676, -73.943585 40.749683, -73.943586 40.749683, -73.943587 40.749684, -73.943588 40.749684, -73.943589 40.749685, -73.943589 40.749685, -73.94359 40.749685, -73.94359 40.749686, -73.943591 40.749686, -73.943592 40.749687, -73.943593 40.749688, -73.943593 40.749688, -73.943593 40.749688, -73.943594 40.749689, -73.943595 40.74969, -73.943595 40.749691, -73.943596 40.749691, -73.943596 40.749692, -73.943597 40.749693))"^^<http://www.opengis.net/ont/geosparql#wktLiteral> .
<https://w3id.org/rtskg/new_york_city/instance/block_40554> <https://w3id.org/rtskg/ontology/objectproperty/block_intersects_station_area> <https://w3id.org/rtskg/new_york_city/instance/station_area_379> .
<https://w3id.org/rtskg/new_york_city/instance/block_40554> <https://w3id.org/rtskg/ontology/objectproperty/block_intersects_station_area> <https://w3id.org/rtskg/new_york_city/instance/station_area_380> .
<https://w3id.org/rtskg/new_york_city/instance/block_40554> <https://w3id.org/rtskg/ontology/objectproperty/block_intersects_station_area> <https://w3id.org/rtskg/new_york_city/instance/station_area_641> .
<https://w3id.org/rtskg/new_york_city/instance/block_40554> <https://w3id.org/rtskg/ontology/objectproperty/block_intersects_station_area> <https://w3id.org/rtskg/new_york_city/instance/station_area_642> .
<https://w3id.org/rtskg/new_york_city/instance/block_40554> <https://w3id.org/rtskg/ontology/objectproperty/block_intersects_station_area> <https://w3id.org/rtskg/new_york_city/instance/station_area_643> .
<https://w3id.org/rtskg/new_york_city/instance/block_40554> <https://w3id.org/rtskg/ontology/objectproperty/block_intersects_station_area> <https://w3id.org/rtskg/new_york_city/instance/station_area_644> .
<https://w3id.org/rtskg/new_york_city/instance/block_40554> <https://w3id.org/rtskg/ontology/objectproperty/block_intersects_station_area> <https://w3id.org/rtskg/new_york_city/instance/station_area_83> .
<https://w3id.org/rtskg/new_york_city/instance/block_40554> <https://w3id.org/rtskg/ontology/objectproperty/block_intersects_station_area> <https://w3id.org/rtskg/new_york_city/instance/station_area_85> .
<https://w3id.org/rtskg/new_york_city/instance/block_40554> <https://w3id.org/rtskg/ontology/objectproperty/block_locates_at_borough> <https://w3id.org/rtskg/new_york_city/instance/borough_4> .
<https://w3id.org/rtskg/new_york_city/instance/block_40554> <https://w3id.org/rtskg/ontology/objectproperty/block_locates_at_functional_area> <https://w3id.org/rtskg/new_york_city/instance/functional_area_145> .
