<https://w3id.org/rtskg/new_york_city/instance/block_38144> <http://www.w3.org/1999/02/22-rdf-syntax-ns#type> <https://w3id.org/rtskg/ontology/class/block> .
<https://w3id.org/rtskg/new_york_city/instance/block_38144> <https://w3id.org/rtskg/ontology/dataproperty/geometry> "POLYGON ((-73.901541 40.854574, -73.901542 40.854574, -73.901544 40.854575, -73.901545 40.854575, -73.901546 40.854576, -73.901549 40.854577, -73.901552 40.85458, -73.901554 40.854581, -73.901555 40.854582, -73.901557 40.854583, -73.901558 40.854585, -73.901559 40.854587, -73.901561 40.854589, -73.901562 40.854591, -73.901564 40.854594, -73.901565 40.854597, -73.901565 40.854598, -73.901565 40.854599, -73.901566 40.854601, -73.901566 40.854604, -73.901565 40.854606, -73.901565 40.854608, -73.901565 40.85461, -73.901565 40.85461, -73.901564 40.854612, -73.901563 40.854615, -73.901562 40.854617, -73.901559 40.854622, -73.901558 40.854624, -73.901556 40.854627, -73.90155 40.854637, -73.901539 40.85465, -73.901498 40.854662, -73.901469 40.854699, -73.901429 40.854749, -73.901416 40.854766, -73.901364 40.85483, -73.901206 40.855026, -73.901155 40.855089, -73.901155 40.85509, -73.901155 40.85509, -73.901154 40.85509, -73.901154 40.855091, -73.901153 40.855091, -73.901153 40.855091, -73.901152 40.855091, -73.901152 40.855092, -73.901151 40.855092, -73.901151 40.855092, -73.90115 40.855092, -73.901149 40.855092, -73.901149 40.855093, -73.901148 40.855093, -73.901148 40.855093, -73.901147 40.855093, -73.901147 40.855093, -73.901146 40.855093, -73.901145 40.855093, -73.901145 40.855093, -73.901144 40.855093, -73.901144 40.855093, -73.901143 40.855093, -73.901143 40.855093, -73.901142 40.855093, -73.901141 40.855093, -73.901141 40.855093, -73.90114 40.855093, -73.90114 40.855093, -73.901139 40.855093, -73.901138 40.855093, -73.901138 40.855093, -73.901137 40.855093, -73.901137 40.855092, -73.901136 40.855092, -73.901136 40.855092, -73.901135 40.855092, -73.901135 40.855092, -73.901134 40.855091, -73.901134 40.855091, -73.901133 40.855091, -73.901133 40.855091, -73.901132 40.85509, -73.901132 40.85509, -73.901131 40.85509, -73.901131 40.855089, -73.90113 40.855089, -73.90113 40.855089, -73.90113 40.855088, -73.901129 40.855088, -73.901129 40.855088, -73.901129 40.855087, -73.901128 40.855087, -73.901128 40.855086, -73.901128 40.855086, -73.901127 40.855086, -73.901127 40.855085, -73.901127 40.855085, -73.901127 40.855084, -73.901127 40.855084, -73.901127 40.855084, -73.901127 40.855084, -73.901126 40.855083, -73.901126 40.855083, -73.901126 40.855082, -73.901126 40.855082, -73.901126 40.855081, -73.901126 40.855081, -73.901126 40.85508, -73.901126 40.85508, -73.901126 40.855079, -73.901126 40.855079, -73.901126 40.855079, -73.901126 40.855078, -73.901126 40.855078, -73.901126 40.855077, -73.901127 40.855077, -73.901127 40.855076, -73.901127 40.855076, -73.901155 40.854977, -73.901202 40.854814, -73.901253 40.854646, -73.901266 40.854604, -73.901247 40.854582, -73.901256 40.854551, -73.901257 40.854546, -73.901258 40.854542, -73.90126 40.854538, -73.901261 40.854537, -73.901261 40.854537, -73.901264 40.854533, -73.901268 40.854529, -73.901271 40.854526, -73.901272 40.854525, -73.901277 40.854522, -73.901283 40.85452, -73.901289 40.854518, -73.901295 40.854516, -73.901297 40.854516, -73.901301 40.854515, -73.901307 40.854515, -73.901308 40.854515, -73.901319 40.854517, -73.901371 40.854525, -73.901395 40.854549, -73.901461 40.85456, -73.901514 40.854568, -73.901515 40.854568, -73.901525 40.85457, -73.901527 40.85457, -73.901529 40.854571, -73.901532 40.854571, -73.901535 40.854572, -73.901537 40.854572, -73.90154 40.854573, -73.901541 40.854574))"^^<http://www.opengis.net/ont/geosparql#wktLiteral> .
<https://w3id.org/rtskg/new_york_city/instance/block_38144> <https://w3id.org/rtskg/ontology/objectproperty/block_intersects_station_area> <https://w3id.org/rtskg/new_york_city/instance/station_area_335> .
<https://w3id.org/rtskg/new_york_city/instance/block_38144> <https://w3id.org/rtskg/ontology/objectproperty/block_intersects_station_area> <https://w3id.org/rtskg/new_york_city/instance/station_area_431> .
<https://w3id.org/rtskg/new_york_city/instance/block_38144> <https://w3id.org/rtskg/ontology/objectproperty/block_intersects_station_area> <https://w3id.org/rtskg/new_york_city/instance/station_area_699> .
<https://w3id.org/rtskg/new_york_city/instance/block_38144> <https://w3id.org/rtskg/ontology/objectproperty/block_intersects_station_area> <https://w3id.org/rtskg/new_york_city/instance/station_area_69> .
<https://w3id.org/rtskg/new_york_city/instance/block_38144> <https://w3id.org/rtskg/ontology/objectproperty/block_intersects_station_area> <https://w3id.org/rtskg/new_york_city/instance/station_area_70> .
<https://w3id.org/rtskg/new_york_city/instance/block_38144> <https://w3id.org/rtskg/ontology/objectproperty/block_intersects_station_area> <https://w3id.org/rtskg/new_york_city/instance/station_area_71> .
<https://w3id.org/rtskg/new_york_city/instance/block_38144> <https://w3id.org/rtskg/ontology/objectproperty/block_locates_at_borough> <https://w3id.org/rtskg/new_york_city/instance/borough_2> .
<https://w3id.org/rtskg/new_york_city/instance/block_38144> <https://w3id.org/rtskg/ontology/objectproperty/block_locates_at_functional_area> <https://w3id.org/rtskg/new_york_city/instance/functional_area_169> .
