<https://w3id.org/rtskg/new_york_city/instance/block_18875> <http://www.w3.org/1999/02/22-rdf-syntax-ns#type> <https://w3id.org/rtskg/ontology/class/block> .
<https://w3id.org/rtskg/new_york_city/instance/block_18875> <https://w3id.org/rtskg/ontology/dataproperty/geometry> "POLYGON ((-73.968543 40.684117, -73.968494 40.684124, -73.968171 40.68416, -73.96817 40.68416, -73.968159 40.68416, -73.968153 40.68416, -73.968147 40.684159, -73.968146 40.684159, -73.96814 40.684157, -73.968134 40.684153, -73.96813 40.68415, -73.968129 40.684149, -73.968124 40.684143, -73.968121 40.684139, -73.96812 40.684135, -73.968115 40.684126, -73.968113 40.684122, -73.968112 40.684119, -73.968112 40.684118, -73.968111 40.684117, -73.968111 40.684115, -73.968108 40.6841, -73.968101 40.68406, -73.968091 40.684007, -73.968089 40.683994, -73.968081 40.683954, -73.968073 40.683909, -73.968073 40.683907, -73.968072 40.683906, -73.968072 40.683904, -73.968072 40.683902, -73.968072 40.683901, -73.968073 40.683899, -73.968073 40.683897, -73.968073 40.683896, -73.968073 40.683894, -73.968074 40.683892, -73.968074 40.683891, -73.968075 40.683889, -73.968076 40.683888, -73.968076 40.683886, -73.968077 40.683884, -73.968078 40.683883, -73.968079 40.683881, -73.96808 40.68388, -73.968081 40.683879, -73.968081 40.683878, -73.968082 40.683877, -73.968083 40.683876, -73.968085 40.683874, -73.968086 40.683873, -73.968087 40.683872, -73.968089 40.68387, -73.96809 40.683869, -73.96809 40.683869, -73.968092 40.683868, -73.968093 40.683867, -73.968095 40.683866, -73.968097 40.683865, -73.968099 40.683864, -73.9681 40.683863, -73.968102 40.683862, -73.968104 40.683861, -73.968106 40.68386, -73.968108 40.683859, -73.96811 40.683859, -73.968112 40.683858, -73.968114 40.683857, -73.968114 40.683857, -73.968116 40.683857, -73.968118 40.683856, -73.96812 40.683856, -73.968123 40.683856, -73.968125 40.683855, -73.968127 40.683855, -73.968129 40.683855, -73.968131 40.683855, -73.968134 40.683855, -73.968134 40.683855, -73.968136 40.683854, -73.968138 40.683855, -73.96814 40.683855, -73.968142 40.683855, -73.968144 40.683855, -73.968147 40.683855, -73.968149 40.683856, -73.968151 40.683856, -73.968153 40.683856, -73.968155 40.683857, -73.968157 40.683857, -73.968159 40.683858, -73.968208 40.683877, -73.968257 40.683896, -73.968317 40.68392, -73.968377 40.683945, -73.968437 40.68397, -73.968494 40.683994, -73.968548 40.684016, -73.96855 40.684017, -73.968552 40.684018, -73.968554 40.684019, -73.968555 40.68402, -73.968557 40.684021, -73.968559 40.684022, -73.96856 40.684023, -73.968562 40.684024, -73.968563 40.684025, -73.968565 40.684026, -73.968566 40.684028, -73.968567 40.684029, -73.968569 40.68403, -73.96857 40.684031, -73.968571 40.684033, -73.968572 40.684034, -73.968573 40.684036, -73.968574 40.684037, -73.968575 40.684039, -73.968576 40.68404, -73.968576 40.684042, -73.968577 40.684043, -73.968577 40.684043, -73.968578 40.684045, -73.968578 40.684046, -73.968579 40.684048, -73.968579 40.684049, -73.968579 40.684051, -73.96858 40.684052, -73.96858 40.684054, -73.96858 40.684056, -73.96858 40.684056, -73.96858 40.684057, -73.96858 40.684059, -73.96858 40.684061, -73.968579 40.684062, -73.968579 40.684064, -73.968579 40.684065, -73.968578 40.684067, -73.968578 40.684068, -73.968577 40.68407, -73.968577 40.684072, -73.968576 40.684073, -73.968575 40.684075, -73.968567 40.684091, -73.968562 40.6841, -73.968555 40.684109, -73.96855 40.684114, -73.968543 40.684117))"^^<http://www.opengis.net/ont/geosparql#wktLiteral> .
<https://w3id.org/rtskg/new_york_city/instance/block_18875> <https://w3id.org/rtskg/ontology/objectproperty/block_intersects_station_area> <https://w3id.org/rtskg/new_york_city/instance/station_area_241> .
<https://w3id.org/rtskg/new_york_city/instance/block_18875> <https://w3id.org/rtskg/ontology/objectproperty/block_intersects_station_area> <https://w3id.org/rtskg/new_york_city/instance/station_area_373> .
<https://w3id.org/rtskg/new_york_city/instance/block_18875> <https://w3id.org/rtskg/ontology/objectproperty/block_intersects_station_area> <https://w3id.org/rtskg/new_york_city/instance/station_area_374> .
<https://w3id.org/rtskg/new_york_city/instance/block_18875> <https://w3id.org/rtskg/ontology/objectproperty/block_intersects_station_area> <https://w3id.org/rtskg/new_york_city/instance/station_area_449> .
<https://w3id.org/rtskg/new_york_city/instance/block_18875> <https://w3id.org/rtskg/ontology/objectproperty/block_intersects_station_area> <https://w3id.org/rtskg/new_york_city/instance/station_area_535> .
<https://w3id.org/rtskg/new_york_city/instance/block_18875> <https://w3id.org/rtskg/ontology/objectproperty/block_intersects_station_area> <https://w3id.org/rtskg/new_york_city/instance/station_area_536> .
<https://w3id.org/rtskg/new_york_city/instance/block_18875> <https://w3id.org/rtskg/ontology/objectproperty/block_locates_at_borough> <https://w3id.org/rtskg/new_york_city/instance/borough_3> .
<https://w3id.org/rtskg/new_york_city/instance/block_18875> <https://w3id.org/rtskg/ontology/objectproperty/block_locates_at_functional_area> <https://w3id.org/rtskg/new_york_city/instance/functional_area_49> .
