<https://w3id.org/rtskg/new_york_city/instance/block_15483> <http://www.w3.org/1999/02/22-rdf-syntax-ns#type> <https://w3id.org/rtskg/ontology/class/block> .
<https://w3id.org/rtskg/new_york_city/instance/block_15483> <https://w3id.org/rtskg/ontology/dataproperty/geometry> "POLYGON ((-73.997523 40.629227, -73.997565 40.629252, -73.997569 40.629254, -73.997572 40.629256, -73.99762 40.629285, -73.997669 40.629314, -73.997717 40.629344, -73.997765 40.629373, -73.997804 40.629396, -73.997813 40.629402, -73.997814 40.629402, -73.99782 40.629411, -73.997823 40.629416, -73.997828 40.629424, -73.997826 40.629428, -73.997819 40.629443, -73.997818 40.629446, -73.997816 40.629448, -73.997774 40.629489, -73.997732 40.629529, -73.99769 40.62957, -73.997648 40.629611, -73.997605 40.629651, -73.997563 40.629692, -73.997543 40.629711, -73.997521 40.629732, -73.997521 40.629733, -73.997481 40.629771, -73.997479 40.629773, -73.997437 40.629813, -73.997437 40.629814, -73.997395 40.629854, -73.99738 40.629868, -73.997354 40.629893, -73.997352 40.629895, -73.997338 40.629899, -73.997324 40.629904, -73.997318 40.629902, -73.997313 40.629901, -73.997298 40.629898, -73.997297 40.629897, -73.997253 40.629871, -73.997246 40.629867, -73.997237 40.629861, -73.997194 40.629835, -73.997141 40.629803, -73.997117 40.629789, -73.997094 40.629775, -73.997089 40.629772, -73.997036 40.62974, -73.997009 40.629724, -73.996997 40.629716, -73.996984 40.629708, -73.996972 40.629702, -73.996931 40.629677, -73.996879 40.629645, -73.996826 40.629613, -73.996798 40.629597, -73.99678 40.629585, -73.996774 40.629582, -73.996758 40.629572, -73.996721 40.62955, -73.996669 40.629518, -73.996616 40.629487, -73.99656 40.629453, -73.996528 40.629433, -73.996503 40.629418, -73.996447 40.629384, -73.996391 40.62935, -73.996334 40.629316, -73.996314 40.629304, -73.996278 40.629282, -73.996263 40.629273, -73.996232 40.629254, -73.99623 40.629253, -73.996222 40.629248, -73.996215 40.629243, -73.996209 40.629238, -73.9962 40.629223, -73.9962 40.629221, -73.996201 40.629203, -73.996202 40.6292, -73.996222 40.629129, -73.996342 40.628707, -73.996368 40.628617, -73.996377 40.628585, -73.996378 40.628581, -73.996379 40.62858, -73.99638 40.628579, -73.99638 40.628578, -73.996381 40.628577, -73.996382 40.628576, -73.996383 40.628575, -73.996384 40.628574, -73.996384 40.628574, -73.996385 40.628573, -73.996386 40.628572, -73.996387 40.628572, -73.996388 40.628571, -73.996389 40.62857, -73.99639 40.628569, -73.996392 40.628569, -73.996393 40.628568, -73.996394 40.628567, -73.996395 40.628567, -73.996397 40.628566, -73.996398 40.628566, -73.996399 40.628565, -73.996401 40.628565, -73.996402 40.628565, -73.996404 40.628564, -73.996405 40.628564, -73.996407 40.628564, -73.996408 40.628563, -73.99641 40.628563, -73.996411 40.628563, -73.996412 40.628563, -73.996414 40.628563, -73.996415 40.628563, -73.996417 40.628563, -73.996418 40.628563, -73.99642 40.628563, -73.996421 40.628563, -73.996423 40.628563, -73.996424 40.628563, -73.996426 40.628563, -73.996427 40.628564, -73.996429 40.628564, -73.99643 40.628564, -73.996432 40.628565, -73.996432 40.628565, -73.996433 40.628565, -73.996434 40.628566, -73.996436 40.628566, -73.996437 40.628567, -73.996438 40.628567, -73.99644 40.628568, -73.996441 40.628568, -73.996442 40.628569, -73.996443 40.62857, -73.996462 40.628581, -73.996497 40.628602, -73.996533 40.628624, -73.996551 40.628635, -73.996605 40.628668, -73.996659 40.628701, -73.996713 40.628733, -73.996737 40.628748, -73.996767 40.628766, -73.996797 40.628784, -73.996821 40.628799, -73.996862 40.628824, -73.996875 40.628831, -73.996929 40.628864, -73.996984 40.628898, -73.997039 40.628931, -73.997094 40.628964, -73.997148 40.628998, -73.997161 40.629005, -73.997203 40.629031, -73.997231 40.629048, -73.997258 40.629065, -73.997283 40.62908, -73.997298 40.629089, -73.99731 40.629097, -73.997365 40.629131, -73.99742 40.629164, -73.997475 40.629197, -73.997515 40.629222, -73.997523 40.629227))"^^<http://www.opengis.net/ont/geosparql#wktLiteral> .
<https://w3id.org/rtskg/new_york_city/instance/block_15483> <https://w3id.org/rtskg/ontology/objectproperty/block_intersects_station_area> <https://w3id.org/rtskg/new_york_city/instance/station_area_153> .
<https://w3id.org/rtskg/new_york_city/instance/block_15483> <https://w3id.org/rtskg/ontology/objectproperty/block_intersects_station_area> <https://w3id.org/rtskg/new_york_city/instance/station_area_159> .
<https://w3id.org/rtskg/new_york_city/instance/block_15483> <https://w3id.org/rtskg/ontology/objectproperty/block_intersects_station_area> <https://w3id.org/rtskg/new_york_city/instance/station_area_160> .
<https://w3id.org/rtskg/new_york_city/instance/block_15483> <https://w3id.org/rtskg/ontology/objectproperty/block_intersects_station_area> <https://w3id.org/rtskg/new_york_city/instance/station_area_171> .
<https://w3id.org/rtskg/new_york_city/instance/block_15483> <https://w3id.org/rtskg/ontology/objectproperty/block_intersects_station_area> <https://w3id.org/rtskg/new_york_city/instance/station_area_172> .
<https://w3id.org/rtskg/new_york_city/instance/block_15483> <https://w3id.org/rtskg/ontology/objectproperty/block_intersects_station_area> <https://w3id.org/rtskg/new_york_city/instance/station_area_437> .
<https://w3id.org/rtskg/new_york_city/instance/block_15483> <https://w3id.org/rtskg/ontology/objectproperty/block_locates_at_borough> <https://w3id.org/rtskg/new_york_city/instance/borough_3> .
<https://w3id.org/rtskg/new_york_city/instance/block_15483> <https://w3id.org/rtskg/ontology/objectproperty/block_locates_at_functional_area> <https://w3id.org/rtskg/new_york_city/instance/functional_area_26> .
