<https://w3id.org/rtskg/new_york_city/instance/block_16758> <http://www.w3.org/1999/02/22-rdf-syntax-ns#type> <https://w3id.org/rtskg/ontology/class/block> .
<https://w3id.org/rtskg/new_york_city/instance/block_16758> <https://w3id.org/rtskg/ontology/dataproperty/geometry> "POLYGON ((-73.947822 40.669891, -73.947815 40.66989, -73.947814 40.66989, -73.947811 40.669889, -73.947807 40.669888, -73.9478 40.669886, -73.947797 40.669884, -73.947794 40.669883, -73.947788 40.669879, -73.947787 40.669879, -73.947785 40.669877, -73.947785 40.669858, -73.947785 40.66984, -73.947785 40.66983, -73.947786 40.669806, -73.947786 40.669806, -73.947786 40.669806, -73.947787 40.669805, -73.947788 40.669804, -73.947788 40.669804, -73.947789 40.669803, -73.94779 40.669803, -73.94779 40.669803, -73.947791 40.669802, -73.947792 40.669802, -73.947793 40.669801, -73.947794 40.669801, -73.947795 40.6698, -73.947797 40.6698, -73.947798 40.669799, -73.947799 40.669799, -73.947799 40.669799, -73.9478 40.669798, -73.947808 40.669798, -73.947813 40.669798, -73.947825 40.669798, -73.947839 40.669798, -73.947844 40.669798, -73.947872 40.669798, -73.947939 40.6698, -73.948519 40.66983, -73.948678 40.669838, -73.949195 40.669865, -73.949217 40.669866, -73.949718 40.669892, -73.94991 40.669902, -73.950015 40.669908, -73.950273 40.669922, -73.95037 40.669929, -73.950383 40.66993, -73.950383 40.66993, -73.950385 40.66993, -73.950385 40.66993, -73.950386 40.669931, -73.950388 40.669931, -73.950389 40.669931, -73.95039 40.669932, -73.95039 40.669932, -73.950391 40.669932, -73.950393 40.669932, -73.950394 40.669933, -73.950395 40.669933, -73.950395 40.669933, -73.950396 40.669934, -73.950397 40.669934, -73.950398 40.669934, -73.950399 40.669935, -73.9504 40.669936, -73.9504 40.669936, -73.950401 40.669936, -73.950402 40.669937, -73.950402 40.669937, -73.950403 40.669938, -73.950404 40.669938, -73.950405 40.669939, -73.950406 40.66994, -73.950407 40.669941, -73.950408 40.669941, -73.950408 40.669942, -73.950409 40.669942, -73.950409 40.669943, -73.95041 40.669944, -73.95041 40.669944, -73.950411 40.669945, -73.950412 40.669946, -73.950412 40.669946, -73.950412 40.669947, -73.950413 40.669948, -73.950413 40.669949, -73.950414 40.66995, -73.950414 40.66995, -73.950414 40.669951, -73.950415 40.669952, -73.950415 40.669953, -73.950415 40.669954, -73.950416 40.669954, -73.950416 40.669955, -73.950416 40.669956, -73.950416 40.669957, -73.950416 40.669958, -73.950416 40.669959, -73.950416 40.66996, -73.950416 40.669966, -73.950414 40.669978, -73.950414 40.66998, -73.950413 40.669996, -73.950412 40.67, -73.950412 40.670006, -73.950411 40.670007, -73.950411 40.670008, -73.95041 40.670009, -73.95041 40.67001, -73.950409 40.67001, -73.950409 40.670011, -73.950408 40.670011, -73.950408 40.670012, -73.950408 40.670012, -73.950407 40.670013, -73.950406 40.670014, -73.950405 40.670015, -73.950404 40.670016, -73.950403 40.670017, -73.950402 40.670017, -73.950401 40.670018, -73.950401 40.670018, -73.950401 40.670018, -73.9504 40.670019, -73.950399 40.670019, -73.950398 40.67002, -73.950397 40.670021, -73.950397 40.670021, -73.950396 40.670021, -73.950395 40.670022, -73.950394 40.670022, -73.950394 40.670022, -73.950394 40.670022, -73.950393 40.670023, -73.950391 40.670023, -73.95039 40.670024, -73.950389 40.670024, -73.950387 40.670024, -73.950387 40.670025, -73.950386 40.670025, -73.950385 40.670025, -73.950384 40.670025, -73.950382 40.670026, -73.950381 40.670026, -73.95038 40.670026, -73.950378 40.670026, -73.950377 40.670026, -73.950375 40.670026, -73.950374 40.670026, -73.950374 40.670026, -73.950373 40.670026, -73.950371 40.670026, -73.95037 40.670026, -73.950363 40.670026, -73.949973 40.670005, -73.949535 40.669981, -73.949499 40.669979, -73.949171 40.669962, -73.948636 40.669934, -73.948515 40.669927, -73.947901 40.669895, -73.94789 40.669894, -73.94785 40.669892, -73.947838 40.669891, -73.947834 40.669892, -73.94783 40.669892, -73.947822 40.669891))"^^<http://www.opengis.net/ont/geosparql#wktLiteral> .
<https://w3id.org/rtskg/new_york_city/instance/block_16758> <https://w3id.org/rtskg/ontology/objectproperty/block_intersects_station_area> <https://w3id.org/rtskg/new_york_city/instance/station_area_439> .
<https://w3id.org/rtskg/new_york_city/instance/block_16758> <https://w3id.org/rtskg/ontology/objectproperty/block_intersects_station_area> <https://w3id.org/rtskg/new_york_city/instance/station_area_527> .
<https://w3id.org/rtskg/new_york_city/instance/block_16758> <https://w3id.org/rtskg/ontology/objectproperty/block_intersects_station_area> <https://w3id.org/rtskg/new_york_city/instance/station_area_605> .
<https://w3id.org/rtskg/new_york_city/instance/block_16758> <https://w3id.org/rtskg/ontology/objectproperty/block_intersects_station_area> <https://w3id.org/rtskg/new_york_city/instance/station_area_606> .
<https://w3id.org/rtskg/new_york_city/instance/block_16758> <https://w3id.org/rtskg/ontology/objectproperty/block_intersects_station_area> <https://w3id.org/rtskg/new_york_city/instance/station_area_631> .
<https://w3id.org/rtskg/new_york_city/instance/block_16758> <https://w3id.org/rtskg/ontology/objectproperty/block_intersects_station_area> <https://w3id.org/rtskg/new_york_city/instance/station_area_632> .
<https://w3id.org/rtskg/new_york_city/instance/block_16758> <https://w3id.org/rtskg/ontology/objectproperty/block_intersects_station_area> <https://w3id.org/rtskg/new_york_city/instance/station_area_681> .
<https://w3id.org/rtskg/new_york_city/instance/block_16758> <https://w3id.org/rtskg/ontology/objectproperty/block_locates_at_borough> <https://w3id.org/rtskg/new_york_city/instance/borough_3> .
<https://w3id.org/rtskg/new_york_city/instance/block_16758> <https://w3id.org/rtskg/ontology/objectproperty/block_locates_at_functional_area> <https://w3id.org/rtskg/new_york_city/instance/functional_area_61> .
