<https://w3id.org/rtskg/new_york_city/instance/block_20788> <http://www.w3.org/1999/02/22-rdf-syntax-ns#type> <https://w3id.org/rtskg/ontology/class/block> .
<https://w3id.org/rtskg/new_york_city/instance/block_20788> <https://w3id.org/rtskg/ontology/dataproperty/geometry> "POLYGON ((-73.981009 40.750298, -73.981009 40.750299, -73.981009 40.750299, -73.981009 40.750299, -73.981009 40.7503, -73.981009 40.750301, -73.981009 40.750302, -73.981009 40.750302, -73.981009 40.750303, -73.981009 40.750304, -73.981009 40.750305, -73.981008 40.750305, -73.981008 40.750306, -73.981008 40.750307, -73.981007 40.750308, -73.981007 40.750309, -73.981007 40.750309, -73.981006 40.75031, -73.981006 40.750311, -73.981005 40.750312, -73.980968 40.750363, -73.980966 40.750366, -73.980935 40.750409, -73.980902 40.750454, -73.98087 40.7505, -73.98086 40.750513, -73.980837 40.750545, -73.980804 40.750591, -73.980772 40.750637, -73.980739 40.750682, -73.980706 40.750728, -73.980673 40.750773, -73.980669 40.75078, -73.980642 40.750817, -73.980641 40.750818, -73.980641 40.750819, -73.98064 40.750819, -73.98064 40.75082, -73.980639 40.750821, -73.980638 40.750821, -73.980637 40.750822, -73.980637 40.750822, -73.980636 40.750823, -73.980635 40.750824, -73.980634 40.750824, -73.980633 40.750825, -73.980632 40.750825, -73.980632 40.750826, -73.980631 40.750826, -73.98063 40.750827, -73.980629 40.750827, -73.980629 40.750827, -73.980628 40.750827, -73.980627 40.750828, -73.980626 40.750828, -73.980625 40.750828, -73.980624 40.750829, -73.980623 40.750829, -73.980622 40.750829, -73.98062 40.750829, -73.980619 40.750829, -73.980618 40.75083, -73.980617 40.75083, -73.980616 40.75083, -73.980615 40.75083, -73.980614 40.75083, -73.980613 40.75083, -73.980612 40.75083, -73.980611 40.75083, -73.980609 40.75083, -73.980608 40.750829, -73.980607 40.750829, -73.980607 40.750829, -73.980606 40.750829, -73.980605 40.750829, -73.980604 40.750829, -73.980603 40.750828, -73.980602 40.750828, -73.980601 40.750828, -73.9806 40.750827, -73.980599 40.750827, -73.980598 40.750827, -73.980563 40.750812, -73.980536 40.7508, -73.980527 40.750796, -73.980476 40.750774, -73.980415 40.750748, -73.980355 40.750723, -73.980303 40.7507, -73.980295 40.750697, -73.980269 40.750686, -73.980288 40.750659, -73.98029 40.750657, -73.980302 40.75064, -73.980335 40.750595, -73.980368 40.750549, -73.980401 40.750504, -73.980434 40.750458, -73.980467 40.750413, -73.9805 40.750368, -73.980533 40.750322, -73.980566 40.750277, -73.980599 40.750231, -73.980628 40.750192, -73.980632 40.750186, -73.980634 40.750184, -73.980648 40.75017, -73.980675 40.750145, -73.98068 40.750147, -73.980701 40.750156, -73.980728 40.750167, -73.980744 40.750174, -73.980781 40.75019, -73.980835 40.750212, -73.980888 40.750234, -73.980937 40.750255, -73.980942 40.750257, -73.980993 40.750278, -73.980994 40.750279, -73.980995 40.750279, -73.980995 40.75028, -73.980996 40.75028, -73.980997 40.750281, -73.980998 40.750281, -73.980999 40.750282, -73.981 40.750282, -73.981001 40.750283, -73.981001 40.750284, -73.981002 40.750284, -73.981003 40.750285, -73.981003 40.750286, -73.981004 40.750286, -73.981005 40.750287, -73.981005 40.750288, -73.981005 40.750288, -73.981006 40.750289, -73.981006 40.750289, -73.981007 40.75029, -73.981007 40.750291, -73.981007 40.750292, -73.981008 40.750293, -73.981008 40.750293, -73.981008 40.750294, -73.981009 40.750295, -73.981009 40.750296, -73.981009 40.750297, -73.981009 40.750298))"^^<http://www.opengis.net/ont/geosparql#wktLiteral> .
<https://w3id.org/rtskg/new_york_city/instance/block_20788> <https://w3id.org/rtskg/ontology/objectproperty/block_intersects_station_area> <https://w3id.org/rtskg/new_york_city/instance/station_area_117> .
<https://w3id.org/rtskg/new_york_city/instance/block_20788> <https://w3id.org/rtskg/ontology/objectproperty/block_intersects_station_area> <https://w3id.org/rtskg/new_york_city/instance/station_area_119> .
<https://w3id.org/rtskg/new_york_city/instance/block_20788> <https://w3id.org/rtskg/ontology/objectproperty/block_intersects_station_area> <https://w3id.org/rtskg/new_york_city/instance/station_area_137> .
<https://w3id.org/rtskg/new_york_city/instance/block_20788> <https://w3id.org/rtskg/ontology/objectproperty/block_intersects_station_area> <https://w3id.org/rtskg/new_york_city/instance/station_area_138> .
<https://w3id.org/rtskg/new_york_city/instance/block_20788> <https://w3id.org/rtskg/ontology/objectproperty/block_intersects_station_area> <https://w3id.org/rtskg/new_york_city/instance/station_area_459> .
<https://w3id.org/rtskg/new_york_city/instance/block_20788> <https://w3id.org/rtskg/ontology/objectproperty/block_intersects_station_area> <https://w3id.org/rtskg/new_york_city/instance/station_area_460> .
<https://w3id.org/rtskg/new_york_city/instance/block_20788> <https://w3id.org/rtskg/ontology/objectproperty/block_intersects_station_area> <https://w3id.org/rtskg/new_york_city/instance/station_area_693> .
<https://w3id.org/rtskg/new_york_city/instance/block_20788> <https://w3id.org/rtskg/ontology/objectproperty/block_locates_at_borough> <https://w3id.org/rtskg/new_york_city/instance/borough_1> .
<https://w3id.org/rtskg/new_york_city/instance/block_20788> <https://w3id.org/rtskg/ontology/objectproperty/block_locates_at_functional_area> <https://w3id.org/rtskg/new_york_city/instance/functional_area_170> .
