<https://w3id.org/rtskg/new_york_city/instance/block_20286> <http://www.w3.org/1999/02/22-rdf-syntax-ns#type> <https://w3id.org/rtskg/ontology/class/block> .
<https://w3id.org/rtskg/new_york_city/instance/block_20286> <https://w3id.org/rtskg/ontology/dataproperty/geometry> "POLYGON ((-73.973675 40.756097, -73.973658 40.75612, -73.973651 40.756129, -73.973644 40.756139, -73.973624 40.756167, -73.973606 40.756159, -73.973586 40.756151, -73.973577 40.756147, -73.973516 40.756121, -73.973454 40.756095, -73.973392 40.756069, -73.973342 40.756048, -73.973331 40.756043, -73.973269 40.756017, -73.973208 40.755991, -73.973146 40.755965, -73.973088 40.755941, -73.973085 40.755939, -73.973024 40.755914, -73.973023 40.755913, -73.972962 40.755887, -73.972962 40.755887, -73.972961 40.755887, -73.97296 40.755886, -73.972958 40.755886, -73.972957 40.755885, -73.972956 40.755884, -73.972954 40.755883, -73.972953 40.755882, -73.972952 40.755882, -73.972951 40.755881, -73.97295 40.75588, -73.972949 40.755879, -73.972948 40.755878, -73.972947 40.755877, -73.972947 40.755876, -73.972946 40.755876, -73.972945 40.755875, -73.972944 40.755874, -73.972944 40.755873, -73.972943 40.755872, -73.972942 40.75587, -73.972942 40.755869, -73.972941 40.755868, -73.972941 40.755867, -73.97294 40.755866, -73.97294 40.755865, -73.972939 40.755863, -73.972939 40.755862, -73.972939 40.755861, -73.972939 40.75586, -73.972939 40.755858, -73.972939 40.755857, -73.972939 40.755857, -73.972939 40.755856, -73.972939 40.755855, -73.972939 40.755854, -73.972939 40.755852, -73.972939 40.755851, -73.972939 40.75585, -73.97294 40.755849, -73.97294 40.755847, -73.972941 40.755846, -73.972941 40.755845, -73.972942 40.755844, -73.972942 40.755843, -73.972943 40.755842, -73.972944 40.755841, -73.972944 40.75584, -73.972944 40.75584, -73.972971 40.755803, -73.972977 40.755795, -73.97301 40.755749, -73.973044 40.755704, -73.973077 40.755658, -73.97311 40.755613, -73.973144 40.755567, -73.973177 40.755522, -73.97321 40.755477, -73.973244 40.755431, -73.973248 40.755425, -73.973267 40.7554, -73.973277 40.755386, -73.973308 40.755344, -73.97331 40.75534, -73.973311 40.755339, -73.973312 40.755338, -73.973313 40.755337, -73.973314 40.755336, -73.973315 40.755336, -73.973316 40.755335, -73.973317 40.755334, -73.973318 40.755333, -73.973319 40.755333, -73.973321 40.755332, -73.973322 40.755331, -73.973323 40.755331, -73.973323 40.755331, -73.973324 40.75533, -73.973326 40.755329, -73.973327 40.755329, -73.973328 40.755328, -73.97333 40.755328, -73.973331 40.755327, -73.973333 40.755327, -73.973334 40.755327, -73.973335 40.755326, -73.973337 40.755326, -73.973337 40.755326, -73.973338 40.755326, -73.97334 40.755326, -73.973341 40.755326, -73.973343 40.755325, -73.973344 40.755325, -73.973346 40.755325, -73.973347 40.755325, -73.973349 40.755325, -73.97335 40.755325, -73.973352 40.755326, -73.973353 40.755326, -73.973354 40.755326, -73.973355 40.755326, -73.973356 40.755326, -73.973358 40.755326, -73.973359 40.755327, -73.973359 40.755327, -73.973361 40.755327, -73.973362 40.755327, -73.973364 40.755328, -73.973365 40.755328, -73.973366 40.755329, -73.973368 40.755329, -73.97343 40.755356, -73.973437 40.755359, -73.973492 40.755382, -73.973553 40.755408, -73.973575 40.755417, -73.973615 40.755434, -73.973676 40.755459, -73.973738 40.755485, -73.973799 40.755511, -73.9738 40.755511, -73.973861 40.755537, -73.973923 40.755563, -73.973975 40.755585, -73.973985 40.755589, -73.974027 40.755607, -73.974031 40.755609, -73.974015 40.755631, -73.974005 40.755644, -73.974002 40.755648, -73.973997 40.755655, -73.973963 40.755702, -73.973929 40.755748, -73.973895 40.755795, -73.973861 40.755841, -73.973857 40.755847, -73.973828 40.755888, -73.973794 40.755934, -73.97376 40.755981, -73.973742 40.756005, -73.973726 40.756027, -73.973692 40.756074, -73.973675 40.756097))"^^<http://www.opengis.net/ont/geosparql#wktLiteral> .
<https://w3id.org/rtskg/new_york_city/instance/block_20286> <https://w3id.org/rtskg/ontology/objectproperty/block_intersects_station_area> <https://w3id.org/rtskg/new_york_city/instance/station_area_137> .
<https://w3id.org/rtskg/new_york_city/instance/block_20286> <https://w3id.org/rtskg/ontology/objectproperty/block_intersects_station_area> <https://w3id.org/rtskg/new_york_city/instance/station_area_145> .
<https://w3id.org/rtskg/new_york_city/instance/block_20286> <https://w3id.org/rtskg/ontology/objectproperty/block_intersects_station_area> <https://w3id.org/rtskg/new_york_city/instance/station_area_149> .
<https://w3id.org/rtskg/new_york_city/instance/block_20286> <https://w3id.org/rtskg/ontology/objectproperty/block_intersects_station_area> <https://w3id.org/rtskg/new_york_city/instance/station_area_459> .
<https://w3id.org/rtskg/new_york_city/instance/block_20286> <https://w3id.org/rtskg/ontology/objectproperty/block_intersects_station_area> <https://w3id.org/rtskg/new_york_city/instance/station_area_460> .
<https://w3id.org/rtskg/new_york_city/instance/block_20286> <https://w3id.org/rtskg/ontology/objectproperty/block_intersects_station_area> <https://w3id.org/rtskg/new_york_city/instance/station_area_537> .
<https://w3id.org/rtskg/new_york_city/instance/block_20286> <https://w3id.org/rtskg/ontology/objectproperty/block_intersects_station_area> <https://w3id.org/rtskg/new_york_city/instance/station_area_538> .
<https://w3id.org/rtskg/new_york_city/instance/block_20286> <https://w3id.org/rtskg/ontology/objectproperty/block_intersects_station_area> <https://w3id.org/rtskg/new_york_city/instance/station_area_539> .
<https://w3id.org/rtskg/new_york_city/instance/block_20286> <https://w3id.org/rtskg/ontology/objectproperty/block_locates_at_borough> <https://w3id.org/rtskg/new_york_city/instance/borough_1> .
<https://w3id.org/rtskg/new_york_city/instance/block_20286> <https://w3id.org/rtskg/ontology/objectproperty/block_locates_at_functional_area> <https://w3id.org/rtskg/new_york_city/instance/functional_area_162> .
