<https://w3id.org/rtskg/new_york_city/instance/block_21809> <http://www.w3.org/1999/02/22-rdf-syntax-ns#type> <https://w3id.org/rtskg/ontology/class/block> .
<https://w3id.org/rtskg/new_york_city/instance/block_21809> <https://w3id.org/rtskg/ontology/dataproperty/geometry> "POLYGON ((-73.982438 40.777304, -73.982439 40.777304, -73.982439 40.777305, -73.98244 40.777306, -73.982441 40.777306, -73.982441 40.777307, -73.982442 40.777308, -73.982442 40.777308, -73.982443 40.777309, -73.982443 40.77731, -73.982444 40.777311, -73.982444 40.777312, -73.982445 40.777312, -73.982445 40.777313, -73.982445 40.777314, -73.982445 40.777315, -73.982446 40.777316, -73.982446 40.777316, -73.982446 40.777317, -73.982446 40.777317, -73.982446 40.777318, -73.982446 40.777319, -73.982446 40.77732, -73.982446 40.777321, -73.982446 40.777322, -73.982446 40.777322, -73.982446 40.777323, -73.982446 40.777324, -73.982446 40.777325, -73.982445 40.777326, -73.982445 40.777327, -73.982445 40.777327, -73.982444 40.777328, -73.982444 40.777328, -73.982444 40.777328, -73.982444 40.777329, -73.982444 40.77733, -73.982443 40.777331, -73.982443 40.777331, -73.982442 40.777332, -73.982439 40.777336, -73.982438 40.777338, -73.98243 40.777348, -73.982407 40.777381, -73.982403 40.777386, -73.982372 40.777428, -73.982347 40.777463, -73.982349 40.777486, -73.982349 40.77749, -73.982304 40.777553, -73.982271 40.777599, -73.98227 40.777601, -73.982253 40.777625, -73.982236 40.777649, -73.982233 40.77765, -73.982231 40.777649, -73.98223 40.777641, -73.98223 40.777623, -73.982232 40.777593, -73.982232 40.777593, -73.982234 40.777545, -73.982236 40.777487, -73.982271 40.77747, -73.982273 40.777421, -73.982274 40.777386, -73.982275 40.777373, -73.982277 40.777325, -73.982278 40.777289, -73.982279 40.777281, -73.982279 40.77728, -73.982279 40.77728, -73.982279 40.777279, -73.982279 40.777278, -73.982279 40.777277, -73.982279 40.777277, -73.98228 40.777276, -73.98228 40.777275, -73.98228 40.777274, -73.982281 40.777273, -73.982281 40.777272, -73.982282 40.777271, -73.982282 40.77727, -73.982283 40.77727, -73.982283 40.777269, -73.982284 40.777269, -73.982284 40.777268, -73.982285 40.777267, -73.982285 40.777267, -73.982286 40.777266, -73.982287 40.777265, -73.982287 40.777264, -73.982288 40.777264, -73.982289 40.777263, -73.98229 40.777263, -73.982291 40.777262, -73.982292 40.777261, -73.982293 40.777261, -73.982294 40.77726, -73.982295 40.77726, -73.982296 40.777259, -73.982297 40.777259, -73.982298 40.777258, -73.982299 40.777258, -73.9823 40.777258, -73.982301 40.777257, -73.982302 40.777257, -73.982304 40.777257, -73.982305 40.777257, -73.982306 40.777256, -73.982307 40.777256, -73.982308 40.777256, -73.982309 40.777256, -73.982311 40.777256, -73.982312 40.777256, -73.982313 40.777256, -73.982314 40.777256, -73.982315 40.777256, -73.982315 40.777256, -73.982317 40.777256, -73.982318 40.777256, -73.982319 40.777256, -73.98232 40.777256, -73.982321 40.777257, -73.982322 40.777257, -73.982324 40.777257, -73.982325 40.777257, -73.982326 40.777258, -73.982327 40.777258, -73.982328 40.777258, -73.982329 40.777259, -73.982331 40.777259, -73.982382 40.77728, -73.982422 40.777296, -73.982429 40.777298, -73.98243 40.777299, -73.982431 40.777299, -73.982432 40.7773, -73.982433 40.7773, -73.982434 40.777301, -73.982435 40.777301, -73.982435 40.777302, -73.982435 40.777302, -73.982436 40.777302, -73.982437 40.777303, -73.982438 40.777304))"^^<http://www.opengis.net/ont/geosparql#wktLiteral> .
<https://w3id.org/rtskg/new_york_city/instance/block_21809> <https://w3id.org/rtskg/ontology/objectproperty/block_intersects_station_area> <https://w3id.org/rtskg/new_york_city/instance/station_area_165> .
<https://w3id.org/rtskg/new_york_city/instance/block_21809> <https://w3id.org/rtskg/ontology/objectproperty/block_intersects_station_area> <https://w3id.org/rtskg/new_york_city/instance/station_area_177> .
<https://w3id.org/rtskg/new_york_city/instance/block_21809> <https://w3id.org/rtskg/ontology/objectproperty/block_intersects_station_area> <https://w3id.org/rtskg/new_york_city/instance/station_area_178> .
<https://w3id.org/rtskg/new_york_city/instance/block_21809> <https://w3id.org/rtskg/ontology/objectproperty/block_intersects_station_area> <https://w3id.org/rtskg/new_york_city/instance/station_area_189> .
<https://w3id.org/rtskg/new_york_city/instance/block_21809> <https://w3id.org/rtskg/ontology/objectproperty/block_intersects_station_area> <https://w3id.org/rtskg/new_york_city/instance/station_area_190> .
<https://w3id.org/rtskg/new_york_city/instance/block_21809> <https://w3id.org/rtskg/ontology/objectproperty/block_intersects_station_area> <https://w3id.org/rtskg/new_york_city/instance/station_area_197> .
<https://w3id.org/rtskg/new_york_city/instance/block_21809> <https://w3id.org/rtskg/ontology/objectproperty/block_locates_at_borough> <https://w3id.org/rtskg/new_york_city/instance/borough_1> .
<https://w3id.org/rtskg/new_york_city/instance/block_21809> <https://w3id.org/rtskg/ontology/objectproperty/block_locates_at_functional_area> <https://w3id.org/rtskg/new_york_city/instance/functional_area_142> .
