<https://w3id.org/rtskg/new_york_city/instance/block_43908> <http://www.w3.org/1999/02/22-rdf-syntax-ns#type> <https://w3id.org/rtskg/ontology/class/block> .
<https://w3id.org/rtskg/new_york_city/instance/block_43908> <https://w3id.org/rtskg/ontology/dataproperty/geometry> "POLYGON ((-73.923647 40.812807, -73.923648 40.812808, -73.92365 40.812811, -73.923652 40.812815, -73.923653 40.812819, -73.923653 40.812824, -73.923653 40.812825, -73.923651 40.812828, -73.923649 40.812833, -73.923647 40.812835, -73.923647 40.812836, -73.923646 40.812837, -73.923642 40.81284, -73.923638 40.812844, -73.923633 40.812846, -73.923217 40.813058, -73.923217 40.813058, -73.923164 40.813085, -73.923112 40.813113, -73.923109 40.813114, -73.923097 40.813121, -73.923074 40.813133, -73.923066 40.813137, -73.923059 40.813141, -73.923056 40.813142, -73.923033 40.813154, -73.923027 40.813158, -73.923021 40.81316, -73.923017 40.813162, -73.923014 40.813163, -73.923012 40.813163, -73.923011 40.813163, -73.923009 40.813164, -73.923007 40.813164, -73.923004 40.813164, -73.923001 40.813165, -73.922999 40.813165, -73.922998 40.813164, -73.922997 40.813164, -73.922997 40.813164, -73.922996 40.813164, -73.922994 40.813164, -73.922992 40.813163, -73.92299 40.813162, -73.922989 40.813162, -73.922987 40.813161, -73.922986 40.81316, -73.922985 40.81316, -73.922984 40.813159, -73.922983 40.813157, -73.922983 40.813157, -73.922982 40.813156, -73.922981 40.813155, -73.922981 40.813155, -73.922981 40.813154, -73.922981 40.813153, -73.922981 40.813153, -73.922981 40.813151, -73.922982 40.813146, -73.922987 40.813133, -73.922995 40.813116, -73.923004 40.813096, -73.923017 40.813093, -73.923035 40.813088, -73.923049 40.813085, -73.923054 40.813079, -73.92306 40.813071, -73.923068 40.813059, -73.923091 40.813028, -73.923092 40.813026, -73.923124 40.812982, -73.923156 40.812937, -73.923188 40.812893, -73.92322 40.812848, -73.923222 40.812845, -73.923245 40.812813, -73.923253 40.812802, -73.923284 40.812758, -73.923285 40.812757, -73.923289 40.812752, -73.923284 40.812747, -73.923272 40.812736, -73.923269 40.812733, -73.923266 40.812731, -73.923264 40.812728, -73.923261 40.812724, -73.92326 40.812723, -73.923259 40.812721, -73.923257 40.812719, -73.923256 40.812716, -73.923255 40.812714, -73.923255 40.812713, -73.923254 40.812712, -73.923254 40.812712, -73.923254 40.812711, -73.923254 40.81271, -73.923254 40.812709, -73.923255 40.812707, -73.923255 40.812705, -73.923256 40.812703, -73.923258 40.812701, -73.923259 40.812699, -73.92326 40.812697, -73.923262 40.812695, -73.923263 40.812693, -73.923265 40.812691, -73.923266 40.812691, -73.923267 40.81269, -73.923269 40.812688, -73.923271 40.812686, -73.923274 40.812684, -73.923276 40.812682, -73.923278 40.812681, -73.923279 40.81268, -73.92328 40.81268, -73.923281 40.812679, -73.923284 40.812677, -73.923288 40.812676, -73.923291 40.812674, -73.923295 40.812673, -73.923299 40.812671, -73.923301 40.812671, -73.923303 40.81267, -73.923305 40.81267, -73.923307 40.812669, -73.923308 40.812669, -73.923312 40.812669, -73.923315 40.812669, -73.923319 40.812669, -73.923322 40.812669, -73.923325 40.812669, -73.923328 40.81267, -73.92333 40.81267, -73.923332 40.812671, -73.923336 40.812672, -73.92334 40.812673, -73.923346 40.812675, -73.923346 40.812675, -73.923347 40.812675, -73.923376 40.812688, -73.923387 40.812693, -73.923391 40.812695, -73.923392 40.812696, -73.923421 40.812707, -73.923447 40.812719, -73.923631 40.812794, -73.923636 40.812797, -73.923638 40.812798, -73.923641 40.8128, -73.923644 40.812803, -73.923647 40.812807))"^^<http://www.opengis.net/ont/geosparql#wktLiteral> .
<https://w3id.org/rtskg/new_york_city/instance/block_43908> <https://w3id.org/rtskg/ontology/objectproperty/block_intersects_station_area> <https://w3id.org/rtskg/new_york_city/instance/station_area_107> .
<https://w3id.org/rtskg/new_york_city/instance/block_43908> <https://w3id.org/rtskg/ontology/objectproperty/block_intersects_station_area> <https://w3id.org/rtskg/new_york_city/instance/station_area_108> .
<https://w3id.org/rtskg/new_york_city/instance/block_43908> <https://w3id.org/rtskg/ontology/objectproperty/block_intersects_station_area> <https://w3id.org/rtskg/new_york_city/instance/station_area_109> .
<https://w3id.org/rtskg/new_york_city/instance/block_43908> <https://w3id.org/rtskg/ontology/objectproperty/block_intersects_station_area> <https://w3id.org/rtskg/new_york_city/instance/station_area_25> .
<https://w3id.org/rtskg/new_york_city/instance/block_43908> <https://w3id.org/rtskg/ontology/objectproperty/block_intersects_station_area> <https://w3id.org/rtskg/new_york_city/instance/station_area_327> .
<https://w3id.org/rtskg/new_york_city/instance/block_43908> <https://w3id.org/rtskg/ontology/objectproperty/block_intersects_station_area> <https://w3id.org/rtskg/new_york_city/instance/station_area_35> .
<https://w3id.org/rtskg/new_york_city/instance/block_43908> <https://w3id.org/rtskg/ontology/objectproperty/block_locates_at_borough> <https://w3id.org/rtskg/new_york_city/instance/borough_2> .
<https://w3id.org/rtskg/new_york_city/instance/block_43908> <https://w3id.org/rtskg/ontology/objectproperty/block_locates_at_functional_area> <https://w3id.org/rtskg/new_york_city/instance/functional_area_168> .
