<https://w3id.org/rtskg/new_york_city/instance/block_12288> <http://www.w3.org/1999/02/22-rdf-syntax-ns#type> <https://w3id.org/rtskg/ontology/class/block> .
<https://w3id.org/rtskg/new_york_city/instance/block_12288> <https://w3id.org/rtskg/ontology/dataproperty/geometry> "POLYGON ((-73.899794 40.746379, -73.899789 40.74638, -73.899786 40.746381, -73.899784 40.746381, -73.899781 40.746381, -73.899776 40.746381, -73.89977 40.74638, -73.899767 40.74638, -73.899766 40.74638, -73.899764 40.746379, -73.899752 40.746376, -73.899198 40.746231, -73.899114 40.746209, -73.899109 40.746206, -73.899106 40.746205, -73.899103 40.746203, -73.899101 40.746201, -73.8991 40.7462, -73.899097 40.746196, -73.899095 40.746194, -73.899094 40.746192, -73.899093 40.746189, -73.899093 40.746189, -73.899092 40.746182, -73.899092 40.746179, -73.899092 40.746176, -73.899092 40.746173, -73.899093 40.74617, -73.899095 40.746163, -73.899103 40.746144, -73.899106 40.746136, -73.899108 40.746132, -73.899108 40.746131, -73.899111 40.746125, -73.899112 40.746123, -73.899112 40.746122, -73.899113 40.74612, -73.899114 40.746119, -73.899115 40.746117, -73.899115 40.746117, -73.899116 40.746116, -73.899117 40.746115, -73.899118 40.746113, -73.89912 40.746112, -73.899121 40.746111, -73.899122 40.746109, -73.899124 40.746108, -73.899125 40.746107, -73.899127 40.746106, -73.899128 40.746105, -73.89913 40.746104, -73.899131 40.746103, -73.899131 40.746103, -73.899133 40.746102, -73.899135 40.746101, -73.899137 40.7461, -73.899138 40.746099, -73.89914 40.746099, -73.899142 40.746098, -73.899144 40.746097, -73.899146 40.746097, -73.899148 40.746096, -73.899148 40.746096, -73.89915 40.746095, -73.899152 40.746095, -73.899154 40.746095, -73.899156 40.746094, -73.899158 40.746094, -73.89916 40.746094, -73.899162 40.746094, -73.899194 40.74609, -73.899232 40.746086, -73.899301 40.746079, -73.89937 40.746072, -73.89944 40.746065, -73.899509 40.746058, -73.899578 40.74605, -73.899648 40.746043, -73.899717 40.746036, -73.899787 40.746029, -73.899856 40.746022, -73.899921 40.746015, -73.899924 40.746015, -73.899925 40.746014, -73.899926 40.746014, -73.899927 40.746014, -73.899928 40.746014, -73.899929 40.746014, -73.89993 40.746014, -73.899931 40.746014, -73.899931 40.746015, -73.899932 40.746015, -73.899933 40.746015, -73.899934 40.746015, -73.899935 40.746015, -73.899936 40.746015, -73.899937 40.746016, -73.899938 40.746016, -73.899939 40.746016, -73.899939 40.746016, -73.899939 40.746016, -73.89994 40.746017, -73.899941 40.746017, -73.899942 40.746017, -73.899943 40.746018, -73.899943 40.746018, -73.899944 40.746019, -73.899945 40.746019, -73.899945 40.746019, -73.899946 40.74602, -73.899947 40.74602, -73.899947 40.746021, -73.899948 40.746022, -73.899949 40.746022, -73.899949 40.746023, -73.89995 40.746023, -73.89995 40.746024, -73.899951 40.746024, -73.899951 40.746025, -73.899952 40.746026, -73.899952 40.746026, -73.899952 40.746027, -73.899953 40.746028, -73.899953 40.746028, -73.899953 40.746028, -73.899953 40.746029, -73.899954 40.74603, -73.899954 40.74603, -73.899954 40.746031, -73.899954 40.746032, -73.899954 40.746032, -73.899954 40.746033, -73.899954 40.746034, -73.899954 40.746034, -73.899954 40.746035, -73.899954 40.746036, -73.899954 40.746037, -73.899954 40.746037, -73.899954 40.746038, -73.899954 40.746039, -73.899954 40.746039, -73.899953 40.74604, -73.899953 40.746041, -73.899953 40.746041, -73.899951 40.746045, -73.899949 40.746049, -73.899894 40.746171, -73.899872 40.746221, -73.899851 40.74627, -73.89985 40.746272, -73.899829 40.74632, -73.899812 40.746358, -73.899807 40.746368, -73.899804 40.746372, -73.899803 40.746374, -73.899802 40.746374, -73.899801 40.746376, -73.899797 40.746377, -73.899794 40.746379))"^^<http://www.opengis.net/ont/geosparql#wktLiteral> .
<https://w3id.org/rtskg/new_york_city/instance/block_12288> <https://w3id.org/rtskg/ontology/objectproperty/block_intersects_station_area> <https://w3id.org/rtskg/new_york_city/instance/station_area_169> .
<https://w3id.org/rtskg/new_york_city/instance/block_12288> <https://w3id.org/rtskg/ontology/objectproperty/block_intersects_station_area> <https://w3id.org/rtskg/new_york_city/instance/station_area_170> .
<https://w3id.org/rtskg/new_york_city/instance/block_12288> <https://w3id.org/rtskg/ontology/objectproperty/block_intersects_station_area> <https://w3id.org/rtskg/new_york_city/instance/station_area_175> .
<https://w3id.org/rtskg/new_york_city/instance/block_12288> <https://w3id.org/rtskg/ontology/objectproperty/block_intersects_station_area> <https://w3id.org/rtskg/new_york_city/instance/station_area_176> .
<https://w3id.org/rtskg/new_york_city/instance/block_12288> <https://w3id.org/rtskg/ontology/objectproperty/block_intersects_station_area> <https://w3id.org/rtskg/new_york_city/instance/station_area_183> .
<https://w3id.org/rtskg/new_york_city/instance/block_12288> <https://w3id.org/rtskg/ontology/objectproperty/block_intersects_station_area> <https://w3id.org/rtskg/new_york_city/instance/station_area_184> .
<https://w3id.org/rtskg/new_york_city/instance/block_12288> <https://w3id.org/rtskg/ontology/objectproperty/block_intersects_station_area> <https://w3id.org/rtskg/new_york_city/instance/station_area_503> .
<https://w3id.org/rtskg/new_york_city/instance/block_12288> <https://w3id.org/rtskg/ontology/objectproperty/block_locates_at_borough> <https://w3id.org/rtskg/new_york_city/instance/borough_4> .
<https://w3id.org/rtskg/new_york_city/instance/block_12288> <https://w3id.org/rtskg/ontology/objectproperty/block_locates_at_functional_area> <https://w3id.org/rtskg/new_york_city/instance/functional_area_260> .
