<https://w3id.org/rtskg/new_york_city/instance/block_44938> <http://www.w3.org/1999/02/22-rdf-syntax-ns#type> <https://w3id.org/rtskg/ontology/class/block> .
<https://w3id.org/rtskg/new_york_city/instance/block_44938> <https://w3id.org/rtskg/ontology/dataproperty/geometry> "POLYGON ((-73.893881 40.816342, -73.893883 40.816339, -73.893887 40.816336, -73.89389 40.816333, -73.893892 40.81633, -73.893893 40.816329, -73.893896 40.816326, -73.893896 40.816326, -73.893953 40.816268, -73.894001 40.816265, -73.894207 40.816249, -73.894222 40.816248, -73.894248 40.816247, -73.894261 40.816247, -73.894262 40.816247, -73.894262 40.816247, -73.894263 40.816247, -73.894264 40.816248, -73.894265 40.816248, -73.894265 40.816248, -73.894266 40.816248, -73.894267 40.816248, -73.894268 40.816248, -73.894268 40.816248, -73.894269 40.816248, -73.89427 40.816249, -73.89427 40.816249, -73.894271 40.816249, -73.894272 40.816249, -73.894272 40.81625, -73.894273 40.81625, -73.894274 40.81625, -73.894274 40.816251, -73.894275 40.816251, -73.894276 40.816251, -73.894276 40.816252, -73.894277 40.816252, -73.894277 40.816253, -73.894278 40.816253, -73.894278 40.816253, -73.894279 40.816254, -73.894279 40.816254, -73.894279 40.816255, -73.89428 40.816255, -73.89428 40.816256, -73.894281 40.816256, -73.894281 40.816257, -73.894281 40.816257, -73.894282 40.816258, -73.894282 40.816258, -73.894282 40.816259, -73.894282 40.81626, -73.894282 40.81626, -73.894283 40.816261, -73.894283 40.816261, -73.894283 40.816262, -73.894283 40.816262, -73.894283 40.816263, -73.894283 40.816264, -73.894283 40.816264, -73.894283 40.816265, -73.894283 40.816265, -73.894283 40.816266, -73.894283 40.816266, -73.894283 40.816267, -73.894282 40.816268, -73.894282 40.816268, -73.894282 40.816269, -73.894282 40.816269, -73.894282 40.81627, -73.894281 40.81627, -73.894281 40.816271, -73.894281 40.816271, -73.89428 40.816272, -73.89428 40.816272, -73.894279 40.816273, -73.894279 40.816273, -73.894279 40.816274, -73.894278 40.816274, -73.894278 40.816275, -73.894277 40.816275, -73.894277 40.816275, -73.894276 40.816276, -73.894276 40.816276, -73.894275 40.816277, -73.894274 40.816277, -73.894254 40.816296, -73.894017 40.816522, -73.893793 40.816738, -73.893483 40.817038, -73.893293 40.817219, -73.893048 40.817454, -73.892972 40.817527, -73.89297 40.817529, -73.892964 40.817534, -73.892962 40.817535, -73.892961 40.817536, -73.892959 40.817537, -73.892957 40.817538, -73.892956 40.817539, -73.892955 40.817539, -73.892953 40.817539, -73.892951 40.81754, -73.892949 40.81754, -73.892947 40.81754, -73.892945 40.81754, -73.892943 40.81754, -73.892941 40.81754, -73.892939 40.81754, -73.892903 40.817519, -73.892893 40.817513, -73.892854 40.81749, -73.892848 40.817486, -73.892842 40.817483, -73.892837 40.817479, -73.892831 40.817476, -73.892827 40.817474, -73.892825 40.817472, -73.892822 40.817471, -73.892819 40.817469, -73.892813 40.817466, -73.892798 40.817457, -73.892815 40.817439, -73.892818 40.817437, -73.89282 40.817434, -73.892826 40.817428, -73.892836 40.817417, -73.892854 40.8174, -73.892965 40.81729, -73.892982 40.817273, -73.892997 40.817258, -73.89314 40.817111, -73.893152 40.817098, -73.893359 40.816883, -73.893407 40.816834, -73.893422 40.816818, -73.893485 40.816752, -73.893583 40.816649, -73.893626 40.816606, -73.893759 40.816469, -73.893808 40.816418, -73.893871 40.816353, -73.893874 40.816349, -73.893876 40.816346, -73.893879 40.816344, -73.893881 40.816342))"^^<http://www.opengis.net/ont/geosparql#wktLiteral> .
<https://w3id.org/rtskg/new_york_city/instance/block_44938> <https://w3id.org/rtskg/ontology/objectproperty/block_intersects_station_area> <https://w3id.org/rtskg/new_york_city/instance/station_area_495> .
<https://w3id.org/rtskg/new_york_city/instance/block_44938> <https://w3id.org/rtskg/ontology/objectproperty/block_intersects_station_area> <https://w3id.org/rtskg/new_york_city/instance/station_area_496> .
<https://w3id.org/rtskg/new_york_city/instance/block_44938> <https://w3id.org/rtskg/ontology/objectproperty/block_intersects_station_area> <https://w3id.org/rtskg/new_york_city/instance/station_area_497> .
<https://w3id.org/rtskg/new_york_city/instance/block_44938> <https://w3id.org/rtskg/ontology/objectproperty/block_intersects_station_area> <https://w3id.org/rtskg/new_york_city/instance/station_area_547> .
<https://w3id.org/rtskg/new_york_city/instance/block_44938> <https://w3id.org/rtskg/ontology/objectproperty/block_intersects_station_area> <https://w3id.org/rtskg/new_york_city/instance/station_area_548> .
<https://w3id.org/rtskg/new_york_city/instance/block_44938> <https://w3id.org/rtskg/ontology/objectproperty/block_intersects_station_area> <https://w3id.org/rtskg/new_york_city/instance/station_area_637> .
<https://w3id.org/rtskg/new_york_city/instance/block_44938> <https://w3id.org/rtskg/ontology/objectproperty/block_intersects_station_area> <https://w3id.org/rtskg/new_york_city/instance/station_area_667> .
<https://w3id.org/rtskg/new_york_city/instance/block_44938> <https://w3id.org/rtskg/ontology/objectproperty/block_locates_at_borough> <https://w3id.org/rtskg/new_york_city/instance/borough_2> .
<https://w3id.org/rtskg/new_york_city/instance/block_44938> <https://w3id.org/rtskg/ontology/objectproperty/block_locates_at_functional_area> <https://w3id.org/rtskg/new_york_city/instance/functional_area_126> .
