<https://w3id.org/rtskg/new_york_city/instance/block_13861> <http://www.w3.org/1999/02/22-rdf-syntax-ns#type> <https://w3id.org/rtskg/ontology/class/block> .
<https://w3id.org/rtskg/new_york_city/instance/block_13861> <https://w3id.org/rtskg/ontology/dataproperty/geometry> "POLYGON ((-73.939815 40.744516, -73.939762 40.744533, -73.939751 40.744537, -73.939686 40.744557, -73.939622 40.744578, -73.939567 40.744595, -73.939557 40.744599, -73.939493 40.744619, -73.939428 40.74464, -73.939425 40.744641, -73.939396 40.744651, -73.939384 40.744653, -73.93938 40.744654, -73.939378 40.744655, -73.939376 40.744655, -73.939375 40.744655, -73.939373 40.744655, -73.93937 40.744655, -73.939367 40.744656, -73.939365 40.744656, -73.939363 40.744655, -73.939361 40.744655, -73.939358 40.744655, -73.939356 40.744654, -73.939353 40.744654, -73.939351 40.744653, -73.93935 40.744653, -73.939349 40.744652, -73.939348 40.744652, -73.939347 40.744651, -73.939347 40.744651, -73.939345 40.74465, -73.939343 40.744648, -73.939342 40.744647, -73.939341 40.744646, -73.93934 40.744645, -73.93934 40.744644, -73.93934 40.744644, -73.93934 40.744642, -73.939339 40.74464, -73.939339 40.744639, -73.939346 40.744599, -73.939357 40.744545, -73.939367 40.744491, -73.939378 40.744438, -73.939378 40.744436, -73.939389 40.744382, -73.939399 40.744328, -73.93941 40.744274, -73.93942 40.74422, -73.93942 40.74422, -73.939431 40.744165, -73.939438 40.744132, -73.939439 40.744124, -73.939443 40.744107, -73.939446 40.74409, -73.939449 40.744075, -73.939449 40.744074, -73.939456 40.744039, -73.939461 40.744017, -73.93947 40.74397, -73.939473 40.743956, -73.939483 40.743904, -73.939494 40.743852, -73.939501 40.743817, -73.939504 40.7438, -73.939514 40.743747, -73.939525 40.743695, -73.939531 40.743659, -73.939531 40.743653, -73.939533 40.743646, -73.939535 40.74364, -73.939538 40.743634, -73.939542 40.743629, -73.939546 40.743623, -73.939551 40.743618, -73.939552 40.743617, -73.939557 40.743613, -73.939563 40.743609, -73.939569 40.743605, -73.93957 40.743605, -73.939577 40.743601, -73.939584 40.743598, -73.939592 40.743595, -73.9396 40.743593, -73.939608 40.743592, -73.939616 40.743591, -73.939625 40.743591, -73.939633 40.743591, -73.939689 40.743597, -73.9397 40.743599, -73.93975 40.743604, -73.93981 40.743611, -73.939863 40.743617, -73.94003 40.743639, -73.940088 40.743647, -73.94017 40.743658, -73.940183 40.743659, -73.94024 40.743666, -73.94032 40.743676, -73.940326 40.743678, -73.940333 40.74368, -73.940339 40.743683, -73.940344 40.743687, -73.940345 40.743687, -73.940349 40.743691, -73.940354 40.743695, -73.940357 40.743698, -73.940358 40.7437, -73.940361 40.743705, -73.940363 40.74371, -73.940363 40.74371, -73.940365 40.743715, -73.940366 40.743721, -73.940366 40.743724, -73.940366 40.743726, -73.940365 40.743732, -73.940361 40.743759, -73.940357 40.743781, -73.940357 40.743784, -73.940352 40.743813, -73.940344 40.743867, -73.940335 40.743921, -73.940326 40.743974, -73.940318 40.744024, -73.940318 40.744028, -73.940309 40.744082, -73.940302 40.744127, -73.9403 40.744136, -73.940291 40.744189, -73.940283 40.744243, -73.940282 40.744246, -73.94028 40.744261, -73.940274 40.744297, -73.940268 40.744334, -73.940268 40.744334, -73.940268 40.744335, -73.940268 40.744337, -73.940265 40.744351, -73.940265 40.744351, -73.940264 40.744352, -73.940264 40.744353, -73.940264 40.744353, -73.940263 40.744353, -73.940264 40.744357, -73.940264 40.744358, -73.940264 40.744361, -73.940262 40.744365, -73.94026 40.744368, -73.940258 40.744371, -73.940254 40.744374, -73.94025 40.744376, -73.940246 40.744378, -73.940241 40.74438, -73.940191 40.744395, -73.940008 40.744454, -73.939976 40.744464, -73.93995 40.744473, -73.939944 40.744475, -73.939936 40.744477, -73.939879 40.744495, -73.939815 40.744516))"^^<http://www.opengis.net/ont/geosparql#wktLiteral> .
<https://w3id.org/rtskg/new_york_city/instance/block_13861> <https://w3id.org/rtskg/ontology/objectproperty/block_intersects_station_area> <https://w3id.org/rtskg/new_york_city/instance/station_area_115> .
<https://w3id.org/rtskg/new_york_city/instance/block_13861> <https://w3id.org/rtskg/ontology/objectproperty/block_intersects_station_area> <https://w3id.org/rtskg/new_york_city/instance/station_area_379> .
<https://w3id.org/rtskg/new_york_city/instance/block_13861> <https://w3id.org/rtskg/ontology/objectproperty/block_intersects_station_area> <https://w3id.org/rtskg/new_york_city/instance/station_area_493> .
<https://w3id.org/rtskg/new_york_city/instance/block_13861> <https://w3id.org/rtskg/ontology/objectproperty/block_intersects_station_area> <https://w3id.org/rtskg/new_york_city/instance/station_area_641> .
<https://w3id.org/rtskg/new_york_city/instance/block_13861> <https://w3id.org/rtskg/ontology/objectproperty/block_intersects_station_area> <https://w3id.org/rtskg/new_york_city/instance/station_area_643> .
<https://w3id.org/rtskg/new_york_city/instance/block_13861> <https://w3id.org/rtskg/ontology/objectproperty/block_intersects_station_area> <https://w3id.org/rtskg/new_york_city/instance/station_area_85> .
<https://w3id.org/rtskg/new_york_city/instance/block_13861> <https://w3id.org/rtskg/ontology/objectproperty/block_locates_at_borough> <https://w3id.org/rtskg/new_york_city/instance/borough_4> .
<https://w3id.org/rtskg/new_york_city/instance/block_13861> <https://w3id.org/rtskg/ontology/objectproperty/block_locates_at_functional_area> <https://w3id.org/rtskg/new_york_city/instance/functional_area_145> .
