<https://w3id.org/rtskg/new_york_city/instance/block_22420> <http://www.w3.org/1999/02/22-rdf-syntax-ns#type> <https://w3id.org/rtskg/ontology/class/block> .
<https://w3id.org/rtskg/new_york_city/instance/block_22420> <https://w3id.org/rtskg/ontology/dataproperty/geometry> "POLYGON ((-73.977524 40.787081, -73.977527 40.787081, -73.977533 40.787082, -73.977538 40.787083, -73.977544 40.787084, -73.977549 40.787086, -73.977554 40.787089, -73.977558 40.787092, -73.977562 40.787095, -73.977565 40.787099, -73.977565 40.787099, -73.977568 40.787103, -73.97757 40.787107, -73.97757 40.787108, -73.977571 40.787111, -73.977571 40.787111, -73.977571 40.787116, -73.977571 40.78712, -73.97757 40.787125, -73.977568 40.787129, -73.977568 40.787129, -73.977566 40.787133, -73.977563 40.787136, -73.977563 40.787136, -73.977486 40.787224, -73.977249 40.787495, -73.977157 40.787601, -73.977155 40.787603, -73.977149 40.787609, -73.977149 40.78761, -73.977148 40.787611, -73.977147 40.787612, -73.977146 40.787613, -73.977145 40.787613, -73.977144 40.787614, -73.977143 40.787615, -73.977142 40.787615, -73.977141 40.787616, -73.97714 40.787616, -73.97714 40.787616, -73.977139 40.787617, -73.977138 40.787617, -73.977137 40.787618, -73.977136 40.787618, -73.977135 40.787619, -73.977133 40.787619, -73.977132 40.787619, -73.977131 40.78762, -73.97713 40.78762, -73.977128 40.78762, -73.977127 40.787621, -73.977126 40.787621, -73.977124 40.787621, -73.977123 40.787621, -73.977122 40.787621, -73.97712 40.787621, -73.977119 40.787621, -73.977119 40.787621, -73.977118 40.787621, -73.977116 40.787621, -73.977115 40.787621, -73.977113 40.787621, -73.977112 40.787621, -73.977111 40.787621, -73.977109 40.787621, -73.977108 40.78762, -73.977107 40.78762, -73.977105 40.78762, -73.977104 40.787619, -73.977103 40.787619, -73.977102 40.787619, -73.9771 40.787618, -73.977099 40.787618, -73.977099 40.787618, -73.977098 40.787617, -73.977098 40.787617, -73.977097 40.787617, -73.977096 40.787616, -73.977095 40.787616, -73.977093 40.787615, -73.977092 40.787614, -73.977091 40.787614, -73.97709 40.787613, -73.977089 40.787612, -73.977088 40.787611, -73.977088 40.787611, -73.977087 40.78761, -73.977086 40.787609, -73.977085 40.787608, -73.977085 40.787608, -73.977084 40.787607, -73.977084 40.787606, -73.977083 40.787605, -73.977082 40.787604, -73.977082 40.787603, -73.977081 40.787603, -73.977081 40.787602, -73.97708 40.787601, -73.97708 40.7876, -73.97708 40.787599, -73.977079 40.787598, -73.977079 40.787597, -73.977079 40.787596, -73.977079 40.787596, -73.977079 40.787594, -73.977079 40.787593, -73.977079 40.787592, -73.977079 40.787591, -73.977079 40.787591, -73.977079 40.78759, -73.977079 40.787589, -73.977079 40.787588, -73.977079 40.787587, -73.977079 40.787586, -73.977079 40.787585, -73.97708 40.787584, -73.97708 40.787583, -73.977081 40.787582, -73.977081 40.787581, -73.977081 40.78758, -73.977082 40.787579, -73.977083 40.787578, -73.977083 40.787577, -73.977085 40.787576, -73.977086 40.787575, -73.977181 40.787462, -73.977412 40.787189, -73.977484 40.787104, -73.977485 40.787102, -73.97749 40.787098, -73.9775 40.787087, -73.977505 40.787085, -73.97751 40.787083, -73.977511 40.787083, -73.977515 40.787082, -73.977521 40.787082, -73.977522 40.787082, -73.977524 40.787081))"^^<http://www.opengis.net/ont/geosparql#wktLiteral> .
<https://w3id.org/rtskg/new_york_city/instance/block_22420> <https://w3id.org/rtskg/ontology/objectproperty/block_intersects_station_area> <https://w3id.org/rtskg/new_york_city/instance/station_area_197> .
<https://w3id.org/rtskg/new_york_city/instance/block_22420> <https://w3id.org/rtskg/ontology/objectproperty/block_intersects_station_area> <https://w3id.org/rtskg/new_york_city/instance/station_area_198> .
<https://w3id.org/rtskg/new_york_city/instance/block_22420> <https://w3id.org/rtskg/ontology/objectproperty/block_intersects_station_area> <https://w3id.org/rtskg/new_york_city/instance/station_area_205> .
<https://w3id.org/rtskg/new_york_city/instance/block_22420> <https://w3id.org/rtskg/ontology/objectproperty/block_intersects_station_area> <https://w3id.org/rtskg/new_york_city/instance/station_area_211> .
<https://w3id.org/rtskg/new_york_city/instance/block_22420> <https://w3id.org/rtskg/ontology/objectproperty/block_intersects_station_area> <https://w3id.org/rtskg/new_york_city/instance/station_area_212> .
<https://w3id.org/rtskg/new_york_city/instance/block_22420> <https://w3id.org/rtskg/ontology/objectproperty/block_intersects_station_area> <https://w3id.org/rtskg/new_york_city/instance/station_area_221> .
<https://w3id.org/rtskg/new_york_city/instance/block_22420> <https://w3id.org/rtskg/ontology/objectproperty/block_locates_at_borough> <https://w3id.org/rtskg/new_york_city/instance/borough_1> .
<https://w3id.org/rtskg/new_york_city/instance/block_22420> <https://w3id.org/rtskg/ontology/objectproperty/block_locates_at_functional_area> <https://w3id.org/rtskg/new_york_city/instance/functional_area_239> .
