<https://w3id.org/rtskg/new_york_city/instance/block_41727> <http://www.w3.org/1999/02/22-rdf-syntax-ns#type> <https://w3id.org/rtskg/ontology/class/block> .
<https://w3id.org/rtskg/new_york_city/instance/block_41727> <https://w3id.org/rtskg/ontology/dataproperty/geometry> "POLYGON ((-73.878888 40.747728, -73.878893 40.747724, -73.878898 40.747721, -73.8789 40.747721, -73.878903 40.747719, -73.878909 40.747717, -73.878916 40.747716, -73.878922 40.747716, -73.878924 40.747716, -73.878928 40.747716, -73.878934 40.747717, -73.878937 40.747717, -73.87894 40.747718, -73.879123 40.7478, -73.879507 40.747972, -73.879512 40.747975, -73.879517 40.747978, -73.879521 40.747981, -73.879524 40.747985, -73.879527 40.747989, -73.879529 40.747994, -73.879531 40.747998, -73.879531 40.747998, -73.879531 40.748003, -73.879531 40.748008, -73.87953 40.748011, -73.87953 40.748012, -73.879528 40.748017, -73.879526 40.748021, -73.879523 40.748025, -73.879519 40.748029, -73.879514 40.748032, -73.879509 40.748035, -73.879504 40.748037, -73.879498 40.748039, -73.879449 40.748044, -73.87939 40.74805, -73.879354 40.748054, -73.87933 40.748056, -73.879271 40.748062, -73.879267 40.748063, -73.879212 40.748069, -73.879192 40.748071, -73.879148 40.748075, -73.879084 40.748082, -73.879021 40.748088, -73.878957 40.748095, -73.878893 40.748102, -73.87883 40.748108, -73.878766 40.748115, -73.878702 40.748121, -73.878658 40.748126, -73.878645 40.748127, -73.878639 40.748128, -73.878638 40.748128, -73.878637 40.748128, -73.878636 40.748128, -73.878635 40.748128, -73.878634 40.748128, -73.878633 40.748128, -73.878632 40.748128, -73.878631 40.748128, -73.87863 40.748128, -73.878629 40.748128, -73.878628 40.748128, -73.878627 40.748127, -73.878626 40.748127, -73.878625 40.748127, -73.878624 40.748127, -73.878623 40.748126, -73.878622 40.748126, -73.878621 40.748126, -73.87862 40.748125, -73.878619 40.748125, -73.878618 40.748125, -73.878617 40.748124, -73.878617 40.748124, -73.878616 40.748123, -73.878615 40.748123, -73.878614 40.748122, -73.878613 40.748122, -73.878613 40.748121, -73.878612 40.748121, -73.878611 40.74812, -73.878611 40.74812, -73.878611 40.748119, -73.87861 40.748119, -73.87861 40.748118, -73.878609 40.748118, -73.878608 40.748117, -73.878608 40.748116, -73.878607 40.748115, -73.878607 40.748115, -73.878607 40.748114, -73.878606 40.748113, -73.878606 40.748113, -73.878606 40.748112, -73.878605 40.748111, -73.878605 40.74811, -73.878605 40.74811, -73.878605 40.748109, -73.878605 40.748108, -73.878605 40.748108, -73.878605 40.748107, -73.878605 40.748106, -73.878605 40.748106, -73.878605 40.748105, -73.878605 40.748104, -73.878605 40.748103, -73.878605 40.748103, -73.878605 40.748102, -73.878605 40.748101, -73.878605 40.7481, -73.878606 40.7481, -73.878606 40.748099, -73.878606 40.748098, -73.878607 40.748097, -73.878607 40.748097, -73.878607 40.748096, -73.878608 40.748095, -73.878608 40.748094, -73.878642 40.748051, -73.878677 40.748004, -73.878713 40.747957, -73.878748 40.74791, -73.878783 40.747865, -73.878784 40.747863, -73.87882 40.747817, -73.878855 40.74777, -73.878884 40.747731, -73.878888 40.747728, -73.878888 40.747728))"^^<http://www.opengis.net/ont/geosparql#wktLiteral> .
<https://w3id.org/rtskg/new_york_city/instance/block_41727> <https://w3id.org/rtskg/ontology/objectproperty/block_intersects_station_area> <https://w3id.org/rtskg/new_york_city/instance/station_area_207> .
<https://w3id.org/rtskg/new_york_city/instance/block_41727> <https://w3id.org/rtskg/ontology/objectproperty/block_intersects_station_area> <https://w3id.org/rtskg/new_york_city/instance/station_area_208> .
<https://w3id.org/rtskg/new_york_city/instance/block_41727> <https://w3id.org/rtskg/ontology/objectproperty/block_intersects_station_area> <https://w3id.org/rtskg/new_york_city/instance/station_area_219> .
<https://w3id.org/rtskg/new_york_city/instance/block_41727> <https://w3id.org/rtskg/ontology/objectproperty/block_intersects_station_area> <https://w3id.org/rtskg/new_york_city/instance/station_area_220> .
<https://w3id.org/rtskg/new_york_city/instance/block_41727> <https://w3id.org/rtskg/ontology/objectproperty/block_intersects_station_area> <https://w3id.org/rtskg/new_york_city/instance/station_area_417> .
<https://w3id.org/rtskg/new_york_city/instance/block_41727> <https://w3id.org/rtskg/ontology/objectproperty/block_intersects_station_area> <https://w3id.org/rtskg/new_york_city/instance/station_area_517> .
<https://w3id.org/rtskg/new_york_city/instance/block_41727> <https://w3id.org/rtskg/ontology/objectproperty/block_locates_at_borough> <https://w3id.org/rtskg/new_york_city/instance/borough_4> .
<https://w3id.org/rtskg/new_york_city/instance/block_41727> <https://w3id.org/rtskg/ontology/objectproperty/block_locates_at_functional_area> <https://w3id.org/rtskg/new_york_city/instance/functional_area_82> .
