<https://w3id.org/rtskg/new_york_city/instance/block_17865> <http://www.w3.org/1999/02/22-rdf-syntax-ns#type> <https://w3id.org/rtskg/ontology/class/block> .
<https://w3id.org/rtskg/new_york_city/instance/block_17865> <https://w3id.org/rtskg/ontology/dataproperty/geometry> "POLYGON ((-74.012185 40.719103, -74.012187 40.719105, -74.012189 40.719107, -74.01219 40.719109, -74.012192 40.719111, -74.012193 40.719113, -74.012194 40.719115, -74.012198 40.719118, -74.012202 40.719122, -74.012205 40.719126, -74.012207 40.71913, -74.012208 40.719134, -74.012209 40.719135, -74.012209 40.719139, -74.012209 40.719143, -74.012209 40.719148, -74.012209 40.719149, -74.012116 40.719595, -74.011983 40.720142, -74.011979 40.720172, -74.011976 40.720188, -74.011976 40.720189, -74.011974 40.720193, -74.011971 40.720198, -74.011967 40.720202, -74.011963 40.720206, -74.011958 40.72021, -74.011952 40.720213, -74.011947 40.720216, -74.01194 40.720218, -74.011937 40.720219, -74.011934 40.72022, -74.011933 40.72022, -74.011932 40.720221, -74.01193 40.720221, -74.011929 40.720221, -74.011927 40.720222, -74.011926 40.720222, -74.011925 40.720222, -74.011923 40.720222, -74.011922 40.720222, -74.01192 40.720222, -74.011919 40.720222, -74.011917 40.720222, -74.011917 40.720222, -74.011916 40.720222, -74.011915 40.720222, -74.011913 40.720222, -74.011903 40.720221, -74.011851 40.720216, -74.011784 40.72021, -74.011763 40.720208, -74.011749 40.720206, -74.0117 40.720201, -74.011653 40.720197, -74.011588 40.720191, -74.011524 40.720184, -74.011505 40.720183, -74.011459 40.720178, -74.011394 40.720172, -74.011329 40.720166, -74.011264 40.720159, -74.011199 40.720153, -74.011135 40.720147, -74.011064 40.72014, -74.011027 40.720136, -74.010994 40.720133, -74.010924 40.720125, -74.010854 40.720118, -74.010784 40.720111, -74.010714 40.720104, -74.010643 40.720097, -74.010573 40.72009, -74.010503 40.720083, -74.010433 40.720075, -74.01037 40.720069, -74.010369 40.720069, -74.010323 40.720066, -74.010252 40.720062, -74.010247 40.720062, -74.010245 40.720062, -74.01024 40.720061, -74.010236 40.720059, -74.010232 40.720057, -74.010228 40.720055, -74.010227 40.720054, -74.010225 40.720053, -74.010222 40.72005, -74.010219 40.720047, -74.010218 40.720047, -74.010216 40.720044, -74.010214 40.720041, -74.010213 40.720041, -74.010212 40.720038, -74.01021 40.720035, -74.010209 40.720031, -74.010209 40.720028, -74.010209 40.720027, -74.010241 40.719827, -74.010257 40.719732, -74.01029 40.719527, -74.010293 40.719508, -74.010299 40.719475, -74.010304 40.71944, -74.010307 40.719425, -74.010313 40.719387, -74.010316 40.719371, -74.01039 40.718913, -74.010392 40.718909, -74.010393 40.718906, -74.010396 40.718904, -74.010398 40.718901, -74.010401 40.718898, -74.010404 40.718896, -74.010407 40.718894, -74.010407 40.718893, -74.01041 40.718892, -74.01041 40.718892, -74.010414 40.71889, -74.010418 40.718888, -74.010422 40.718887, -74.010425 40.718886, -74.010426 40.718886, -74.010427 40.718886, -74.01043 40.718886, -74.010435 40.718885, -74.010439 40.718885, -74.010461 40.718887, -74.010468 40.718888, -74.010517 40.718892, -74.010569 40.718896, -74.010602 40.718898, -74.010673 40.718906, -74.010743 40.718914, -74.010814 40.718922, -74.010885 40.71893, -74.010956 40.718938, -74.011027 40.718946, -74.011098 40.718954, -74.011156 40.718961, -74.011169 40.718962, -74.01124 40.71897, -74.011285 40.718976, -74.011304 40.718979, -74.011335 40.718983, -74.011368 40.718987, -74.01139 40.71899, -74.011392 40.718991, -74.011432 40.718996, -74.011446 40.718998, -74.011497 40.719005, -74.011546 40.719011, -74.011561 40.719013, -74.011626 40.719022, -74.011673 40.719029, -74.011691 40.719031, -74.011755 40.71904, -74.011765 40.719041, -74.01182 40.719049, -74.011823 40.719049, -74.011885 40.719057, -74.01189 40.719058, -74.011947 40.719066, -74.01195 40.719066, -74.011953 40.719067, -74.012015 40.719075, -74.01208 40.719084, -74.012087 40.719085, -74.012092 40.719086, -74.012092 40.719086, -74.012139 40.719092, -74.012144 40.719093, -74.012145 40.719093, -74.012166 40.719096, -74.012166 40.719096, -74.012169 40.719096, -74.012172 40.719097, -74.012175 40.719098, -74.012175 40.719098, -74.012178 40.719099, -74.01218 40.7191, -74.012183 40.719102, -74.012185 40.719103))"^^<http://www.opengis.net/ont/geosparql#wktLiteral> .
<https://w3id.org/rtskg/new_york_city/instance/block_17865> <https://w3id.org/rtskg/ontology/objectproperty/block_intersects_station_area> <https://w3id.org/rtskg/new_york_city/instance/station_area_329> .
<https://w3id.org/rtskg/new_york_city/instance/block_17865> <https://w3id.org/rtskg/ontology/objectproperty/block_intersects_station_area> <https://w3id.org/rtskg/new_york_city/instance/station_area_339> .
<https://w3id.org/rtskg/new_york_city/instance/block_17865> <https://w3id.org/rtskg/ontology/objectproperty/block_intersects_station_area> <https://w3id.org/rtskg/new_york_city/instance/station_area_353> .
<https://w3id.org/rtskg/new_york_city/instance/block_17865> <https://w3id.org/rtskg/ontology/objectproperty/block_intersects_station_area> <https://w3id.org/rtskg/new_york_city/instance/station_area_354> .
<https://w3id.org/rtskg/new_york_city/instance/block_17865> <https://w3id.org/rtskg/ontology/objectproperty/block_intersects_station_area> <https://w3id.org/rtskg/new_york_city/instance/station_area_355> .
<https://w3id.org/rtskg/new_york_city/instance/block_17865> <https://w3id.org/rtskg/ontology/objectproperty/block_intersects_station_area> <https://w3id.org/rtskg/new_york_city/instance/station_area_363> .
<https://w3id.org/rtskg/new_york_city/instance/block_17865> <https://w3id.org/rtskg/ontology/objectproperty/block_intersects_station_area> <https://w3id.org/rtskg/new_york_city/instance/station_area_443> .
<https://w3id.org/rtskg/new_york_city/instance/block_17865> <https://w3id.org/rtskg/ontology/objectproperty/block_intersects_station_area> <https://w3id.org/rtskg/new_york_city/instance/station_area_444> .
<https://w3id.org/rtskg/new_york_city/instance/block_17865> <https://w3id.org/rtskg/ontology/objectproperty/block_intersects_station_area> <https://w3id.org/rtskg/new_york_city/instance/station_area_715> .
<https://w3id.org/rtskg/new_york_city/instance/block_17865> <https://w3id.org/rtskg/ontology/objectproperty/block_locates_at_borough> <https://w3id.org/rtskg/new_york_city/instance/borough_1> .
<https://w3id.org/rtskg/new_york_city/instance/block_17865> <https://w3id.org/rtskg/ontology/objectproperty/block_locates_at_functional_area> <https://w3id.org/rtskg/new_york_city/instance/functional_area_231> .
