<https://w3id.org/rtskg/new_york_city/instance/block_16585> <http://www.w3.org/1999/02/22-rdf-syntax-ns#type> <https://w3id.org/rtskg/ontology/class/block> .
<https://w3id.org/rtskg/new_york_city/instance/block_16585> <https://w3id.org/rtskg/ontology/dataproperty/geometry> "POLYGON ((-73.965383 40.678896, -73.965384 40.678895, -73.965385 40.678895, -73.965387 40.678894, -73.965388 40.678893, -73.96539 40.678892, -73.965391 40.678892, -73.965393 40.678891, -73.965395 40.678891, -73.965396 40.67889, -73.965398 40.67889, -73.9654 40.678889, -73.965401 40.678889, -73.965403 40.678888, -73.965405 40.678888, -73.965406 40.678888, -73.965407 40.678888, -73.965408 40.678888, -73.96541 40.678888, -73.965412 40.678887, -73.965414 40.678887, -73.965415 40.678887, -73.965417 40.678887, -73.965419 40.678887, -73.965421 40.678888, -73.965422 40.678888, -73.965424 40.678888, -73.965424 40.678888, -73.965426 40.678888, -73.965428 40.678888, -73.965459 40.678894, -73.965468 40.678896, -73.965477 40.678898, -73.96554 40.678911, -73.965554 40.678914, -73.965603 40.678924, -73.965666 40.678938, -73.965724 40.67895, -73.965715 40.678977, -73.965659 40.679132, -73.965542 40.679453, -73.96549 40.679597, -73.965489 40.679601, -73.96548 40.679626, -73.965412 40.679611, -73.965353 40.679599, -73.965294 40.679587, -73.965238 40.679575, -73.965236 40.679575, -73.96518 40.679563, -73.965179 40.679563, -73.965177 40.679563, -73.965176 40.679562, -73.965175 40.679562, -73.965173 40.679562, -73.965172 40.679561, -73.965171 40.679561, -73.965169 40.67956, -73.965168 40.67956, -73.965167 40.679559, -73.965166 40.679558, -73.965165 40.679558, -73.965163 40.679557, -73.965163 40.679557, -73.965162 40.679556, -73.965161 40.679556, -73.96516 40.679555, -73.965159 40.679554, -73.965158 40.679553, -73.965157 40.679553, -73.965157 40.679552, -73.965156 40.679551, -73.965155 40.67955, -73.965154 40.679549, -73.965153 40.679548, -73.965153 40.679547, -73.965152 40.679546, -73.965152 40.679545, -73.965151 40.679544, -73.96515 40.679543, -73.96515 40.679542, -73.96515 40.679542, -73.96515 40.679541, -73.965149 40.67954, -73.965149 40.679539, -73.965149 40.679538, -73.965148 40.679537, -73.965148 40.679536, -73.965148 40.679535, -73.965148 40.679534, -73.965148 40.679534, -73.965148 40.679532, -73.965148 40.679531, -73.965148 40.67953, -73.965148 40.679529, -73.965149 40.679528, -73.965149 40.679527, -73.965149 40.679526, -73.965149 40.679525, -73.965151 40.67952, -73.965163 40.679483, -73.965165 40.679478, -73.96518 40.679433, -73.96518 40.679432, -73.965196 40.679387, -73.965211 40.679342, -73.965227 40.679297, -73.965242 40.679253, -73.965254 40.679221, -73.965257 40.67921, -73.965273 40.679168, -73.965288 40.679126, -73.965304 40.679083, -73.965323 40.679031, -73.965329 40.679016, -73.965343 40.678978, -73.965357 40.67894, -73.965365 40.678918, -73.965366 40.678916, -73.965366 40.678915, -73.965367 40.678914, -73.965367 40.678912, -73.965368 40.678911, -73.965369 40.67891, -73.965369 40.678909, -73.96537 40.678908, -73.965371 40.678906, -73.965372 40.678905, -73.965372 40.678905, -73.965373 40.678904, -73.965374 40.678903, -73.965375 40.678902, -73.965376 40.678901, -73.965377 40.6789, -73.965379 40.678899, -73.96538 40.678898, -73.965381 40.678897, -73.965383 40.678896))"^^<http://www.opengis.net/ont/geosparql#wktLiteral> .
<https://w3id.org/rtskg/new_york_city/instance/block_16585> <https://w3id.org/rtskg/ontology/objectproperty/block_intersects_station_area> <https://w3id.org/rtskg/new_york_city/instance/station_area_185> .
<https://w3id.org/rtskg/new_york_city/instance/block_16585> <https://w3id.org/rtskg/ontology/objectproperty/block_intersects_station_area> <https://w3id.org/rtskg/new_york_city/instance/station_area_299> .
<https://w3id.org/rtskg/new_york_city/instance/block_16585> <https://w3id.org/rtskg/ontology/objectproperty/block_intersects_station_area> <https://w3id.org/rtskg/new_york_city/instance/station_area_373> .
<https://w3id.org/rtskg/new_york_city/instance/block_16585> <https://w3id.org/rtskg/ontology/objectproperty/block_intersects_station_area> <https://w3id.org/rtskg/new_york_city/instance/station_area_374> .
<https://w3id.org/rtskg/new_york_city/instance/block_16585> <https://w3id.org/rtskg/ontology/objectproperty/block_intersects_station_area> <https://w3id.org/rtskg/new_york_city/instance/station_area_455> .
<https://w3id.org/rtskg/new_york_city/instance/block_16585> <https://w3id.org/rtskg/ontology/objectproperty/block_intersects_station_area> <https://w3id.org/rtskg/new_york_city/instance/station_area_615> .
<https://w3id.org/rtskg/new_york_city/instance/block_16585> <https://w3id.org/rtskg/ontology/objectproperty/block_locates_at_borough> <https://w3id.org/rtskg/new_york_city/instance/borough_3> .
<https://w3id.org/rtskg/new_york_city/instance/block_16585> <https://w3id.org/rtskg/ontology/objectproperty/block_locates_at_functional_area> <https://w3id.org/rtskg/new_york_city/instance/functional_area_189> .
