<https://w3id.org/rtskg/new_york_city/instance/block_38213> <http://www.w3.org/1999/02/22-rdf-syntax-ns#type> <https://w3id.org/rtskg/ontology/class/block> .
<https://w3id.org/rtskg/new_york_city/instance/block_38213> <https://w3id.org/rtskg/ontology/dataproperty/geometry> "POLYGON ((-73.914079 40.849839, -73.914065 40.849846, -73.914058 40.849849, -73.91405 40.849853, -73.91404 40.849857, -73.914035 40.849859, -73.914024 40.849864, -73.91402 40.849866, -73.914005 40.849871, -73.913988 40.849878, -73.913971 40.849884, -73.913953 40.849889, -73.913936 40.849894, -73.913918 40.849899, -73.9139 40.849902, -73.913881 40.849906, -73.913863 40.849908, -73.913844 40.84991, -73.913476 40.849947, -73.913443 40.849951, -73.913375 40.84996, -73.913368 40.849961, -73.913363 40.849961, -73.91325 40.849979, -73.913215 40.849985, -73.91314 40.849999, -73.913136 40.849999, -73.913135 40.849999, -73.913129 40.849999, -73.913123 40.849998, -73.913118 40.849997, -73.913118 40.849997, -73.913113 40.849995, -73.913108 40.849993, -73.913104 40.84999, -73.9131 40.849987, -73.913096 40.849983, -73.913094 40.84998, -73.913094 40.849979, -73.913092 40.849975, -73.91309 40.849971, -73.91309 40.849967, -73.91309 40.849964, -73.91309 40.849963, -73.91309 40.849962, -73.913091 40.849961, -73.913169 40.849853, -73.913219 40.849782, -73.913231 40.849766, -73.913236 40.849758, -73.91334 40.849612, -73.91334 40.849612, -73.913367 40.849574, -73.913428 40.849488, -73.913475 40.849422, -73.913544 40.849324, -73.91362 40.849217, -73.913777 40.848992, -73.913849 40.848893, -73.913939 40.848769, -73.913956 40.848746, -73.913994 40.848693, -73.914003 40.848679, -73.914004 40.848679, -73.914012 40.848674, -73.914015 40.848674, -73.914017 40.848673, -73.914019 40.848672, -73.914022 40.848672, -73.914024 40.848671, -73.914027 40.848671, -73.914029 40.84867, -73.914032 40.84867, -73.914034 40.84867, -73.914037 40.848669, -73.914039 40.848669, -73.914042 40.848669, -73.914045 40.84867, -73.914066 40.848674, -73.914069 40.848675, -73.914099 40.848681, -73.914101 40.848681, -73.914161 40.848693, -73.91422 40.848705, -73.914255 40.848712, -73.91428 40.848717, -73.914339 40.848728, -73.914398 40.84874, -73.914404 40.848741, -73.914441 40.848748, -73.914447 40.848749, -73.914468 40.848753, -73.914537 40.848766, -73.914606 40.848779, -73.91462 40.848782, -73.914675 40.848792, -73.914743 40.848806, -73.91481 40.848818, -73.914811 40.848819, -73.914813 40.848819, -73.914814 40.84882, -73.914815 40.848821, -73.914817 40.848822, -73.914818 40.848823, -73.914819 40.848824, -73.91482 40.848825, -73.914822 40.848826, -73.914823 40.848827, -73.914824 40.848828, -73.914825 40.848829, -73.914826 40.84883, -73.914827 40.848832, -73.914828 40.848833, -73.914828 40.848834, -73.914829 40.848834, -73.914829 40.848835, -73.91483 40.848836, -73.91483 40.848837, -73.91483 40.848838, -73.914831 40.848839, -73.914831 40.84884, -73.914832 40.848842, -73.914832 40.848843, -73.914833 40.848844, -73.914833 40.848845, -73.914833 40.848847, -73.914833 40.848848, -73.914833 40.848849, -73.914833 40.84885, -73.914833 40.848851, -73.914833 40.848852, -73.914833 40.848854, -73.914833 40.848855, -73.914833 40.848856, -73.914832 40.848858, -73.914832 40.848859, -73.914832 40.84886, -73.914831 40.848862, -73.914831 40.848863, -73.91483 40.848864, -73.91483 40.848865, -73.914829 40.848867, -73.914828 40.848868, -73.914827 40.848869, -73.914793 40.848917, -73.914759 40.848965, -73.914736 40.848998, -73.914725 40.849013, -73.914691 40.849061, -73.914657 40.849108, -73.914623 40.849156, -73.914607 40.849179, -73.914594 40.849197, -73.914592 40.8492, -73.914561 40.849243, -73.914558 40.849247, -73.91453 40.849286, -73.914529 40.849287, -73.914498 40.849331, -73.914467 40.849374, -73.914435 40.849418, -73.914404 40.849461, -73.914374 40.849505, -73.914343 40.849548, -73.914312 40.849592, -73.914281 40.849636, -73.91425 40.849679, -73.914243 40.849691, -73.914235 40.849703, -73.914227 40.849714, -73.914219 40.849726, -73.914209 40.849736, -73.9142 40.849747, -73.91419 40.849758, -73.914179 40.849768, -73.914168 40.849778, -73.914156 40.849788, -73.914144 40.849797, -73.914132 40.849806, -73.914119 40.849815, -73.914106 40.849823, -73.914093 40.849831, -73.914079 40.849839))"^^<http://www.opengis.net/ont/geosparql#wktLiteral> .
<https://w3id.org/rtskg/new_york_city/instance/block_38213> <https://w3id.org/rtskg/ontology/objectproperty/block_intersects_station_area> <https://w3id.org/rtskg/new_york_city/instance/station_area_335> .
<https://w3id.org/rtskg/new_york_city/instance/block_38213> <https://w3id.org/rtskg/ontology/objectproperty/block_intersects_station_area> <https://w3id.org/rtskg/new_york_city/instance/station_area_573> .
<https://w3id.org/rtskg/new_york_city/instance/block_38213> <https://w3id.org/rtskg/ontology/objectproperty/block_intersects_station_area> <https://w3id.org/rtskg/new_york_city/instance/station_area_57> .
<https://w3id.org/rtskg/new_york_city/instance/block_38213> <https://w3id.org/rtskg/ontology/objectproperty/block_intersects_station_area> <https://w3id.org/rtskg/new_york_city/instance/station_area_61> .
<https://w3id.org/rtskg/new_york_city/instance/block_38213> <https://w3id.org/rtskg/ontology/objectproperty/block_intersects_station_area> <https://w3id.org/rtskg/new_york_city/instance/station_area_62> .
<https://w3id.org/rtskg/new_york_city/instance/block_38213> <https://w3id.org/rtskg/ontology/objectproperty/block_intersects_station_area> <https://w3id.org/rtskg/new_york_city/instance/station_area_699> .
<https://w3id.org/rtskg/new_york_city/instance/block_38213> <https://w3id.org/rtskg/ontology/objectproperty/block_locates_at_borough> <https://w3id.org/rtskg/new_york_city/instance/borough_2> .
<https://w3id.org/rtskg/new_york_city/instance/block_38213> <https://w3id.org/rtskg/ontology/objectproperty/block_locates_at_functional_area> <https://w3id.org/rtskg/new_york_city/instance/functional_area_235> .
