<https://w3id.org/rtskg/new_york_city/instance/block_17839> <http://www.w3.org/1999/02/22-rdf-syntax-ns#type> <https://w3id.org/rtskg/ontology/class/block> .
<https://w3id.org/rtskg/new_york_city/instance/block_17839> <https://w3id.org/rtskg/ontology/dataproperty/geometry> "POLYGON ((-74.001471 40.707933, -74.001474 40.707935, -74.0016 40.708057, -74.001775 40.708227, -74.001802 40.70825, -74.001806 40.708253, -74.001806 40.708254, -74.001809 40.708258, -74.001812 40.708263, -74.001813 40.708268, -74.001813 40.70827, -74.001814 40.708274, -74.001814 40.708279, -74.001813 40.708283, -74.001812 40.708285, -74.001811 40.708285, -74.00181 40.708287, -74.001799 40.708294, -74.001791 40.708297, -74.001778 40.708304, -74.001721 40.708332, -74.001663 40.708361, -74.001604 40.70839, -74.001546 40.708418, -74.001488 40.708447, -74.00143 40.708476, -74.001371 40.708505, -74.001313 40.708533, -74.00127 40.708555, -74.001255 40.708562, -74.001197 40.708591, -74.001139 40.708619, -74.00108 40.708648, -74.001022 40.708677, -74.000964 40.708705, -74.000906 40.708734, -74.000904 40.708735, -74.000902 40.708736, -74.000901 40.708737, -74.000899 40.708738, -74.000897 40.708739, -74.000895 40.708739, -74.000893 40.70874, -74.000891 40.708741, -74.000889 40.708741, -74.000889 40.708741, -74.000887 40.708742, -74.000885 40.708742, -74.000883 40.708743, -74.000881 40.708743, -74.000879 40.708744, -74.000877 40.708744, -74.000875 40.708744, -74.000873 40.708744, -74.000873 40.708744, -74.000871 40.708745, -74.000868 40.708745, -74.000866 40.708745, -74.000864 40.708745, -74.000864 40.708745, -74.000862 40.708745, -74.00086 40.708744, -74.000858 40.708744, -74.000856 40.708744, -74.000854 40.708744, -74.000852 40.708743, -74.00085 40.708743, -74.000848 40.708742, -74.000846 40.708742, -74.000844 40.708741, -74.000842 40.708741, -74.00084 40.70874, -74.000838 40.708739, -74.000836 40.708738, -74.000834 40.708738, -74.000832 40.708737, -74.000831 40.708736, -74.000829 40.708735, -74.000827 40.708734, -74.000826 40.708733, -74.000824 40.708732, -74.000823 40.70873, -74.000821 40.708729, -74.00082 40.708728, -74.000773 40.708681, -74.000743 40.708639, -74.000712 40.708598, -74.000681 40.708556, -74.000651 40.708515, -74.000646 40.708509, -74.00062 40.708474, -74.000589 40.708432, -74.000561 40.708395, -74.000558 40.708391, -74.000558 40.70839, -74.000557 40.708388, -74.000557 40.708387, -74.000557 40.708385, -74.000556 40.708384, -74.000556 40.708382, -74.000556 40.708381, -74.000556 40.708379, -74.000556 40.708378, -74.000556 40.708376, -74.000556 40.708375, -74.000556 40.708373, -74.000557 40.708372, -74.000557 40.70837, -74.000557 40.708369, -74.000558 40.708367, -74.000558 40.708366, -74.000559 40.708366, -74.000559 40.708364, -74.00056 40.708363, -74.000561 40.708361, -74.000561 40.70836, -74.000562 40.708359, -74.000563 40.708357, -74.000564 40.708357, -74.000564 40.708356, -74.000565 40.708355, -74.000566 40.708354, -74.000568 40.708352, -74.000569 40.708351, -74.00057 40.70835, -74.000571 40.708349, -74.000573 40.708348, -74.000574 40.708347, -74.000576 40.708346, -74.000577 40.708345, -74.000579 40.708344, -74.00058 40.708343, -74.000582 40.708342, -74.000634 40.708317, -74.000686 40.708292, -74.000738 40.708266, -74.00079 40.708241, -74.000842 40.708215, -74.000894 40.70819, -74.000953 40.708161, -74.001012 40.708131, -74.00107 40.708102, -74.001129 40.708073, -74.001188 40.708043, -74.001211 40.708032, -74.001247 40.708014, -74.001306 40.707985, -74.001364 40.707955, -74.001419 40.707931, -74.001432 40.707926, -74.001437 40.707924, -74.001444 40.70792, -74.001452 40.707924, -74.001471 40.707933))"^^<http://www.opengis.net/ont/geosparql#wktLiteral> .
<https://w3id.org/rtskg/new_york_city/instance/block_17839> <https://w3id.org/rtskg/ontology/objectproperty/block_intersects_station_area> <https://w3id.org/rtskg/new_york_city/instance/station_area_317> .
<https://w3id.org/rtskg/new_york_city/instance/block_17839> <https://w3id.org/rtskg/ontology/objectproperty/block_intersects_station_area> <https://w3id.org/rtskg/new_york_city/instance/station_area_329> .
<https://w3id.org/rtskg/new_york_city/instance/block_17839> <https://w3id.org/rtskg/ontology/objectproperty/block_intersects_station_area> <https://w3id.org/rtskg/new_york_city/instance/station_area_355> .
<https://w3id.org/rtskg/new_york_city/instance/block_17839> <https://w3id.org/rtskg/ontology/objectproperty/block_intersects_station_area> <https://w3id.org/rtskg/new_york_city/instance/station_area_363> .
<https://w3id.org/rtskg/new_york_city/instance/block_17839> <https://w3id.org/rtskg/ontology/objectproperty/block_intersects_station_area> <https://w3id.org/rtskg/new_york_city/instance/station_area_449> .
<https://w3id.org/rtskg/new_york_city/instance/block_17839> <https://w3id.org/rtskg/ontology/objectproperty/block_intersects_station_area> <https://w3id.org/rtskg/new_york_city/instance/station_area_719> .
<https://w3id.org/rtskg/new_york_city/instance/block_17839> <https://w3id.org/rtskg/ontology/objectproperty/block_locates_at_borough> <https://w3id.org/rtskg/new_york_city/instance/borough_1> .
<https://w3id.org/rtskg/new_york_city/instance/block_17839> <https://w3id.org/rtskg/ontology/objectproperty/block_locates_at_functional_area> <https://w3id.org/rtskg/new_york_city/instance/functional_area_209> .
