<https://w3id.org/rtskg/new_york_city/instance/block_23469> <http://www.w3.org/1999/02/22-rdf-syntax-ns#type> <https://w3id.org/rtskg/ontology/class/block> .
<https://w3id.org/rtskg/new_york_city/instance/block_23469> <https://w3id.org/rtskg/ontology/dataproperty/geometry> "POLYGON ((-73.907615 40.845126, -73.907613 40.845125, -73.907611 40.845123, -73.907609 40.845121, -73.907608 40.845121, -73.907608 40.845121, -73.907608 40.845121, -73.907608 40.84512, -73.907608 40.84512, -73.907608 40.84512, -73.907608 40.845119, -73.907607 40.845119, -73.907607 40.845119, -73.907607 40.845118, -73.907607 40.845118, -73.907607 40.845117, -73.907607 40.845117, -73.907607 40.845117, -73.907607 40.845116, -73.907607 40.845116, -73.907652 40.84512, -73.90766 40.84512, -73.907671 40.845121, -73.908045 40.84514, -73.90857 40.845165, -73.908862 40.845167, -73.909014 40.845168, -73.909039 40.845169, -73.909114 40.845169, -73.909188 40.845159, -73.909197 40.845159, -73.909197 40.845159, -73.909222 40.84516, -73.909239 40.845161, -73.909238 40.845163, -73.909238 40.845168, -73.909238 40.845169, -73.909238 40.84517, -73.909238 40.845172, -73.909238 40.845173, -73.909238 40.845174, -73.909238 40.845175, -73.909237 40.845176, -73.909237 40.845177, -73.909237 40.845178, -73.909237 40.84518, -73.909237 40.845184, -73.909236 40.845185, -73.909236 40.845187, -73.909235 40.845188, -73.909234 40.845189, -73.909233 40.84519, -73.909233 40.845191, -73.909232 40.845192, -73.909231 40.845193, -73.909231 40.845193, -73.90923 40.845194, -73.909229 40.845195, -73.909228 40.845196, -73.909227 40.845197, -73.909225 40.845198, -73.909224 40.845199, -73.909223 40.845199, -73.909222 40.8452, -73.90922 40.845201, -73.909219 40.845202, -73.909218 40.845202, -73.909216 40.845203, -73.909215 40.845203, -73.909215 40.845204, -73.909213 40.845204, -73.909212 40.845205, -73.90921 40.845205, -73.909209 40.845206, -73.909207 40.845206, -73.909206 40.845206, -73.909204 40.845207, -73.909203 40.845207, -73.909201 40.845207, -73.909199 40.845208, -73.909198 40.845208, -73.909196 40.845208, -73.909194 40.845208, -73.909193 40.845208, -73.909191 40.845208, -73.90919 40.845208, -73.909184 40.845208, -73.909121 40.845205, -73.909114 40.845205, -73.909042 40.845202, -73.909042 40.845201, -73.90897 40.845198, -73.908946 40.845197, -73.908899 40.845195, -73.90885 40.845193, -73.908834 40.845192, -73.90877 40.845189, -73.908753 40.845188, -73.908706 40.845186, -73.908657 40.845183, -73.908641 40.845182, -73.908577 40.845179, -73.908575 40.845179, -73.908549 40.845178, -73.908513 40.845176, -73.908449 40.845172, -73.908377 40.84517, -73.908367 40.845169, -73.908361 40.845169, -73.908305 40.845167, -73.908233 40.845165, -73.908198 40.845163, -73.908162 40.845162, -73.90809 40.845159, -73.908069 40.845158, -73.908034 40.845156, -73.907979 40.845153, -73.907937 40.845151, -73.907924 40.84515, -73.907868 40.845147, -73.907808 40.845144, -73.907805 40.845143, -73.907748 40.84514, -73.907688 40.845137, -73.907669 40.845136, -73.907649 40.845135, -73.907642 40.845135, -73.907636 40.845134, -73.907632 40.845133, -73.90763 40.845133, -73.907624 40.845131, -73.907624 40.845131, -73.907618 40.845128, -73.907615 40.845126))"^^<http://www.opengis.net/ont/geosparql#wktLiteral> .
<https://w3id.org/rtskg/new_york_city/instance/block_23469> <https://w3id.org/rtskg/ontology/objectproperty/block_intersects_station_area> <https://w3id.org/rtskg/new_york_city/instance/station_area_53> .
<https://w3id.org/rtskg/new_york_city/instance/block_23469> <https://w3id.org/rtskg/ontology/objectproperty/block_intersects_station_area> <https://w3id.org/rtskg/new_york_city/instance/station_area_573> .
<https://w3id.org/rtskg/new_york_city/instance/block_23469> <https://w3id.org/rtskg/ontology/objectproperty/block_intersects_station_area> <https://w3id.org/rtskg/new_york_city/instance/station_area_57> .
<https://w3id.org/rtskg/new_york_city/instance/block_23469> <https://w3id.org/rtskg/ontology/objectproperty/block_intersects_station_area> <https://w3id.org/rtskg/new_york_city/instance/station_area_58> .
<https://w3id.org/rtskg/new_york_city/instance/block_23469> <https://w3id.org/rtskg/ontology/objectproperty/block_intersects_station_area> <https://w3id.org/rtskg/new_york_city/instance/station_area_61> .
<https://w3id.org/rtskg/new_york_city/instance/block_23469> <https://w3id.org/rtskg/ontology/objectproperty/block_intersects_station_area> <https://w3id.org/rtskg/new_york_city/instance/station_area_699> .
<https://w3id.org/rtskg/new_york_city/instance/block_23469> <https://w3id.org/rtskg/ontology/objectproperty/block_locates_at_borough> <https://w3id.org/rtskg/new_york_city/instance/borough_2> .
<https://w3id.org/rtskg/new_york_city/instance/block_23469> <https://w3id.org/rtskg/ontology/objectproperty/block_locates_at_functional_area> <https://w3id.org/rtskg/new_york_city/instance/functional_area_169> .
