<https://w3id.org/rtskg/new_york_city/instance/block_38246> <http://www.w3.org/1999/02/22-rdf-syntax-ns#type> <https://w3id.org/rtskg/ontology/class/block> .
<https://w3id.org/rtskg/new_york_city/instance/block_38246> <https://w3id.org/rtskg/ontology/dataproperty/geometry> "POLYGON ((-73.909944 40.854478, -73.909949 40.854484, -73.909953 40.85449, -73.909957 40.854496, -73.909959 40.854503, -73.909961 40.854509, -73.909961 40.85451, -73.909962 40.854516, -73.909963 40.854523, -73.909962 40.854524, -73.909962 40.85453, -73.909961 40.854537, -73.90996 40.85454, -73.909959 40.854543, -73.909956 40.85455, -73.909952 40.854556, -73.909947 40.854562, -73.909942 40.854568, -73.909937 40.854573, -73.909899 40.854621, -73.909849 40.854683, -73.909837 40.854699, -73.909835 40.854702, -73.909826 40.854712, -73.909822 40.854716, -73.909803 40.854737, -73.909783 40.85476, -73.909778 40.854765, -73.909763 40.854782, -73.909759 40.854786, -73.909744 40.854803, -73.909737 40.854811, -73.909706 40.854845, -73.909704 40.854847, -73.909686 40.854868, -73.909665 40.854891, -73.909662 40.854894, -73.909631 40.854929, -73.909625 40.854935, -73.909612 40.854949, -73.90961 40.854951, -73.909605 40.854957, -73.909584 40.85498, -73.909571 40.854994, -73.909547 40.85502, -73.909544 40.855024, -73.909542 40.855026, -73.909503 40.855069, -73.909499 40.855073, -73.90948 40.855094, -73.90947 40.855105, -73.909464 40.855112, -73.909444 40.855134, -73.909437 40.855142, -73.909435 40.855144, -73.909406 40.855176, -73.909404 40.855179, -73.909403 40.855179, -73.909383 40.855202, -73.909371 40.855215, -73.909365 40.855222, -73.909354 40.855234, -73.909338 40.855252, -73.909336 40.855253, -73.909334 40.855256, -73.9093 40.855294, -73.909298 40.855295, -73.909279 40.855316, -73.909271 40.855325, -73.909259 40.855338, -73.90925 40.855348, -73.909249 40.855349, -73.909219 40.855381, -73.909219 40.855382, -73.909199 40.855404, -73.909191 40.855413, -73.90918 40.855425, -73.90918 40.855425, -73.90917 40.855435, -73.909157 40.855449, -73.909146 40.855461, -73.90914 40.855465, -73.90913 40.855472, -73.909125 40.855473, -73.909123 40.855473, -73.909115 40.855473, -73.909107 40.855473, -73.909106 40.855473, -73.9091 40.855471, -73.909093 40.85547, -73.909092 40.855469, -73.909086 40.855467, -73.909079 40.855464, -73.908965 40.855404, -73.908717 40.855274, -73.908508 40.855162, -73.908477 40.855145, -73.908462 40.855137, -73.90846 40.855135, -73.90846 40.855134, -73.908459 40.855133, -73.908457 40.855129, -73.908456 40.855125, -73.908455 40.85512, -73.908455 40.855116, -73.908456 40.855115, -73.908456 40.855112, -73.908458 40.855108, -73.90846 40.855104, -73.908463 40.855101, -73.908464 40.8551, -73.908467 40.855097, -73.90848 40.855084, -73.908534 40.855026, -73.908591 40.854964, -73.908643 40.854908, -73.908647 40.854904, -73.908684 40.854863, -73.908701 40.854843, -73.908716 40.854826, -73.908756 40.854782, -73.908769 40.854767, -73.908776 40.854759, -73.908782 40.854753, -73.908782 40.854753, -73.908802 40.854731, -73.908814 40.854717, -73.90884 40.85469, -73.908858 40.854669, -73.908866 40.854661, -73.908869 40.854657, -73.908885 40.85464, -73.908914 40.854609, -73.908921 40.854601, -73.908922 40.854601, -73.90894 40.85458, -73.90895 40.854569, -73.908969 40.854549, -73.908977 40.85454, -73.909004 40.85451, -73.909022 40.85449, -73.909032 40.85448, -73.909032 40.854479, -73.909051 40.854458, -73.909066 40.854442, -73.909086 40.854419, -73.909093 40.854411, -73.909105 40.854399, -73.909151 40.854348, -73.909151 40.854347, -73.909181 40.854315, -73.909203 40.854291, -73.909215 40.854278, -73.909228 40.854263, -73.909251 40.854236, -73.909257 40.85423, -73.909314 40.854166, -73.909406 40.854063, -73.909408 40.854061, -73.90941 40.854059, -73.909414 40.854056, -73.90942 40.854053, -73.90942 40.854053, -73.909425 40.854051, -73.909431 40.85405, -73.909437 40.854049, -73.909443 40.854048, -73.909449 40.854049, -73.909455 40.854049, -73.90946 40.854051, -73.909461 40.854051, -73.909467 40.854053, -73.909472 40.854055, -73.909473 40.854056, -73.909513 40.854078, -73.90958 40.854116, -73.909617 40.854142, -73.909683 40.854198, -73.909758 40.854263, -73.909786 40.854294, -73.909858 40.854373, -73.909861 40.854376, -73.909926 40.854456, -73.909944 40.854478))"^^<http://www.opengis.net/ont/geosparql#wktLiteral> .
<https://w3id.org/rtskg/new_york_city/instance/block_38246> <https://w3id.org/rtskg/ontology/objectproperty/block_intersects_station_area> <https://w3id.org/rtskg/new_york_city/instance/station_area_335> .
<https://w3id.org/rtskg/new_york_city/instance/block_38246> <https://w3id.org/rtskg/ontology/objectproperty/block_intersects_station_area> <https://w3id.org/rtskg/new_york_city/instance/station_area_336> .
<https://w3id.org/rtskg/new_york_city/instance/block_38246> <https://w3id.org/rtskg/ontology/objectproperty/block_intersects_station_area> <https://w3id.org/rtskg/new_york_city/instance/station_area_61> .
<https://w3id.org/rtskg/new_york_city/instance/block_38246> <https://w3id.org/rtskg/ontology/objectproperty/block_intersects_station_area> <https://w3id.org/rtskg/new_york_city/instance/station_area_699> .
<https://w3id.org/rtskg/new_york_city/instance/block_38246> <https://w3id.org/rtskg/ontology/objectproperty/block_intersects_station_area> <https://w3id.org/rtskg/new_york_city/instance/station_area_69> .
<https://w3id.org/rtskg/new_york_city/instance/block_38246> <https://w3id.org/rtskg/ontology/objectproperty/block_intersects_station_area> <https://w3id.org/rtskg/new_york_city/instance/station_area_71> .
<https://w3id.org/rtskg/new_york_city/instance/block_38246> <https://w3id.org/rtskg/ontology/objectproperty/block_locates_at_borough> <https://w3id.org/rtskg/new_york_city/instance/borough_2> .
<https://w3id.org/rtskg/new_york_city/instance/block_38246> <https://w3id.org/rtskg/ontology/objectproperty/block_locates_at_functional_area> <https://w3id.org/rtskg/new_york_city/instance/functional_area_235> .
