<https://w3id.org/rtskg/new_york_city/instance/block_40889> <http://www.w3.org/1999/02/22-rdf-syntax-ns#type> <https://w3id.org/rtskg/ontology/class/block> .
<https://w3id.org/rtskg/new_york_city/instance/block_40889> <https://w3id.org/rtskg/ontology/dataproperty/geometry> "POLYGON ((-73.906142 40.750427, -73.906119 40.750479, -73.906098 40.750525, -73.906095 40.75053, -73.906094 40.750531, -73.906093 40.750532, -73.906092 40.750533, -73.90609 40.750534, -73.906089 40.750535, -73.906089 40.750535, -73.906088 40.750536, -73.906086 40.750537, -73.906085 40.750538, -73.906083 40.750538, -73.906082 40.750539, -73.90608 40.75054, -73.906079 40.75054, -73.906077 40.750541, -73.906075 40.750541, -73.906074 40.750542, -73.906072 40.750542, -73.90607 40.750543, -73.906068 40.750543, -73.906067 40.750543, -73.906065 40.750543, -73.906065 40.750544, -73.906063 40.750544, -73.906061 40.750544, -73.90606 40.750544, -73.906058 40.750544, -73.906056 40.750544, -73.906054 40.750544, -73.906053 40.750544, -73.906051 40.750544, -73.906049 40.750544, -73.906047 40.750543, -73.906047 40.750543, -73.906045 40.750543, -73.906044 40.750543, -73.906042 40.750542, -73.90604 40.750542, -73.906039 40.750542, -73.906037 40.750541, -73.905973 40.750524, -73.905909 40.750507, -73.905845 40.75049, -73.905781 40.750474, -73.905717 40.750457, -73.905653 40.75044, -73.905589 40.750423, -73.905525 40.750406, -73.905461 40.750389, -73.905397 40.750372, -73.905339 40.750357, -73.905333 40.750355, -73.905331 40.750355, -73.90533 40.750354, -73.905329 40.750353, -73.905327 40.750352, -73.905327 40.750352, -73.905326 40.750351, -73.905325 40.75035, -73.905324 40.750349, -73.905322 40.750348, -73.905321 40.750347, -73.90532 40.750346, -73.905319 40.750345, -73.905319 40.750344, -73.905318 40.750344, -73.905317 40.750343, -73.905317 40.750342, -73.905316 40.750341, -73.905315 40.75034, -73.905314 40.750338, -73.905314 40.750337, -73.905313 40.750336, -73.905313 40.750335, -73.905312 40.750334, -73.905312 40.750333, -73.905312 40.750332, -73.905311 40.750331, -73.905311 40.75033, -73.905311 40.750328, -73.905311 40.750327, -73.905311 40.750326, -73.905311 40.750324, -73.905311 40.750323, -73.905311 40.750322, -73.905311 40.750321, -73.905311 40.75032, -73.905311 40.750319, -73.905311 40.750318, -73.905311 40.750317, -73.905312 40.750315, -73.905312 40.750314, -73.905313 40.750313, -73.905313 40.750312, -73.905314 40.75031, -73.905336 40.75026, -73.905359 40.75021, -73.905382 40.75016, -73.905404 40.750109, -73.905427 40.750059, -73.905434 40.750043, -73.905449 40.750009, -73.905461 40.749984, -73.905472 40.749959, -73.905494 40.749908, -73.905498 40.749901, -73.905501 40.749893, -73.905517 40.749858, -73.90554 40.749808, -73.905562 40.749758, -73.905585 40.749707, -73.905607 40.749658, -73.905625 40.749618, -73.905629 40.749608, -73.905652 40.749559, -73.905674 40.74951, -73.905696 40.74946, -73.905716 40.749415, -73.905718 40.749411, -73.90574 40.749361, -73.905763 40.749312, -73.905784 40.749264, -73.905785 40.749262, -73.905798 40.749233, -73.905804 40.749219, -73.905807 40.749213, -73.905807 40.749213, -73.905818 40.749188, -73.905829 40.749164, -73.905852 40.749114, -73.905859 40.749099, -73.905888 40.749035, -73.905929 40.748949, -73.905931 40.748947, -73.905935 40.748945, -73.905936 40.748944, -73.905939 40.748943, -73.905943 40.748942, -73.905947 40.748941, -73.905951 40.748941, -73.905954 40.748941, -73.905956 40.748942, -73.90596 40.748942, -73.905964 40.748944, -73.905968 40.748946, -73.905971 40.748948, -73.905968 40.748961, -73.906237 40.749126, -73.906286 40.749156, -73.9066 40.74935, -73.906604 40.749353, -73.906608 40.749356, -73.906611 40.749359, -73.906613 40.749363, -73.906615 40.749367, -73.906615 40.749371, -73.906615 40.749375, -73.906615 40.749375, -73.906614 40.749379, -73.906611 40.749388, -73.906575 40.749468, -73.906529 40.74957, -73.906513 40.749606, -73.906498 40.749638, -73.90645 40.749744, -73.906422 40.749808, -73.906413 40.749827, -73.906367 40.74993, -73.906305 40.750064, -73.906289 40.7501, -73.906282 40.750116, -73.906258 40.750168, -73.906249 40.75019, -73.906235 40.750219, -73.906232 40.750226, -73.906212 40.750271, -73.906189 40.750323, -73.906165 40.750375, -73.906142 40.750427))"^^<http://www.opengis.net/ont/geosparql#wktLiteral> .
<https://w3id.org/rtskg/new_york_city/instance/block_40889> <https://w3id.org/rtskg/ontology/objectproperty/block_intersects_station_area> <https://w3id.org/rtskg/new_york_city/instance/station_area_143> .
<https://w3id.org/rtskg/new_york_city/instance/block_40889> <https://w3id.org/rtskg/ontology/objectproperty/block_intersects_station_area> <https://w3id.org/rtskg/new_york_city/instance/station_area_155> .
<https://w3id.org/rtskg/new_york_city/instance/block_40889> <https://w3id.org/rtskg/ontology/objectproperty/block_intersects_station_area> <https://w3id.org/rtskg/new_york_city/instance/station_area_169> .
<https://w3id.org/rtskg/new_york_city/instance/block_40889> <https://w3id.org/rtskg/ontology/objectproperty/block_intersects_station_area> <https://w3id.org/rtskg/new_york_city/instance/station_area_175> .
<https://w3id.org/rtskg/new_york_city/instance/block_40889> <https://w3id.org/rtskg/ontology/objectproperty/block_intersects_station_area> <https://w3id.org/rtskg/new_york_city/instance/station_area_599> .
<https://w3id.org/rtskg/new_york_city/instance/block_40889> <https://w3id.org/rtskg/ontology/objectproperty/block_intersects_station_area> <https://w3id.org/rtskg/new_york_city/instance/station_area_600> .
<https://w3id.org/rtskg/new_york_city/instance/block_40889> <https://w3id.org/rtskg/ontology/objectproperty/block_locates_at_borough> <https://w3id.org/rtskg/new_york_city/instance/borough_4> .
<https://w3id.org/rtskg/new_york_city/instance/block_40889> <https://w3id.org/rtskg/ontology/objectproperty/block_locates_at_functional_area> <https://w3id.org/rtskg/new_york_city/instance/functional_area_260> .
