<https://w3id.org/rtskg/new_york_city/instance/block_18418> <http://www.w3.org/1999/02/22-rdf-syntax-ns#type> <https://w3id.org/rtskg/ontology/class/block> .
<https://w3id.org/rtskg/new_york_city/instance/block_18418> <https://w3id.org/rtskg/ontology/dataproperty/geometry> "POLYGON ((-74.004297 40.739467, -74.004301 40.739467, -74.004502 40.739466, -74.005208 40.739462, -74.005233 40.739461, -74.005243 40.739461, -74.005247 40.739462, -74.00525 40.739462, -74.005254 40.739463, -74.005257 40.739463, -74.005261 40.739465, -74.005264 40.739466, -74.005265 40.739466, -74.005267 40.739467, -74.00527 40.739469, -74.005272 40.739471, -74.005275 40.739473, -74.005277 40.739475, -74.005277 40.739475, -74.005279 40.739477, -74.005279 40.739478, -74.005281 40.73948, -74.005282 40.739481, -74.005282 40.739482, -74.005284 40.739485, -74.005285 40.739487, -74.005285 40.73949, -74.005284 40.739499, -74.005283 40.739504, -74.005281 40.739517, -74.005281 40.739519, -74.005275 40.739549, -74.005267 40.739597, -74.005258 40.739645, -74.00525 40.739694, -74.005241 40.739742, -74.005232 40.739791, -74.005224 40.739839, -74.005221 40.739853, -74.005215 40.739891, -74.005215 40.739892, -74.005214 40.739893, -74.005214 40.739894, -74.005214 40.739895, -74.005213 40.739896, -74.005213 40.739897, -74.005212 40.739898, -74.005212 40.739899, -74.005211 40.7399, -74.005211 40.739901, -74.00521 40.739902, -74.005209 40.739903, -74.005209 40.739904, -74.005208 40.739904, -74.005207 40.739905, -74.005206 40.739906, -74.005205 40.739907, -74.005204 40.739908, -74.005203 40.739908, -74.005202 40.739909, -74.005201 40.73991, -74.0052 40.739911, -74.005199 40.739911, -74.005198 40.739912, -74.005197 40.739912, -74.005197 40.739912, -74.005196 40.739913, -74.005195 40.739914, -74.005193 40.739914, -74.005192 40.739915, -74.005191 40.739915, -74.00519 40.739915, -74.005188 40.739916, -74.005187 40.739916, -74.005186 40.739916, -74.005184 40.739917, -74.005184 40.739917, -74.005183 40.739917, -74.005181 40.739917, -74.00518 40.739917, -74.005179 40.739917, -74.005177 40.739917, -74.005176 40.739917, -74.005175 40.739918, -74.005173 40.739917, -74.005172 40.739917, -74.00517 40.739917, -74.005169 40.739917, -74.005168 40.739917, -74.005166 40.739917, -74.005165 40.739917, -74.005164 40.739916, -74.005162 40.739916, -74.005161 40.739916, -74.00516 40.739915, -74.005158 40.739915, -74.005157 40.739914, -74.005156 40.739914, -74.005155 40.739913, -74.005107 40.739893, -74.005096 40.739888, -74.005037 40.739862, -74.005016 40.739853, -74.004977 40.739837, -74.004918 40.739811, -74.004859 40.739785, -74.004804 40.739762, -74.004749 40.739739, -74.004695 40.739716, -74.00464 40.739693, -74.004585 40.73967, -74.00453 40.739647, -74.004476 40.739624, -74.004426 40.739603, -74.004376 40.739583, -74.004326 40.739562, -74.004278 40.739542, -74.004273 40.73954, -74.004272 40.73954, -74.004272 40.73954, -74.004271 40.739539, -74.00427 40.739539, -74.00427 40.739539, -74.004269 40.739538, -74.004269 40.739538, -74.004268 40.739538, -74.004268 40.739537, -74.004267 40.739537, -74.004267 40.739537, -74.004266 40.739536, -74.004266 40.739536, -74.004265 40.739535, -74.004265 40.739535, -74.004265 40.739534, -74.004264 40.739534, -74.004264 40.739533, -74.004264 40.739533, -74.004263 40.739532, -74.004263 40.739532, -74.004263 40.739531, -74.004263 40.739531, -74.004262 40.73953, -74.004262 40.73953, -74.004262 40.739529, -74.004262 40.739529, -74.004262 40.739528, -74.004262 40.739527, -74.004262 40.739527, -74.004262 40.739526, -74.004262 40.739526, -74.004262 40.739526, -74.004262 40.739525, -74.004262 40.739525, -74.004262 40.739524, -74.004262 40.739524, -74.004262 40.739523, -74.004262 40.739523, -74.004262 40.739522, -74.004263 40.739521, -74.004266 40.739513, -74.004266 40.739513, -74.004267 40.739511, -74.004277 40.739484, -74.004278 40.739483, -74.004278 40.739481, -74.004279 40.739478, -74.00428 40.739476, -74.004283 40.739473, -74.004286 40.739471, -74.004287 40.73947, -74.004289 40.739469, -74.004293 40.739468, -74.004297 40.739467))"^^<http://www.opengis.net/ont/geosparql#wktLiteral> .
<https://w3id.org/rtskg/new_york_city/instance/block_18418> <https://w3id.org/rtskg/ontology/objectproperty/block_intersects_station_area> <https://w3id.org/rtskg/new_york_city/instance/station_area_29> .
<https://w3id.org/rtskg/new_york_city/instance/block_18418> <https://w3id.org/rtskg/ontology/objectproperty/block_intersects_station_area> <https://w3id.org/rtskg/new_york_city/instance/station_area_30> .
<https://w3id.org/rtskg/new_york_city/instance/block_18418> <https://w3id.org/rtskg/ontology/objectproperty/block_intersects_station_area> <https://w3id.org/rtskg/new_york_city/instance/station_area_31> .
<https://w3id.org/rtskg/new_york_city/instance/block_18418> <https://w3id.org/rtskg/ontology/objectproperty/block_intersects_station_area> <https://w3id.org/rtskg/new_york_city/instance/station_area_32> .
<https://w3id.org/rtskg/new_york_city/instance/block_18418> <https://w3id.org/rtskg/ontology/objectproperty/block_intersects_station_area> <https://w3id.org/rtskg/new_york_city/instance/station_area_359> .
<https://w3id.org/rtskg/new_york_city/instance/block_18418> <https://w3id.org/rtskg/ontology/objectproperty/block_intersects_station_area> <https://w3id.org/rtskg/new_york_city/instance/station_area_65> .
<https://w3id.org/rtskg/new_york_city/instance/block_18418> <https://w3id.org/rtskg/ontology/objectproperty/block_intersects_station_area> <https://w3id.org/rtskg/new_york_city/instance/station_area_93> .
<https://w3id.org/rtskg/new_york_city/instance/block_18418> <https://w3id.org/rtskg/ontology/objectproperty/block_locates_at_borough> <https://w3id.org/rtskg/new_york_city/instance/borough_1> .
<https://w3id.org/rtskg/new_york_city/instance/block_18418> <https://w3id.org/rtskg/ontology/objectproperty/block_locates_at_functional_area> <https://w3id.org/rtskg/new_york_city/instance/functional_area_249> .
