<https://w3id.org/rtskg/new_york_city/instance/block_40502> <http://www.w3.org/1999/02/22-rdf-syntax-ns#type> <https://w3id.org/rtskg/ontology/class/block> .
<https://w3id.org/rtskg/new_york_city/instance/block_40502> <https://w3id.org/rtskg/ontology/dataproperty/geometry> "POLYGON ((-73.947523 40.740654, -73.947517 40.740653, -73.947514 40.740652, -73.947511 40.740651, -73.947505 40.740649, -73.9475 40.740646, -73.947498 40.740645, -73.947495 40.740643, -73.947491 40.740639, -73.947488 40.740635, -73.947485 40.740632, -73.947484 40.74063, -73.947484 40.740629, -73.947483 40.740625, -73.947483 40.740622, -73.947484 40.740616, -73.947519 40.740516, -73.947536 40.740465, -73.947605 40.740261, -73.947653 40.740111, -73.947653 40.74011, -73.947654 40.740106, -73.947656 40.740102, -73.947659 40.740099, -73.94766 40.740098, -73.947663 40.740096, -73.947667 40.740093, -73.947672 40.74009, -73.947676 40.740088, -73.947682 40.740087, -73.947687 40.740086, -73.94769 40.740086, -73.947693 40.740085, -73.947698 40.740086, -73.947706 40.740087, -73.94785 40.740114, -73.947903 40.740124, -73.947965 40.740135, -73.948067 40.740155, -73.948142 40.740169, -73.948248 40.74019, -73.948284 40.740197, -73.948359 40.740212, -73.948532 40.740246, -73.948846 40.740307, -73.94916 40.740369, -73.949474 40.74043, -73.949562 40.740448, -73.949626 40.74046, -73.949787 40.740492, -73.949788 40.740492, -73.949789 40.740492, -73.94979 40.740492, -73.949792 40.740493, -73.949793 40.740493, -73.949794 40.740494, -73.949796 40.740494, -73.949797 40.740495, -73.949798 40.740495, -73.949799 40.740496, -73.949801 40.740496, -73.949802 40.740497, -73.949802 40.740497, -73.949803 40.740497, -73.949804 40.740498, -73.949805 40.740499, -73.949806 40.7405, -73.949807 40.7405, -73.949808 40.740501, -73.949809 40.740502, -73.94981 40.740503, -73.949811 40.740504, -73.949812 40.740505, -73.949812 40.740506, -73.949813 40.740506, -73.949814 40.740507, -73.949814 40.740508, -73.949815 40.740509, -73.949816 40.74051, -73.949816 40.740511, -73.949817 40.740512, -73.949817 40.740513, -73.949817 40.740514, -73.949817 40.740515, -73.949818 40.740516, -73.949818 40.740517, -73.949818 40.740518, -73.949818 40.740519, -73.949819 40.74052, -73.949819 40.740521, -73.949819 40.740522, -73.949819 40.740523, -73.949819 40.740524, -73.949818 40.740525, -73.949818 40.740526, -73.949818 40.740527, -73.949818 40.740527, -73.949818 40.740529, -73.949817 40.74053, -73.949817 40.740531, -73.949803 40.740575, -73.949789 40.740617, -73.949775 40.74066, -73.949761 40.740703, -73.949759 40.740709, -73.949747 40.740745, -73.949735 40.740779, -73.94973 40.740796, -73.949713 40.740846, -73.949696 40.740896, -73.94968 40.740946, -73.949663 40.740997, -73.949646 40.741047, -73.949646 40.741048, -73.949646 40.741048, -73.949646 40.741049, -73.949646 40.741049, -73.949646 40.74105, -73.949646 40.74105, -73.949645 40.741051, -73.949645 40.741052, -73.949644 40.741055, -73.949642 40.741058, -73.949639 40.741061, -73.949635 40.741063, -73.949631 40.741065, -73.949627 40.741066, -73.949622 40.741066, -73.949618 40.741066, -73.949353 40.741011, -73.949097 40.740957, -73.948604 40.740862, -73.948519 40.740846, -73.948435 40.74083, -73.948434 40.74083, -73.948379 40.740819, -73.948231 40.740791, -73.948035 40.740753, -73.947747 40.740699, -73.947523 40.740654))"^^<http://www.opengis.net/ont/geosparql#wktLiteral> .
<https://w3id.org/rtskg/new_york_city/instance/block_40502> <https://w3id.org/rtskg/ontology/objectproperty/block_intersects_station_area> <https://w3id.org/rtskg/new_york_city/instance/station_area_379> .
<https://w3id.org/rtskg/new_york_city/instance/block_40502> <https://w3id.org/rtskg/ontology/objectproperty/block_intersects_station_area> <https://w3id.org/rtskg/new_york_city/instance/station_area_493> .
<https://w3id.org/rtskg/new_york_city/instance/block_40502> <https://w3id.org/rtskg/ontology/objectproperty/block_intersects_station_area> <https://w3id.org/rtskg/new_york_city/instance/station_area_494> .
<https://w3id.org/rtskg/new_york_city/instance/block_40502> <https://w3id.org/rtskg/ontology/objectproperty/block_intersects_station_area> <https://w3id.org/rtskg/new_york_city/instance/station_area_709> .
<https://w3id.org/rtskg/new_york_city/instance/block_40502> <https://w3id.org/rtskg/ontology/objectproperty/block_intersects_station_area> <https://w3id.org/rtskg/new_york_city/instance/station_area_710> .
<https://w3id.org/rtskg/new_york_city/instance/block_40502> <https://w3id.org/rtskg/ontology/objectproperty/block_intersects_station_area> <https://w3id.org/rtskg/new_york_city/instance/station_area_85> .
<https://w3id.org/rtskg/new_york_city/instance/block_40502> <https://w3id.org/rtskg/ontology/objectproperty/block_locates_at_borough> <https://w3id.org/rtskg/new_york_city/instance/borough_4> .
<https://w3id.org/rtskg/new_york_city/instance/block_40502> <https://w3id.org/rtskg/ontology/objectproperty/block_locates_at_functional_area> <https://w3id.org/rtskg/new_york_city/instance/functional_area_145> .
