<https://w3id.org/rtskg/new_york_city/instance/block_8958> <http://www.w3.org/1999/02/22-rdf-syntax-ns#type> <https://w3id.org/rtskg/ontology/class/block> .
<https://w3id.org/rtskg/new_york_city/instance/block_8958> <https://w3id.org/rtskg/ontology/dataproperty/geometry> "POLYGON ((-73.908283 40.66259, -73.908284 40.662591, -73.908284 40.662592, -73.908284 40.662594, -73.908284 40.662595, -73.908284 40.662595, -73.908284 40.662596, -73.908284 40.662597, -73.908284 40.662598, -73.908239 40.662604, -73.908237 40.662604, -73.907956 40.662647, -73.907333 40.662743, -73.907193 40.662764, -73.907178 40.662767, -73.907099 40.662779, -73.907073 40.662783, -73.906788 40.662826, -73.906563 40.662861, -73.906562 40.662861, -73.906561 40.662862, -73.90656 40.662862, -73.906559 40.662862, -73.906559 40.662862, -73.906558 40.662863, -73.906557 40.662863, -73.906556 40.662863, -73.906555 40.662863, -73.906554 40.662863, -73.906553 40.662864, -73.906552 40.662864, -73.906551 40.662864, -73.90655 40.662864, -73.90655 40.662864, -73.906549 40.662864, -73.906548 40.662864, -73.906547 40.662864, -73.906546 40.662864, -73.906545 40.662864, -73.906544 40.662863, -73.906543 40.662863, -73.906542 40.662863, -73.906541 40.662863, -73.906541 40.662863, -73.90654 40.662863, -73.906539 40.662862, -73.906538 40.662862, -73.906537 40.662862, -73.906536 40.662861, -73.906536 40.662861, -73.906535 40.662861, -73.906534 40.66286, -73.906533 40.66286, -73.906533 40.66286, -73.906532 40.662859, -73.906531 40.662859, -73.90653 40.662858, -73.90653 40.662858, -73.906529 40.662857, -73.906529 40.662857, -73.906528 40.662857, -73.906528 40.662856, -73.906528 40.662856, -73.906527 40.662855, -73.906527 40.662855, -73.906526 40.662854, -73.906525 40.662853, -73.906525 40.662852, -73.906525 40.662852, -73.906525 40.662851, -73.906524 40.662851, -73.906524 40.66285, -73.906524 40.66285, -73.906524 40.662849, -73.906524 40.662849, -73.906524 40.662848, -73.906524 40.662848, -73.906524 40.662847, -73.906523 40.662847, -73.906523 40.662846, -73.906523 40.662845, -73.906524 40.662845, -73.906524 40.662844, -73.906524 40.662844, -73.906524 40.662843, -73.906524 40.662842, -73.906524 40.662842, -73.906524 40.662841, -73.906525 40.662841, -73.906525 40.66284, -73.906525 40.66284, -73.906525 40.662839, -73.906526 40.662839, -73.906526 40.662838, -73.906526 40.662838, -73.906526 40.662838, -73.906527 40.662837, -73.906528 40.662835, -73.90653 40.662833, -73.906532 40.662831, -73.906534 40.662829, -73.906536 40.662827, -73.906538 40.662826, -73.90654 40.662824, -73.906543 40.662822, -73.906545 40.66282, -73.906547 40.662819, -73.90655 40.662817, -73.906552 40.662816, -73.906555 40.662815, -73.906557 40.662813, -73.90656 40.662812, -73.90661 40.662805, -73.906638 40.662814, -73.9067 40.662805, -73.906999 40.66276, -73.907018 40.662746, -73.907043 40.662742, -73.907068 40.662738, -73.90711 40.662732, -73.907133 40.662741, -73.907366 40.662707, -73.90769 40.662655, -73.907969 40.662616, -73.907983 40.662602, -73.908005 40.662599, -73.908023 40.662596, -73.908165 40.662572, -73.908236 40.662563, -73.908237 40.662563, -73.908239 40.662563, -73.90824 40.662563, -73.908242 40.662563, -73.908243 40.662563, -73.908245 40.662563, -73.908246 40.662564, -73.908248 40.662564, -73.908249 40.662564, -73.908251 40.662564, -73.908252 40.662565, -73.908254 40.662565, -73.908255 40.662565, -73.908257 40.662566, -73.908258 40.662566, -73.908259 40.662567, -73.908261 40.662567, -73.908262 40.662568, -73.908263 40.662569, -73.908265 40.662569, -73.908266 40.66257, -73.908267 40.662571, -73.908268 40.662571, -73.908268 40.662571, -73.908269 40.662572, -73.908271 40.662573, -73.908272 40.662574, -73.908272 40.662574, -73.908273 40.662575, -73.908274 40.662575, -73.908275 40.662576, -73.908276 40.662577, -73.908277 40.662578, -73.908277 40.662579, -73.908278 40.66258, -73.908279 40.662581, -73.90828 40.662582, -73.90828 40.662583, -73.90828 40.662583, -73.908281 40.662584, -73.908282 40.662586, -73.908282 40.662587, -73.908283 40.662588, -73.908283 40.662589, -73.908283 40.66259))"^^<http://www.opengis.net/ont/geosparql#wktLiteral> .
<https://w3id.org/rtskg/new_york_city/instance/block_8958> <https://w3id.org/rtskg/ontology/objectproperty/block_intersects_station_area> <https://w3id.org/rtskg/new_york_city/instance/station_area_519> .
<https://w3id.org/rtskg/new_york_city/instance/block_8958> <https://w3id.org/rtskg/ontology/objectproperty/block_intersects_station_area> <https://w3id.org/rtskg/new_york_city/instance/station_area_520> .
<https://w3id.org/rtskg/new_york_city/instance/block_8958> <https://w3id.org/rtskg/ontology/objectproperty/block_intersects_station_area> <https://w3id.org/rtskg/new_york_city/instance/station_area_545> .
<https://w3id.org/rtskg/new_york_city/instance/block_8958> <https://w3id.org/rtskg/ontology/objectproperty/block_intersects_station_area> <https://w3id.org/rtskg/new_york_city/instance/station_area_651> .
<https://w3id.org/rtskg/new_york_city/instance/block_8958> <https://w3id.org/rtskg/ontology/objectproperty/block_intersects_station_area> <https://w3id.org/rtskg/new_york_city/instance/station_area_652> .
<https://w3id.org/rtskg/new_york_city/instance/block_8958> <https://w3id.org/rtskg/ontology/objectproperty/block_intersects_station_area> <https://w3id.org/rtskg/new_york_city/instance/station_area_659> .
<https://w3id.org/rtskg/new_york_city/instance/block_8958> <https://w3id.org/rtskg/ontology/objectproperty/block_locates_at_borough> <https://w3id.org/rtskg/new_york_city/instance/borough_3> .
<https://w3id.org/rtskg/new_york_city/instance/block_8958> <https://w3id.org/rtskg/ontology/objectproperty/block_locates_at_functional_area> <https://w3id.org/rtskg/new_york_city/instance/functional_area_35> .
