<https://w3id.org/rtskg/new_york_city/instance/block_18315> <http://www.w3.org/1999/02/22-rdf-syntax-ns#type> <https://w3id.org/rtskg/ontology/class/block> .
<https://w3id.org/rtskg/new_york_city/instance/block_18315> <https://w3id.org/rtskg/ontology/dataproperty/geometry> "POLYGON ((-74.002841 40.733323, -74.002841 40.733323, -74.002842 40.733324, -74.002842 40.733324, -74.002843 40.733325, -74.002843 40.733325, -74.002843 40.733325, -74.002843 40.733326, -74.002844 40.733326, -74.002844 40.733326, -74.002844 40.733327, -74.002844 40.733327, -74.002845 40.733328, -74.002845 40.733328, -74.002845 40.733329, -74.002845 40.733329, -74.002845 40.73333, -74.002845 40.73333, -74.002845 40.733331, -74.002846 40.733331, -74.002846 40.733332, -74.002846 40.733332, -74.002846 40.733333, -74.002846 40.733334, -74.002846 40.733334, -74.002846 40.733335, -74.002845 40.733335, -74.002845 40.733336, -74.002845 40.733336, -74.002845 40.733337, -74.002845 40.733337, -74.002838 40.733349, -74.002804 40.733407, -74.002764 40.733478, -74.002764 40.733478, -74.002764 40.733479, -74.002763 40.733479, -74.002763 40.733479, -74.002762 40.73348, -74.002762 40.73348, -74.002762 40.73348, -74.002761 40.733481, -74.002761 40.733481, -74.00276 40.733481, -74.00276 40.733482, -74.002759 40.733482, -74.002759 40.733482, -74.002758 40.733483, -74.002758 40.733483, -74.002757 40.733483, -74.002757 40.733483, -74.002756 40.733483, -74.002756 40.733484, -74.002755 40.733484, -74.002755 40.733484, -74.002754 40.733484, -74.002753 40.733484, -74.002753 40.733484, -74.002752 40.733484, -74.002752 40.733484, -74.002751 40.733484, -74.002751 40.733484, -74.00275 40.733485, -74.00275 40.733485, -74.002749 40.733485, -74.002749 40.733485, -74.002748 40.733485, -74.002747 40.733485, -74.002747 40.733484, -74.002746 40.733484, -74.002746 40.733484, -74.002745 40.733484, -74.002744 40.733484, -74.002744 40.733484, -74.002743 40.733484, -74.002743 40.733484, -74.002742 40.733483, -74.002742 40.733483, -74.002741 40.733483, -74.00274 40.733483, -74.00274 40.733483, -74.002739 40.733482, -74.002739 40.733482, -74.002738 40.733482, -74.002738 40.733482, -74.002738 40.733481, -74.002737 40.733481, -74.002737 40.733481, -74.002737 40.733481, -74.002736 40.73348, -74.002736 40.73348, -74.002735 40.73348, -74.002735 40.733479, -74.002735 40.733479, -74.002734 40.733478, -74.002734 40.733478, -74.002669 40.733404, -74.002668 40.733403, -74.002668 40.733402, -74.002667 40.733401, -74.002667 40.7334, -74.002666 40.733399, -74.002666 40.733398, -74.002666 40.733397, -74.002666 40.733396, -74.002665 40.733394, -74.002665 40.733393, -74.002665 40.733392, -74.002665 40.733391, -74.002665 40.73339, -74.002665 40.733389, -74.002666 40.733388, -74.002666 40.733387, -74.002666 40.733386, -74.002666 40.733385, -74.002667 40.733384, -74.002667 40.733383, -74.002667 40.733382, -74.002668 40.73338, -74.002668 40.733379, -74.002669 40.733378, -74.00267 40.733377, -74.00267 40.733376, -74.002671 40.733376, -74.002672 40.733375, -74.002672 40.733374, -74.002673 40.733373, -74.002674 40.733372, -74.002675 40.733371, -74.002676 40.73337, -74.002677 40.733369, -74.002678 40.733369, -74.002679 40.733368, -74.00268 40.733367, -74.002681 40.733366, -74.002682 40.733366, -74.002684 40.733365, -74.002685 40.733365, -74.002686 40.733364, -74.002687 40.733363, -74.002689 40.733363, -74.00269 40.733363, -74.002691 40.733362, -74.002823 40.733318, -74.002823 40.733318, -74.002824 40.733318, -74.002825 40.733318, -74.002825 40.733318, -74.002826 40.733318, -74.002827 40.733318, -74.002827 40.733318, -74.002828 40.733318, -74.002829 40.733318, -74.002829 40.733318, -74.002829 40.733318, -74.00283 40.733318, -74.002831 40.733318, -74.002831 40.733318, -74.002832 40.733318, -74.002833 40.733319, -74.002833 40.733319, -74.002834 40.733319, -74.002834 40.733319, -74.002835 40.733319, -74.002836 40.73332, -74.002836 40.73332, -74.002837 40.73332, -74.002837 40.73332, -74.002838 40.733321, -74.002838 40.733321, -74.002839 40.733321, -74.002839 40.733322, -74.00284 40.733322, -74.00284 40.733323, -74.002841 40.733323))"^^<http://www.opengis.net/ont/geosparql#wktLiteral> .
<https://w3id.org/rtskg/new_york_city/instance/block_18315> <https://w3id.org/rtskg/ontology/objectproperty/block_intersects_station_area> <https://w3id.org/rtskg/new_york_city/instance/station_area_29> .
<https://w3id.org/rtskg/new_york_city/instance/block_18315> <https://w3id.org/rtskg/ontology/objectproperty/block_intersects_station_area> <https://w3id.org/rtskg/new_york_city/instance/station_area_31> .
<https://w3id.org/rtskg/new_york_city/instance/block_18315> <https://w3id.org/rtskg/ontology/objectproperty/block_intersects_station_area> <https://w3id.org/rtskg/new_york_city/instance/station_area_359> .
<https://w3id.org/rtskg/new_york_city/instance/block_18315> <https://w3id.org/rtskg/ontology/objectproperty/block_intersects_station_area> <https://w3id.org/rtskg/new_york_city/instance/station_area_360> .
<https://w3id.org/rtskg/new_york_city/instance/block_18315> <https://w3id.org/rtskg/ontology/objectproperty/block_intersects_station_area> <https://w3id.org/rtskg/new_york_city/instance/station_area_483> .
<https://w3id.org/rtskg/new_york_city/instance/block_18315> <https://w3id.org/rtskg/ontology/objectproperty/block_intersects_station_area> <https://w3id.org/rtskg/new_york_city/instance/station_area_671> .
<https://w3id.org/rtskg/new_york_city/instance/block_18315> <https://w3id.org/rtskg/ontology/objectproperty/block_intersects_station_area> <https://w3id.org/rtskg/new_york_city/instance/station_area_711> .
<https://w3id.org/rtskg/new_york_city/instance/block_18315> <https://w3id.org/rtskg/ontology/objectproperty/block_intersects_station_area> <https://w3id.org/rtskg/new_york_city/instance/station_area_712> .
<https://w3id.org/rtskg/new_york_city/instance/block_18315> <https://w3id.org/rtskg/ontology/objectproperty/block_locates_at_borough> <https://w3id.org/rtskg/new_york_city/instance/borough_1> .
<https://w3id.org/rtskg/new_york_city/instance/block_18315> <https://w3id.org/rtskg/ontology/objectproperty/block_locates_at_functional_area> <https://w3id.org/rtskg/new_york_city/instance/functional_area_249> .
