<https://w3id.org/rtskg/new_york_city/instance/block_17710> <http://www.w3.org/1999/02/22-rdf-syntax-ns#type> <https://w3id.org/rtskg/ontology/class/block> .
<https://w3id.org/rtskg/new_york_city/instance/block_17710> <https://w3id.org/rtskg/ontology/dataproperty/geometry> "POLYGON ((-74.013952 40.701393, -74.013947 40.701392, -74.013943 40.701392, -74.013939 40.70139, -74.013935 40.701389, -74.013932 40.701386, -74.013918 40.701366, -74.013884 40.701314, -74.013876 40.701302, -74.013868 40.70129, -74.013868 40.70129, -74.01387 40.70129, -74.013871 40.70129, -74.013872 40.701291, -74.013874 40.701291, -74.013875 40.701291, -74.013876 40.701291, -74.013878 40.701291, -74.013879 40.701291, -74.01388 40.701291, -74.013882 40.701292, -74.013883 40.701292, -74.013885 40.701292, -74.013886 40.701292, -74.013887 40.701292, -74.013888 40.701292, -74.013889 40.701292, -74.01389 40.701292, -74.013891 40.701292, -74.013893 40.701293, -74.013894 40.701293, -74.013895 40.701293, -74.013897 40.701293, -74.013898 40.701293, -74.013899 40.701293, -74.013901 40.701293, -74.013902 40.701294, -74.013903 40.701294, -74.013905 40.701294, -74.013906 40.701294, -74.013907 40.701294, -74.013909 40.701294, -74.01391 40.701295, -74.013911 40.701295, -74.013913 40.701295, -74.013914 40.701295, -74.013916 40.701295, -74.013917 40.701295, -74.013918 40.701295, -74.01392 40.701296, -74.013921 40.701296, -74.013922 40.701296, -74.013924 40.701296, -74.013925 40.701296, -74.013926 40.701296, -74.013928 40.701296, -74.013929 40.701297, -74.01393 40.701297, -74.013932 40.701297, -74.013933 40.701297, -74.013934 40.701297, -74.013936 40.701297, -74.013937 40.701298, -74.013938 40.701298, -74.01394 40.701298, -74.013941 40.701298, -74.013942 40.701298, -74.013944 40.701298, -74.013945 40.701299, -74.013947 40.701299, -74.013948 40.701299, -74.013949 40.701299, -74.013951 40.701299, -74.013952 40.701299, -74.013953 40.701299, -74.013955 40.7013, -74.013956 40.7013, -74.013957 40.7013, -74.013959 40.7013, -74.01396 40.7013, -74.013961 40.7013, -74.013963 40.701301, -74.013964 40.701301, -74.013965 40.701301, -74.013967 40.701301, -74.013968 40.701301, -74.013969 40.701302, -74.013971 40.701302, -74.013972 40.701302, -74.013973 40.701302, -74.013975 40.701302, -74.013976 40.701302, -74.013977 40.701303, -74.013979 40.701303, -74.01398 40.701303, -74.013981 40.701303, -74.013983 40.701303, -74.013984 40.701303, -74.013985 40.701304, -74.013987 40.701304, -74.013988 40.701304, -74.01399 40.701304, -74.013991 40.701304, -74.013992 40.701304, -74.013994 40.701305, -74.013995 40.701305, -74.013996 40.701305, -74.013998 40.701305, -74.013999 40.701305, -74.014 40.701306, -74.014002 40.701306, -74.014003 40.701306, -74.014004 40.701306, -74.014005 40.701306, -74.014006 40.701306, -74.014007 40.701307, -74.014008 40.701307, -74.014009 40.701307, -74.01401 40.701307, -74.014011 40.701307, -74.014012 40.701307, -74.014014 40.701307, -74.014015 40.701308, -74.014016 40.701308, -74.014017 40.701308, -74.014018 40.701308, -74.014019 40.701308, -74.01402 40.701308, -74.014021 40.701308, -74.014022 40.701309, -74.014023 40.701309, -74.014024 40.701309, -74.014021 40.701312, -74.014018 40.701316, -74.014012 40.701322, -74.014004 40.701332, -74.013996 40.701343, -74.013989 40.701354, -74.013982 40.701365, -74.013976 40.701376, -74.013974 40.701382, -74.013973 40.701382, -74.013971 40.701385, -74.013968 40.701388, -74.013964 40.70139, -74.01396 40.701391, -74.013956 40.701392, -74.013952 40.701393))"^^<http://www.opengis.net/ont/geosparql#wktLiteral> .
<https://w3id.org/rtskg/new_york_city/instance/block_17710> <https://w3id.org/rtskg/ontology/objectproperty/block_intersects_station_area> <https://w3id.org/rtskg/new_york_city/instance/station_area_309> .
<https://w3id.org/rtskg/new_york_city/instance/block_17710> <https://w3id.org/rtskg/ontology/objectproperty/block_intersects_station_area> <https://w3id.org/rtskg/new_york_city/instance/station_area_310> .
<https://w3id.org/rtskg/new_york_city/instance/block_17710> <https://w3id.org/rtskg/ontology/objectproperty/block_intersects_station_area> <https://w3id.org/rtskg/new_york_city/instance/station_area_317> .
<https://w3id.org/rtskg/new_york_city/instance/block_17710> <https://w3id.org/rtskg/ontology/objectproperty/block_intersects_station_area> <https://w3id.org/rtskg/new_york_city/instance/station_area_647> .
<https://w3id.org/rtskg/new_york_city/instance/block_17710> <https://w3id.org/rtskg/ontology/objectproperty/block_intersects_station_area> <https://w3id.org/rtskg/new_york_city/instance/station_area_719> .
<https://w3id.org/rtskg/new_york_city/instance/block_17710> <https://w3id.org/rtskg/ontology/objectproperty/block_intersects_station_area> <https://w3id.org/rtskg/new_york_city/instance/station_area_725> .
<https://w3id.org/rtskg/new_york_city/instance/block_17710> <https://w3id.org/rtskg/ontology/objectproperty/block_intersects_station_area> <https://w3id.org/rtskg/new_york_city/instance/station_area_726> .
<https://w3id.org/rtskg/new_york_city/instance/block_17710> <https://w3id.org/rtskg/ontology/objectproperty/block_locates_at_borough> <https://w3id.org/rtskg/new_york_city/instance/borough_1> .
<https://w3id.org/rtskg/new_york_city/instance/block_17710> <https://w3id.org/rtskg/ontology/objectproperty/block_locates_at_functional_area> <https://w3id.org/rtskg/new_york_city/instance/functional_area_12> .
