<https://w3id.org/rtskg/new_york_city/instance/block_40600> <http://www.w3.org/1999/02/22-rdf-syntax-ns#type> <https://w3id.org/rtskg/ontology/class/block> .
<https://w3id.org/rtskg/new_york_city/instance/block_40600> <https://w3id.org/rtskg/ontology/dataproperty/geometry> "POLYGON ((-73.94331 40.750602, -73.943307 40.750614, -73.943307 40.750614, -73.943303 40.750626, -73.943303 40.750626, -73.943303 40.750626, -73.943299 40.750638, -73.943296 40.750649, -73.943292 40.75066, -73.943289 40.75067, -73.943289 40.75067, -73.943288 40.750674, -73.943283 40.750679, -73.943155 40.750818, -73.943092 40.750886, -73.942972 40.751015, -73.942942 40.751047, -73.942826 40.751174, -73.942758 40.751248, -73.942753 40.751254, -73.94268 40.751333, -73.942652 40.751363, -73.942649 40.751366, -73.942645 40.751365, -73.942644 40.751364, -73.942644 40.751364, -73.942644 40.751364, -73.942642 40.751363, -73.942642 40.751363, -73.942626 40.751356, -73.94259 40.751341, -73.942528 40.751314, -73.942514 40.751308, -73.942481 40.751293, -73.942467 40.751287, -73.942466 40.751287, -73.942404 40.75126, -73.942403 40.751259, -73.942403 40.751259, -73.942401 40.751259, -73.9424 40.751258, -73.942399 40.751258, -73.942398 40.751257, -73.942397 40.751256, -73.942396 40.751256, -73.942395 40.751255, -73.942394 40.751254, -73.942393 40.751254, -73.942392 40.751253, -73.942391 40.751252, -73.94239 40.751251, -73.94239 40.751251, -73.942389 40.75125, -73.942388 40.751249, -73.942388 40.751249, -73.942387 40.751248, -73.942387 40.751247, -73.942386 40.751246, -73.942386 40.751245, -73.942385 40.751244, -73.942384 40.751243, -73.942384 40.751243, -73.942384 40.751242, -73.942383 40.751241, -73.942383 40.75124, -73.942383 40.75124, -73.942383 40.751239, -73.942383 40.751238, -73.942382 40.751237, -73.942382 40.751236, -73.942382 40.751235, -73.942382 40.751233, -73.942382 40.751232, -73.942382 40.751231, -73.942382 40.75123, -73.942382 40.751229, -73.942383 40.751228, -73.942383 40.751227, -73.942383 40.751226, -73.942383 40.751225, -73.942384 40.751224, -73.942384 40.751223, -73.942385 40.751223, -73.942385 40.751223, -73.942385 40.751222, -73.942386 40.751221, -73.942386 40.75122, -73.942387 40.751219, -73.942388 40.751218, -73.942388 40.751217, -73.942389 40.751216, -73.942413 40.751191, -73.942425 40.751178, -73.942437 40.751164, -73.942475 40.751123, -73.942478 40.751119, -73.942519 40.751075, -73.94256 40.75103, -73.942562 40.751027, -73.942562 40.751027, -73.942601 40.750985, -73.942641 40.750941, -73.942682 40.750896, -73.942723 40.750851, -73.942764 40.750807, -73.942851 40.750712, -73.94286 40.750701, -73.942887 40.750672, -73.942929 40.750627, -73.942945 40.750609, -73.942954 40.750599, -73.94305 40.750494, -73.94309 40.750449, -73.943113 40.750425, -73.943131 40.750405, -73.943155 40.750378, -73.94317 40.750362, -73.94317 40.750362, -73.943172 40.75036, -73.943172 40.75036, -73.943172 40.75036, -73.943174 40.750361, -73.943213 40.750382, -73.943221 40.750386, -73.943224 40.750388, -73.943226 40.750389, -73.943234 40.750394, -73.943244 40.750401, -73.943253 40.750408, -73.943262 40.750415, -73.943265 40.750419, -73.943282 40.750451, -73.943282 40.750452, -73.943287 40.750459, -73.943291 40.750465, -73.943292 40.750467, -73.943292 40.750468, -73.943296 40.750475, -73.943299 40.750482, -73.9433 40.750483, -73.943302 40.750489, -73.943303 40.750491, -73.943305 40.750494, -73.943305 40.750494, -73.943307 40.750499, -73.943309 40.750506, -73.943309 40.750506, -73.943309 40.750506, -73.943309 40.750507, -73.943312 40.750516, -73.943312 40.750518, -73.943312 40.750518, -73.943314 40.750524, -73.943315 40.75053, -73.943315 40.75053, -73.943315 40.75053, -73.943316 40.750533, -73.943317 40.750541, -73.943317 40.750542, -73.943317 40.750542, -73.943318 40.75055, -73.943318 40.750554, -73.943318 40.750554, -73.943318 40.750555, -73.943319 40.750558, -73.943319 40.750566, -73.943319 40.750567, -73.943319 40.750575, -73.943318 40.750578, -73.943318 40.750579, -73.943317 40.750579, -73.943314 40.75059, -73.943314 40.750591, -73.94331 40.750602, -73.94331 40.750602, -73.94331 40.750602))"^^<http://www.opengis.net/ont/geosparql#wktLiteral> .
<https://w3id.org/rtskg/new_york_city/instance/block_40600> <https://w3id.org/rtskg/ontology/objectproperty/block_intersects_station_area> <https://w3id.org/rtskg/new_york_city/instance/station_area_379> .
<https://w3id.org/rtskg/new_york_city/instance/block_40600> <https://w3id.org/rtskg/ontology/objectproperty/block_intersects_station_area> <https://w3id.org/rtskg/new_york_city/instance/station_area_380> .
<https://w3id.org/rtskg/new_york_city/instance/block_40600> <https://w3id.org/rtskg/ontology/objectproperty/block_intersects_station_area> <https://w3id.org/rtskg/new_york_city/instance/station_area_641> .
<https://w3id.org/rtskg/new_york_city/instance/block_40600> <https://w3id.org/rtskg/ontology/objectproperty/block_intersects_station_area> <https://w3id.org/rtskg/new_york_city/instance/station_area_643> .
<https://w3id.org/rtskg/new_york_city/instance/block_40600> <https://w3id.org/rtskg/ontology/objectproperty/block_intersects_station_area> <https://w3id.org/rtskg/new_york_city/instance/station_area_644> .
<https://w3id.org/rtskg/new_york_city/instance/block_40600> <https://w3id.org/rtskg/ontology/objectproperty/block_intersects_station_area> <https://w3id.org/rtskg/new_york_city/instance/station_area_83> .
<https://w3id.org/rtskg/new_york_city/instance/block_40600> <https://w3id.org/rtskg/ontology/objectproperty/block_intersects_station_area> <https://w3id.org/rtskg/new_york_city/instance/station_area_84> .
<https://w3id.org/rtskg/new_york_city/instance/block_40600> <https://w3id.org/rtskg/ontology/objectproperty/block_intersects_station_area> <https://w3id.org/rtskg/new_york_city/instance/station_area_85> .
<https://w3id.org/rtskg/new_york_city/instance/block_40600> <https://w3id.org/rtskg/ontology/objectproperty/block_locates_at_borough> <https://w3id.org/rtskg/new_york_city/instance/borough_4> .
<https://w3id.org/rtskg/new_york_city/instance/block_40600> <https://w3id.org/rtskg/ontology/objectproperty/block_locates_at_functional_area> <https://w3id.org/rtskg/new_york_city/instance/functional_area_145> .
