<https://w3id.org/rtskg/new_york_city/instance/block_19696> <http://www.w3.org/1999/02/22-rdf-syntax-ns#type> <https://w3id.org/rtskg/ontology/class/block> .
<https://w3id.org/rtskg/new_york_city/instance/block_19696> <https://w3id.org/rtskg/ontology/dataproperty/geometry> "POLYGON ((-73.990067 40.71412, -73.990068 40.71412, -73.990069 40.71412, -73.99007 40.71412, -73.990071 40.714121, -73.990073 40.714121, -73.990074 40.714122, -73.990075 40.714122, -73.990076 40.714123, -73.990078 40.714123, -73.990079 40.714124, -73.99008 40.714125, -73.990081 40.714126, -73.990082 40.714126, -73.990083 40.714127, -73.990084 40.714128, -73.990085 40.714129, -73.990086 40.71413, -73.990086 40.714131, -73.990087 40.714132, -73.990088 40.714133, -73.990088 40.714134, -73.990089 40.714135, -73.990089 40.714136, -73.990089 40.714137, -73.990089 40.714139, -73.990089 40.714139, -73.990092 40.714152, -73.990092 40.714154, -73.990097 40.714181, -73.990102 40.714208, -73.99011 40.714258, -73.990112 40.714274, -73.990116 40.714295, -73.990117 40.714305, -73.990117 40.714309, -73.990118 40.714322, -73.990119 40.714326, -73.990119 40.714331, -73.990119 40.714336, -73.990118 40.714339, -73.990115 40.714342, -73.99011 40.714344, -73.990109 40.714345, -73.990107 40.714345, -73.990103 40.714346, -73.990097 40.714345, -73.990088 40.714343, -73.990081 40.714342, -73.99007 40.714339, -73.990061 40.714337, -73.990045 40.714332, -73.990028 40.714313, -73.990015 40.714309, -73.989958 40.714292, -73.9899 40.714275, -73.989843 40.714258, -73.989786 40.71424, -73.989777 40.714238, -73.989761 40.714233, -73.98972 40.714221, -73.989719 40.71422, -73.989718 40.71422, -73.989717 40.714219, -73.989715 40.714219, -73.989714 40.714218, -73.989713 40.714218, -73.989712 40.714217, -73.989711 40.714216, -73.98971 40.714216, -73.989708 40.714215, -73.989707 40.714214, -73.989706 40.714214, -73.989705 40.714213, -73.989704 40.714212, -73.989704 40.714211, -73.989703 40.71421, -73.989702 40.714209, -73.989701 40.714209, -73.9897 40.714208, -73.9897 40.714207, -73.989699 40.714206, -73.989698 40.714205, -73.989698 40.714204, -73.989697 40.714203, -73.989697 40.714202, -73.989697 40.714202, -73.989697 40.714201, -73.989696 40.714201, -73.989696 40.7142, -73.989696 40.714199, -73.989695 40.714198, -73.989695 40.714197, -73.989695 40.714195, -73.989695 40.714194, -73.989695 40.714193, -73.989695 40.714192, -73.989695 40.714191, -73.989695 40.71419, -73.989695 40.714189, -73.989695 40.714188, -73.989695 40.714187, -73.989695 40.714186, -73.989696 40.714185, -73.989696 40.714184, -73.989696 40.714183, -73.989697 40.714182, -73.989697 40.714182, -73.989697 40.714181, -73.989698 40.71418, -73.989699 40.714179, -73.989699 40.714178, -73.9897 40.714177, -73.989701 40.714176, -73.989701 40.714175, -73.989702 40.714174, -73.989703 40.714173, -73.989704 40.714172, -73.989705 40.714171, -73.989706 40.714171, -73.989707 40.71417, -73.989708 40.714169, -73.989709 40.714168, -73.98971 40.714168, -73.989711 40.714167, -73.989712 40.714166, -73.989713 40.714166, -73.989715 40.714165, -73.989716 40.714165, -73.989717 40.714164, -73.989718 40.714164, -73.989718 40.714164, -73.98972 40.714163, -73.989721 40.714163, -73.989722 40.714163, -73.989724 40.714162, -73.989725 40.714162, -73.989726 40.714162, -73.989728 40.714161, -73.989729 40.714161, -73.989731 40.714161, -73.989777 40.714157, -73.989783 40.714156, -73.989796 40.714155, -73.98986 40.714149, -73.989893 40.714146, -73.989924 40.714144, -73.989978 40.714139, -73.990004 40.714133, -73.990016 40.714124, -73.990041 40.714121, -73.990057 40.714119, -73.990058 40.714119, -73.990059 40.714119, -73.990061 40.714119, -73.990061 40.714119, -73.990062 40.714119, -73.990064 40.714119, -73.990065 40.71412, -73.990067 40.71412))"^^<http://www.opengis.net/ont/geosparql#wktLiteral> .
<https://w3id.org/rtskg/new_york_city/instance/block_19696> <https://w3id.org/rtskg/ontology/objectproperty/block_intersects_station_area> <https://w3id.org/rtskg/new_york_city/instance/station_area_307> .
<https://w3id.org/rtskg/new_york_city/instance/block_19696> <https://w3id.org/rtskg/ontology/objectproperty/block_intersects_station_area> <https://w3id.org/rtskg/new_york_city/instance/station_area_391> .
<https://w3id.org/rtskg/new_york_city/instance/block_19696> <https://w3id.org/rtskg/ontology/objectproperty/block_intersects_station_area> <https://w3id.org/rtskg/new_york_city/instance/station_area_392> .
<https://w3id.org/rtskg/new_york_city/instance/block_19696> <https://w3id.org/rtskg/ontology/objectproperty/block_intersects_station_area> <https://w3id.org/rtskg/new_york_city/instance/station_area_409> .
<https://w3id.org/rtskg/new_york_city/instance/block_19696> <https://w3id.org/rtskg/ontology/objectproperty/block_intersects_station_area> <https://w3id.org/rtskg/new_york_city/instance/station_area_410> .
<https://w3id.org/rtskg/new_york_city/instance/block_19696> <https://w3id.org/rtskg/ontology/objectproperty/block_intersects_station_area> <https://w3id.org/rtskg/new_york_city/instance/station_area_461> .
<https://w3id.org/rtskg/new_york_city/instance/block_19696> <https://w3id.org/rtskg/ontology/objectproperty/block_locates_at_borough> <https://w3id.org/rtskg/new_york_city/instance/borough_1> .
<https://w3id.org/rtskg/new_york_city/instance/block_19696> <https://w3id.org/rtskg/ontology/objectproperty/block_locates_at_functional_area> <https://w3id.org/rtskg/new_york_city/instance/functional_area_232> .
