<https://w3id.org/rtskg/new_york_city/instance/block_19142> <http://www.w3.org/1999/02/22-rdf-syntax-ns#type> <https://w3id.org/rtskg/ontology/class/block> .
<https://w3id.org/rtskg/new_york_city/instance/block_19142> <https://w3id.org/rtskg/ontology/dataproperty/geometry> "POLYGON ((-73.952409 40.699039, -73.95241 40.699041, -73.952412 40.699043, -73.952422 40.699057, -73.95243 40.69907, -73.952438 40.699084, -73.952446 40.699098, -73.952452 40.699112, -73.952458 40.699126, -73.952464 40.699141, -73.952468 40.699155, -73.952472 40.69917, -73.952475 40.699185, -73.952477 40.6992, -73.952508 40.699363, -73.952515 40.699402, -73.952515 40.699403, -73.952446 40.699411, -73.952379 40.699419, -73.952312 40.699427, -73.952246 40.699434, -73.952215 40.699438, -73.952179 40.699442, -73.952149 40.699445, -73.952112 40.69945, -73.952045 40.699457, -73.951978 40.699465, -73.951911 40.699473, -73.951844 40.69948, -73.951778 40.699488, -73.951711 40.699496, -73.951644 40.699503, -73.951577 40.699511, -73.95151 40.699519, -73.951443 40.699527, -73.951376 40.699534, -73.951311 40.699542, -73.951246 40.699549, -73.951181 40.699557, -73.951115 40.699564, -73.95105 40.699571, -73.950985 40.699579, -73.95092 40.699586, -73.950892 40.69959, -73.950885 40.699553, -73.950883 40.699538, -73.950873 40.699483, -73.950863 40.699429, -73.950853 40.699375, -73.95085 40.699359, -73.950848 40.699343, -73.950847 40.699326, -73.950846 40.69931, -73.950847 40.699294, -73.950848 40.699277, -73.950849 40.699261, -73.950851 40.699252, -73.950852 40.699245, -73.950853 40.699241, -73.950855 40.699229, -73.950858 40.699217, -73.950859 40.699213, -73.95086 40.699211, -73.950864 40.699197, -73.95087 40.699181, -73.950876 40.699166, -73.950883 40.69915, -73.950891 40.699137, -73.950901 40.699123, -73.950911 40.69911, -73.950921 40.699097, -73.950932 40.699085, -73.950944 40.699073, -73.950957 40.699061, -73.950959 40.699059, -73.95097 40.69905, -73.950983 40.699039, -73.950998 40.699028, -73.951012 40.699018, -73.951028 40.699008, -73.951043 40.698999, -73.95106 40.69899, -73.951076 40.698982, -73.951076 40.698982, -73.951082 40.698979, -73.951093 40.698974, -73.951111 40.698967, -73.951129 40.69896, -73.951147 40.698954, -73.951165 40.698948, -73.951184 40.698943, -73.951203 40.698938, -73.951222 40.698934, -73.951472 40.698901, -73.951591 40.698886, -73.951848 40.698858, -73.951868 40.698855, -73.951889 40.698852, -73.951909 40.69885, -73.951929 40.698849, -73.95195 40.698848, -73.951971 40.698848, -73.951991 40.698848, -73.952012 40.698849, -73.952032 40.698851, -73.952053 40.698853, -73.952073 40.698856, -73.952093 40.698859, -73.952095 40.698859, -73.952101 40.69886, -73.952113 40.698863, -73.952133 40.698867, -73.952149 40.698871, -73.952153 40.698872, -73.95217 40.698877, -73.952188 40.698883, -73.952205 40.69889, -73.952222 40.698896, -73.952239 40.698904, -73.952255 40.698911, -73.952271 40.69892, -73.952286 40.698929, -73.952301 40.698939, -73.952316 40.698949, -73.95233 40.698959, -73.952343 40.69897, -73.952356 40.698982, -73.952369 40.698993, -73.95238 40.699005, -73.952392 40.699018, -73.952402 40.699031, -73.952409 40.699039))"^^<http://www.opengis.net/ont/geosparql#wktLiteral> .
<https://w3id.org/rtskg/new_york_city/instance/block_19142> <https://w3id.org/rtskg/ontology/objectproperty/block_intersects_station_area> <https://w3id.org/rtskg/new_york_city/instance/station_area_323> .
<https://w3id.org/rtskg/new_york_city/instance/block_19142> <https://w3id.org/rtskg/ontology/objectproperty/block_intersects_station_area> <https://w3id.org/rtskg/new_york_city/instance/station_area_427> .
<https://w3id.org/rtskg/new_york_city/instance/block_19142> <https://w3id.org/rtskg/ontology/objectproperty/block_intersects_station_area> <https://w3id.org/rtskg/new_york_city/instance/station_area_428> .
<https://w3id.org/rtskg/new_york_city/instance/block_19142> <https://w3id.org/rtskg/ontology/objectproperty/block_intersects_station_area> <https://w3id.org/rtskg/new_york_city/instance/station_area_479> .
<https://w3id.org/rtskg/new_york_city/instance/block_19142> <https://w3id.org/rtskg/ontology/objectproperty/block_intersects_station_area> <https://w3id.org/rtskg/new_york_city/instance/station_area_549> .
<https://w3id.org/rtskg/new_york_city/instance/block_19142> <https://w3id.org/rtskg/ontology/objectproperty/block_intersects_station_area> <https://w3id.org/rtskg/new_york_city/instance/station_area_577> .
<https://w3id.org/rtskg/new_york_city/instance/block_19142> <https://w3id.org/rtskg/ontology/objectproperty/block_locates_at_borough> <https://w3id.org/rtskg/new_york_city/instance/borough_3> .
<https://w3id.org/rtskg/new_york_city/instance/block_19142> <https://w3id.org/rtskg/ontology/objectproperty/block_locates_at_functional_area> <https://w3id.org/rtskg/new_york_city/instance/functional_area_17> .
