<https://w3id.org/rtskg/new_york_city/instance/block_8712> <http://www.w3.org/1999/02/22-rdf-syntax-ns#type> <https://w3id.org/rtskg/ontology/class/block> .
<https://w3id.org/rtskg/new_york_city/instance/block_8712> <https://w3id.org/rtskg/ontology/dataproperty/geometry> "POLYGON ((-73.892093 40.663409, -73.892068 40.663413, -73.892025 40.66342, -73.891957 40.663431, -73.891889 40.663441, -73.891817 40.663449, -73.891815 40.663449, -73.891809 40.663449, -73.891804 40.663449, -73.891799 40.663448, -73.891798 40.663447, -73.891795 40.663446, -73.891791 40.663444, -73.891787 40.663441, -73.891785 40.663439, -73.891784 40.663438, -73.891782 40.663435, -73.89178 40.663432, -73.891778 40.663426, -73.891759 40.663353, -73.891743 40.663292, -73.891736 40.663265, -73.891725 40.663224, -73.891705 40.663151, -73.891698 40.663124, -73.89169 40.663096, -73.89167 40.663013, -73.891663 40.662986, -73.891647 40.662921, -73.89162 40.662818, -73.891584 40.662681, -73.891562 40.662595, -73.891563 40.66259, -73.891563 40.662589, -73.891564 40.662584, -73.891567 40.662579, -73.89157 40.662575, -73.891571 40.662574, -73.891574 40.66257, -73.891578 40.662566, -73.891583 40.662562, -73.891721 40.662503, -73.891952 40.662399, -73.891962 40.662394, -73.892024 40.662367, -73.892085 40.662341, -73.892147 40.662314, -73.892208 40.662287, -73.892213 40.662285, -73.892259 40.662265, -73.892266 40.662262, -73.892267 40.662261, -73.892269 40.662261, -73.89227 40.66226, -73.892271 40.66226, -73.892273 40.66226, -73.892274 40.662259, -73.892275 40.662259, -73.892276 40.662259, -73.892277 40.662259, -73.892277 40.662259, -73.892278 40.662258, -73.892279 40.662258, -73.892281 40.662258, -73.892282 40.662258, -73.892284 40.662258, -73.892285 40.662258, -73.892286 40.662258, -73.892288 40.662258, -73.892289 40.662258, -73.892291 40.662258, -73.892292 40.662258, -73.892293 40.662258, -73.892295 40.662258, -73.892296 40.662259, -73.892298 40.662259, -73.892299 40.662259, -73.8923 40.66226, -73.892302 40.66226, -73.892302 40.66226, -73.892303 40.66226, -73.892304 40.662261, -73.892305 40.662261, -73.892307 40.662262, -73.892308 40.662262, -73.892309 40.662263, -73.89231 40.662264, -73.892311 40.662264, -73.892312 40.662265, -73.892314 40.662266, -73.892315 40.662266, -73.892316 40.662267, -73.892317 40.662268, -73.892317 40.662269, -73.892318 40.66227, -73.892319 40.66227, -73.892319 40.66227, -73.89232 40.662271, -73.892321 40.662272, -73.892322 40.662273, -73.892322 40.662274, -73.892323 40.662275, -73.892324 40.662276, -73.892324 40.662277, -73.892325 40.662278, -73.892325 40.662279, -73.892326 40.66228, -73.892326 40.662281, -73.892326 40.662282, -73.892327 40.662283, -73.892339 40.662331, -73.892351 40.662377, -73.892363 40.662424, -73.892374 40.66247, -73.892386 40.662516, -73.892398 40.662563, -73.89241 40.662609, -73.892424 40.662663, -73.892438 40.662716, -73.892441 40.66273, -73.892448 40.662758, -73.892451 40.66277, -73.892458 40.662794, -73.892465 40.662824, -73.892476 40.662866, -73.892479 40.662878, -73.892483 40.662893, -73.892493 40.662931, -73.892506 40.662985, -73.89252 40.663039, -73.892534 40.663092, -73.892546 40.66314, -73.892548 40.663146, -73.892552 40.663162, -73.892562 40.6632, -73.892575 40.663253, -73.892582 40.663279, -73.892588 40.663301, -73.892589 40.663307, -73.892589 40.663308, -73.892589 40.663309, -73.892589 40.66331, -73.892589 40.663311, -73.892589 40.663313, -73.892588 40.663314, -73.892588 40.663315, -73.892587 40.663316, -73.892587 40.663316, -73.892587 40.663317, -73.892587 40.663318, -73.892586 40.663319, -73.892585 40.66332, -73.892585 40.663321, -73.892584 40.663322, -73.892583 40.663323, -73.892583 40.663324, -73.892582 40.663325, -73.892581 40.663326, -73.89258 40.663326, -73.892579 40.663327, -73.892578 40.663328, -73.892577 40.663329, -73.892576 40.66333, -73.892575 40.66333, -73.892574 40.663331, -73.892573 40.663332, -73.892572 40.663333, -73.892571 40.663333, -73.89257 40.663334, -73.892549 40.663337, -73.892534 40.663339, -73.892502 40.663345, -73.892434 40.663355, -73.892366 40.663366, -73.892298 40.663377, -73.892235 40.663387, -73.89223 40.663388, -73.892229 40.663388, -73.892193 40.663393, -73.892161 40.663398, -73.892139 40.663402, -73.892093 40.663409))"^^<http://www.opengis.net/ont/geosparql#wktLiteral> .
<https://w3id.org/rtskg/new_york_city/instance/block_8712> <https://w3id.org/rtskg/ontology/objectproperty/block_intersects_station_area> <https://w3id.org/rtskg/new_york_city/instance/station_area_545> .
<https://w3id.org/rtskg/new_york_city/instance/block_8712> <https://w3id.org/rtskg/ontology/objectproperty/block_intersects_station_area> <https://w3id.org/rtskg/new_york_city/instance/station_area_593> .
<https://w3id.org/rtskg/new_york_city/instance/block_8712> <https://w3id.org/rtskg/ontology/objectproperty/block_intersects_station_area> <https://w3id.org/rtskg/new_york_city/instance/station_area_627> .
<https://w3id.org/rtskg/new_york_city/instance/block_8712> <https://w3id.org/rtskg/ontology/objectproperty/block_intersects_station_area> <https://w3id.org/rtskg/new_york_city/instance/station_area_628> .
<https://w3id.org/rtskg/new_york_city/instance/block_8712> <https://w3id.org/rtskg/ontology/objectproperty/block_intersects_station_area> <https://w3id.org/rtskg/new_york_city/instance/station_area_707> .
<https://w3id.org/rtskg/new_york_city/instance/block_8712> <https://w3id.org/rtskg/ontology/objectproperty/block_intersects_station_area> <https://w3id.org/rtskg/new_york_city/instance/station_area_708> .
<https://w3id.org/rtskg/new_york_city/instance/block_8712> <https://w3id.org/rtskg/ontology/objectproperty/block_locates_at_borough> <https://w3id.org/rtskg/new_york_city/instance/borough_3> .
<https://w3id.org/rtskg/new_york_city/instance/block_8712> <https://w3id.org/rtskg/ontology/objectproperty/block_locates_at_functional_area> <https://w3id.org/rtskg/new_york_city/instance/functional_area_77> .
