<https://w3id.org/rtskg/new_york_city/instance/block_18138> <http://www.w3.org/1999/02/22-rdf-syntax-ns#type> <https://w3id.org/rtskg/ontology/class/block> .
<https://w3id.org/rtskg/new_york_city/instance/block_18138> <https://w3id.org/rtskg/ontology/dataproperty/geometry> "POLYGON ((-74.00609 40.735772, -74.006089 40.735771, -74.006087 40.73577, -74.006086 40.73577, -74.006086 40.735769, -74.006084 40.735768, -74.006083 40.735767, -74.006082 40.735766, -74.006081 40.735766, -74.006081 40.735765, -74.006079 40.735764, -74.006078 40.735763, -74.006077 40.735762, -74.006076 40.735761, -74.006075 40.73576, -74.006075 40.73576, -74.006074 40.735759, -74.006073 40.735758, -74.006072 40.735757, -74.006071 40.735755, -74.006071 40.735754, -74.00607 40.735753, -74.006069 40.735752, -74.006069 40.73575, -74.006068 40.735749, -74.006068 40.735748, -74.006067 40.735746, -74.006067 40.735745, -74.006067 40.735744, -74.006066 40.735742, -74.006066 40.735741, -74.006074 40.735689, -74.006083 40.735637, -74.006091 40.735584, -74.006099 40.735532, -74.006107 40.73548, -74.006116 40.735428, -74.006122 40.735387, -74.006124 40.735375, -74.006131 40.735328, -74.006137 40.735281, -74.006144 40.735234, -74.006151 40.735187, -74.006151 40.735185, -74.006152 40.735184, -74.006152 40.735182, -74.006153 40.735181, -74.006153 40.735179, -74.006154 40.735178, -74.006155 40.735176, -74.006155 40.735175, -74.006156 40.735173, -74.006157 40.735172, -74.006158 40.735171, -74.006159 40.735169, -74.00616 40.735168, -74.006161 40.735167, -74.006162 40.735166, -74.006163 40.735166, -74.006164 40.735164, -74.006165 40.735163, -74.006167 40.735162, -74.006168 40.735161, -74.006169 40.73516, -74.006171 40.735159, -74.006173 40.735158, -74.006174 40.735157, -74.006176 40.735156, -74.006176 40.735156, -74.006177 40.735155, -74.006179 40.735154, -74.006181 40.735153, -74.006183 40.735153, -74.006185 40.735152, -74.006186 40.735151, -74.006188 40.735151, -74.006242 40.735144, -74.006295 40.735137, -74.006315 40.735134, -74.006363 40.735127, -74.00643 40.735117, -74.006498 40.735107, -74.006521 40.735104, -74.006565 40.735097, -74.006633 40.735088, -74.006701 40.735078, -74.006768 40.735068, -74.006836 40.735058, -74.00684 40.735058, -74.006849 40.735058, -74.006851 40.735059, -74.006852 40.735059, -74.006854 40.735059, -74.006854 40.735059, -74.006855 40.73506, -74.006856 40.73506, -74.006858 40.735061, -74.006859 40.735061, -74.006861 40.735062, -74.006862 40.735062, -74.006863 40.735063, -74.006864 40.735063, -74.006866 40.735064, -74.006867 40.735065, -74.006868 40.735065, -74.006868 40.735065, -74.006869 40.735066, -74.00687 40.735067, -74.006872 40.735068, -74.006873 40.735069, -74.006874 40.735069, -74.006874 40.73507, -74.006875 40.73507, -74.006875 40.735071, -74.006876 40.735072, -74.006877 40.735073, -74.006878 40.735073, -74.006878 40.735074, -74.006879 40.735075, -74.006879 40.735076, -74.00688 40.735077, -74.006881 40.735078, -74.006881 40.735079, -74.006882 40.73508, -74.006882 40.735081, -74.006883 40.735082, -74.006883 40.735084, -74.006884 40.735085, -74.006884 40.735086, -74.006884 40.735086, -74.006884 40.735087, -74.006884 40.735088, -74.006884 40.735089, -74.006874 40.73513, -74.006873 40.735137, -74.006861 40.735183, -74.006849 40.735237, -74.006836 40.73529, -74.006823 40.735343, -74.00681 40.735396, -74.006797 40.735449, -74.006784 40.735503, -74.006771 40.735556, -74.006758 40.735609, -74.006749 40.735648, -74.006745 40.735662, -74.006744 40.735664, -74.006733 40.735676, -74.006726 40.735683, -74.006725 40.735684, -74.006691 40.735693, -74.006689 40.735693, -74.00667 40.735696, -74.006668 40.735696, -74.006623 40.735702, -74.006556 40.735712, -74.006488 40.735722, -74.00642 40.735732, -74.006376 40.735738, -74.006353 40.735741, -74.006315 40.735747, -74.006285 40.735751, -74.006218 40.735761, -74.00615 40.735771, -74.006128 40.735774, -74.006109 40.735777, -74.006107 40.735777, -74.006105 40.735776, -74.006103 40.735776, -74.006102 40.735776, -74.0061 40.735775, -74.006098 40.735775, -74.006097 40.735774, -74.006095 40.735774, -74.006093 40.735773, -74.006092 40.735772, -74.00609 40.735772))"^^<http://www.opengis.net/ont/geosparql#wktLiteral> .
<https://w3id.org/rtskg/new_york_city/instance/block_18138> <https://w3id.org/rtskg/ontology/objectproperty/block_intersects_station_area> <https://w3id.org/rtskg/new_york_city/instance/station_area_29> .
<https://w3id.org/rtskg/new_york_city/instance/block_18138> <https://w3id.org/rtskg/ontology/objectproperty/block_intersects_station_area> <https://w3id.org/rtskg/new_york_city/instance/station_area_31> .
<https://w3id.org/rtskg/new_york_city/instance/block_18138> <https://w3id.org/rtskg/ontology/objectproperty/block_intersects_station_area> <https://w3id.org/rtskg/new_york_city/instance/station_area_359> .
<https://w3id.org/rtskg/new_york_city/instance/block_18138> <https://w3id.org/rtskg/ontology/objectproperty/block_intersects_station_area> <https://w3id.org/rtskg/new_york_city/instance/station_area_360> .
<https://w3id.org/rtskg/new_york_city/instance/block_18138> <https://w3id.org/rtskg/ontology/objectproperty/block_intersects_station_area> <https://w3id.org/rtskg/new_york_city/instance/station_area_483> .
<https://w3id.org/rtskg/new_york_city/instance/block_18138> <https://w3id.org/rtskg/ontology/objectproperty/block_intersects_station_area> <https://w3id.org/rtskg/new_york_city/instance/station_area_711> .
<https://w3id.org/rtskg/new_york_city/instance/block_18138> <https://w3id.org/rtskg/ontology/objectproperty/block_locates_at_borough> <https://w3id.org/rtskg/new_york_city/instance/borough_1> .
<https://w3id.org/rtskg/new_york_city/instance/block_18138> <https://w3id.org/rtskg/ontology/objectproperty/block_locates_at_functional_area> <https://w3id.org/rtskg/new_york_city/instance/functional_area_158> .
