<https://w3id.org/rtskg/new_york_city/instance/block_18046> <http://www.w3.org/1999/02/22-rdf-syntax-ns#type> <https://w3id.org/rtskg/ontology/class/block> .
<https://w3id.org/rtskg/new_york_city/instance/block_18046> <https://w3id.org/rtskg/ontology/dataproperty/geometry> "POLYGON ((-74.009563 40.722826, -74.009564 40.722826, -74.009564 40.722826, -74.009565 40.722827, -74.009566 40.722827, -74.009567 40.722827, -74.009567 40.722827, -74.009568 40.722828, -74.009569 40.722828, -74.00957 40.722828, -74.00957 40.722829, -74.009571 40.722829, -74.009572 40.722829, -74.009573 40.72283, -74.009573 40.72283, -74.009574 40.722831, -74.009575 40.722831, -74.009575 40.722832, -74.009576 40.722832, -74.009577 40.722833, -74.009577 40.722833, -74.009578 40.722834, -74.009578 40.722835, -74.009579 40.722835, -74.009579 40.722836, -74.00958 40.722836, -74.00958 40.722837, -74.009581 40.722838, -74.009581 40.722838, -74.009581 40.722839, -74.009582 40.72284, -74.009582 40.72284, -74.009582 40.722841, -74.009582 40.722842, -74.009583 40.722842, -74.009583 40.722842, -74.009583 40.722843, -74.009583 40.722844, -74.009583 40.722845, -74.009583 40.722845, -74.009583 40.722846, -74.009583 40.722847, -74.009583 40.722847, -74.009583 40.722848, -74.009583 40.722849, -74.009582 40.722856, -74.009579 40.722868, -74.009576 40.722888, -74.009569 40.722928, -74.009559 40.72298, -74.00955 40.723032, -74.00954 40.723084, -74.009531 40.723135, -74.009521 40.723187, -74.009512 40.723239, -74.009502 40.723291, -74.009495 40.723326, -74.009495 40.723327, -74.009488 40.723357, -74.009487 40.723362, -74.009487 40.723363, -74.009487 40.723364, -74.009487 40.723364, -74.009487 40.723364, -74.009487 40.723365, -74.009486 40.723365, -74.009486 40.723366, -74.009486 40.723367, -74.009485 40.723367, -74.009485 40.723368, -74.009485 40.723368, -74.009484 40.723369, -74.009484 40.723369, -74.009484 40.72337, -74.009483 40.72337, -74.009483 40.723371, -74.009482 40.723371, -74.009482 40.723372, -74.009481 40.723372, -74.009481 40.723373, -74.00948 40.723373, -74.009479 40.723373, -74.009479 40.723374, -74.009478 40.723374, -74.009477 40.723375, -74.009477 40.723375, -74.009476 40.723375, -74.009475 40.723376, -74.009474 40.723376, -74.009474 40.723376, -74.009473 40.723377, -74.009472 40.723377, -74.009471 40.723377, -74.009471 40.723377, -74.00947 40.723378, -74.009469 40.723378, -74.009468 40.723378, -74.009467 40.723378, -74.009466 40.723378, -74.009466 40.723378, -74.009466 40.723378, -74.009465 40.723378, -74.009464 40.723378, -74.009463 40.723378, -74.009462 40.723378, -74.009461 40.723378, -74.00946 40.723378, -74.00946 40.723378, -74.009445 40.723377, -74.009429 40.723375, -74.00939 40.723371, -74.009385 40.723371, -74.00932 40.723364, -74.00925 40.723358, -74.009179 40.723351, -74.009109 40.723344, -74.009039 40.723337, -74.008969 40.72333, -74.008899 40.723323, -74.008829 40.723316, -74.008759 40.723309, -74.008712 40.723305, -74.008705 40.723304, -74.008703 40.723298, -74.008701 40.723292, -74.0087 40.723286, -74.008699 40.723279, -74.008699 40.723273, -74.008698 40.723267, -74.008723 40.723045, -74.008733 40.722982, -74.008749 40.722919, -74.008785 40.722783, -74.008786 40.722778, -74.008788 40.722773, -74.008791 40.722768, -74.008794 40.722764, -74.008799 40.72276, -74.008804 40.722756, -74.008809 40.722753, -74.008813 40.722753, -74.008817 40.722754, -74.008884 40.72276, -74.008951 40.722767, -74.009019 40.722773, -74.009086 40.72278, -74.009153 40.722786, -74.009155 40.722787, -74.009221 40.722793, -74.009288 40.722799, -74.009355 40.722806, -74.009422 40.722812, -74.00949 40.722819, -74.009494 40.722819, -74.009549 40.722825, -74.009559 40.722825, -74.00956 40.722826, -74.009561 40.722826, -74.009562 40.722826, -74.009563 40.722826))"^^<http://www.opengis.net/ont/geosparql#wktLiteral> .
<https://w3id.org/rtskg/new_york_city/instance/block_18046> <https://w3id.org/rtskg/ontology/objectproperty/block_intersects_station_area> <https://w3id.org/rtskg/new_york_city/instance/station_area_339> .
<https://w3id.org/rtskg/new_york_city/instance/block_18046> <https://w3id.org/rtskg/ontology/objectproperty/block_intersects_station_area> <https://w3id.org/rtskg/new_york_city/instance/station_area_340> .
<https://w3id.org/rtskg/new_york_city/instance/block_18046> <https://w3id.org/rtskg/ontology/objectproperty/block_intersects_station_area> <https://w3id.org/rtskg/new_york_city/instance/station_area_353> .
<https://w3id.org/rtskg/new_york_city/instance/block_18046> <https://w3id.org/rtskg/ontology/objectproperty/block_intersects_station_area> <https://w3id.org/rtskg/new_york_city/instance/station_area_443> .
<https://w3id.org/rtskg/new_york_city/instance/block_18046> <https://w3id.org/rtskg/ontology/objectproperty/block_intersects_station_area> <https://w3id.org/rtskg/new_york_city/instance/station_area_444> .
<https://w3id.org/rtskg/new_york_city/instance/block_18046> <https://w3id.org/rtskg/ontology/objectproperty/block_intersects_station_area> <https://w3id.org/rtskg/new_york_city/instance/station_area_483> .
<https://w3id.org/rtskg/new_york_city/instance/block_18046> <https://w3id.org/rtskg/ontology/objectproperty/block_intersects_station_area> <https://w3id.org/rtskg/new_york_city/instance/station_area_671> .
<https://w3id.org/rtskg/new_york_city/instance/block_18046> <https://w3id.org/rtskg/ontology/objectproperty/block_locates_at_borough> <https://w3id.org/rtskg/new_york_city/instance/borough_1> .
<https://w3id.org/rtskg/new_york_city/instance/block_18046> <https://w3id.org/rtskg/ontology/objectproperty/block_locates_at_functional_area> <https://w3id.org/rtskg/new_york_city/instance/functional_area_231> .
