<https://w3id.org/rtskg/new_york_city/instance/block_21243> <http://www.w3.org/1999/02/22-rdf-syntax-ns#type> <https://w3id.org/rtskg/ontology/class/block> .
<https://w3id.org/rtskg/new_york_city/instance/block_21243> <https://w3id.org/rtskg/ontology/dataproperty/geometry> "POLYGON ((-73.999294 40.752215, -73.999295 40.752216, -73.999296 40.752218, -73.999297 40.752219, -73.999298 40.75222, -73.999298 40.75222, -73.999299 40.752221, -73.999301 40.752223, -73.999301 40.752224, -73.999302 40.752225, -73.999303 40.752227, -73.999304 40.752228, -73.999305 40.752229, -73.999305 40.752231, -73.999306 40.752232, -73.999306 40.752234, -73.999307 40.752235, -73.999307 40.752235, -73.999307 40.752236, -73.999307 40.752238, -73.999308 40.752239, -73.999308 40.752241, -73.999308 40.752242, -73.999308 40.752244, -73.999308 40.752245, -73.999308 40.752247, -73.999308 40.752248, -73.999308 40.75225, -73.999307 40.752251, -73.999307 40.752251, -73.999307 40.752252, -73.999307 40.752253, -73.999306 40.752254, -73.999306 40.752256, -73.999305 40.752257, -73.999305 40.752258, -73.999304 40.75226, -73.999304 40.75226, -73.999303 40.752261, -73.999302 40.752263, -73.999302 40.752264, -73.999301 40.752265, -73.9993 40.752267, -73.999299 40.752268, -73.999121 40.752512, -73.999072 40.752582, -73.999018 40.752658, -73.998899 40.752821, -73.998866 40.752866, -73.998853 40.752885, -73.998782 40.752983, -73.998709 40.753086, -73.998697 40.7531, -73.99851 40.753346, -73.99851 40.753346, -73.99851 40.753346, -73.99851 40.753346, -73.99851 40.753346, -73.99851 40.753347, -73.99851 40.753347, -73.998509 40.753347, -73.998509 40.753347, -73.998509 40.753347, -73.998509 40.753348, -73.998509 40.753348, -73.998509 40.753348, -73.998506 40.753353, -73.998505 40.753354, -73.998494 40.753372, -73.998493 40.753373, -73.998487 40.753384, -73.998476 40.753379, -73.998454 40.75337, -73.998237 40.753279, -73.99756 40.752993, -73.99751 40.752973, -73.997286 40.75288, -73.997123 40.752811, -73.997063 40.752786, -73.997028 40.752787, -73.99702 40.752787, -73.997018 40.752787, -73.997016 40.752786, -73.997015 40.752786, -73.997013 40.752785, -73.997011 40.752784, -73.997004 40.752781, -73.996947 40.752754, -73.996942 40.752748, -73.99694 40.752747, -73.996938 40.752745, -73.996937 40.752743, -73.996936 40.752742, -73.996935 40.75274, -73.996934 40.752739, -73.996934 40.752738, -73.996934 40.752738, -73.996934 40.752737, -73.996933 40.752736, -73.996933 40.752734, -73.996933 40.752731, -73.996933 40.752728, -73.996933 40.752726, -73.996933 40.752722, -73.996934 40.752719, -73.996934 40.752718, -73.996934 40.752717, -73.996935 40.752716, -73.996935 40.752715, -73.996936 40.752713, -73.996937 40.752711, -73.996938 40.75271, -73.99694 40.752707, -73.996941 40.752705, -73.996942 40.752704, -73.99695 40.752694, -73.996953 40.75269, -73.996958 40.752683, -73.996991 40.752639, -73.996995 40.752634, -73.997007 40.752618, -73.997047 40.752564, -73.997129 40.752452, -73.997244 40.752295, -73.997263 40.75227, -73.997286 40.752238, -73.997352 40.752146, -73.997463 40.751992, -73.997574 40.751838, -73.997685 40.751684, -73.997743 40.751603, -73.997745 40.751599, -73.997749 40.751596, -73.997752 40.751592, -73.997757 40.751589, -73.997762 40.751586, -73.997763 40.751586, -73.997764 40.751585, -73.997767 40.751584, -73.997773 40.751583, -73.997779 40.751582, -73.997781 40.751582, -73.997785 40.751582, -73.997791 40.751582, -73.997796 40.751583, -73.997802 40.751585, -73.997807 40.751587, -73.997872 40.751615, -73.998103 40.751712, -73.998335 40.75181, -73.998449 40.751858, -73.99845 40.751858, -73.998464 40.751864, -73.998502 40.751879, -73.998565 40.751906, -73.99858 40.751913, -73.998586 40.751915, -73.998596 40.751919, -73.998612 40.751926, -73.998628 40.751933, -73.998691 40.75196, -73.998754 40.751986, -73.998817 40.752013, -73.998879 40.75204, -73.998942 40.752066, -73.999005 40.752093, -73.999068 40.75212, -73.999131 40.752146, -73.99914 40.75215, -73.999149 40.752154, -73.999192 40.752171, -73.99923 40.752186, -73.999278 40.752206, -73.99928 40.752207, -73.999282 40.752208, -73.999283 40.752208, -73.999285 40.752209, -73.999285 40.75221, -73.999286 40.75221, -73.999288 40.752211, -73.999289 40.752212, -73.999291 40.752213, -73.999292 40.752214, -73.999294 40.752215))"^^<http://www.opengis.net/ont/geosparql#wktLiteral> .
<https://w3id.org/rtskg/new_york_city/instance/block_21243> <https://w3id.org/rtskg/ontology/objectproperty/block_intersects_station_area> <https://w3id.org/rtskg/new_york_city/instance/station_area_105> .
<https://w3id.org/rtskg/new_york_city/instance/block_21243> <https://w3id.org/rtskg/ontology/objectproperty/block_intersects_station_area> <https://w3id.org/rtskg/new_york_city/instance/station_area_119> .
<https://w3id.org/rtskg/new_york_city/instance/block_21243> <https://w3id.org/rtskg/ontology/objectproperty/block_intersects_station_area> <https://w3id.org/rtskg/new_york_city/instance/station_area_123> .
<https://w3id.org/rtskg/new_york_city/instance/block_21243> <https://w3id.org/rtskg/ontology/objectproperty/block_intersects_station_area> <https://w3id.org/rtskg/new_york_city/instance/station_area_124> .
<https://w3id.org/rtskg/new_york_city/instance/block_21243> <https://w3id.org/rtskg/ontology/objectproperty/block_intersects_station_area> <https://w3id.org/rtskg/new_york_city/instance/station_area_125> .
<https://w3id.org/rtskg/new_york_city/instance/block_21243> <https://w3id.org/rtskg/ontology/objectproperty/block_intersects_station_area> <https://w3id.org/rtskg/new_york_city/instance/station_area_126> .
<https://w3id.org/rtskg/new_york_city/instance/block_21243> <https://w3id.org/rtskg/ontology/objectproperty/block_intersects_station_area> <https://w3id.org/rtskg/new_york_city/instance/station_area_693> .
<https://w3id.org/rtskg/new_york_city/instance/block_21243> <https://w3id.org/rtskg/ontology/objectproperty/block_intersects_station_area> <https://w3id.org/rtskg/new_york_city/instance/station_area_93> .
<https://w3id.org/rtskg/new_york_city/instance/block_21243> <https://w3id.org/rtskg/ontology/objectproperty/block_locates_at_borough> <https://w3id.org/rtskg/new_york_city/instance/borough_1> .
<https://w3id.org/rtskg/new_york_city/instance/block_21243> <https://w3id.org/rtskg/ontology/objectproperty/block_locates_at_functional_area> <https://w3id.org/rtskg/new_york_city/instance/functional_area_68> .
