<https://w3id.org/rtskg/new_york_city/instance/block_8881> <http://www.w3.org/1999/02/22-rdf-syntax-ns#type> <https://w3id.org/rtskg/ontology/class/block> .
<https://w3id.org/rtskg/new_york_city/instance/block_8881> <https://w3id.org/rtskg/ontology/dataproperty/geometry> "POLYGON ((-73.899362 40.657333, -73.899368 40.657332, -73.899376 40.657331, -73.899498 40.657313, -73.899602 40.657298, -73.899718 40.657281, -73.899842 40.657263, -73.899842 40.657263, -73.899902 40.657254, -73.899903 40.657254, -73.900031 40.657235, -73.900067 40.65723, -73.900189 40.657212, -73.900215 40.657209, -73.900241 40.657205, -73.900266 40.6572, -73.900291 40.657195, -73.900316 40.657189, -73.900341 40.657182, -73.900365 40.657175, -73.900389 40.657167, -73.900413 40.657159, -73.900436 40.65715, -73.900459 40.657141, -73.900482 40.65713, -73.900504 40.65712, -73.900525 40.657108, -73.900546 40.657097, -73.900567 40.657084, -73.900586 40.657071, -73.900606 40.657058, -73.900625 40.657044, -73.900643 40.65703, -73.900658 40.657017, -73.90066 40.657015, -73.900665 40.65701, -73.900677 40.657, -73.900681 40.656996, -73.900682 40.656994, -73.900729 40.656945, -73.901046 40.65662, -73.901077 40.656589, -73.901116 40.656554, -73.901156 40.656519, -73.901198 40.656485, -73.901241 40.656453, -73.901285 40.656421, -73.901331 40.656391, -73.901807 40.656089, -73.90234 40.65575, -73.902359 40.655738, -73.902369 40.655731, -73.902772 40.655476, -73.902784 40.655469, -73.902809 40.655454, -73.902847 40.655433, -73.902887 40.655413, -73.902927 40.655394, -73.902958 40.655379, -73.902992 40.655365, -73.902992 40.655365, -73.903057 40.655337, -73.903057 40.655337, -73.903066 40.655333, -73.90308 40.655329, -73.903082 40.655328, -73.903088 40.655327, -73.903094 40.655328, -73.903098 40.65533, -73.903102 40.655334, -73.903104 40.655338, -73.903103 40.655343, -73.9031 40.655347, -73.903093 40.655351, -73.903091 40.655352, -73.903089 40.655353, -73.903067 40.655361, -73.903063 40.655363, -73.903023 40.655379, -73.902981 40.655396, -73.902938 40.655416, -73.902895 40.655438, -73.902853 40.65546, -73.902813 40.655484, -73.902804 40.655489, -73.902773 40.655508, -73.90238 40.655757, -73.902363 40.655768, -73.902314 40.655799, -73.901829 40.656107, -73.901298 40.656444, -73.901274 40.65646, -73.901251 40.656476, -73.901229 40.656493, -73.901207 40.65651, -73.901186 40.656528, -73.901165 40.656547, -73.901146 40.656566, -73.901092 40.656621, -73.900755 40.656964, -73.900708 40.65701, -73.900708 40.65701, -73.900704 40.657014, -73.900691 40.657026, -73.900686 40.65703, -73.900681 40.657035, -73.900668 40.657046, -73.900649 40.657062, -73.900629 40.657077, -73.900609 40.657091, -73.900606 40.657093, -73.900588 40.657105, -73.900566 40.657118, -73.900544 40.657131, -73.900521 40.657143, -73.900497 40.657155, -73.900474 40.657166, -73.900449 40.657176, -73.900424 40.657186, -73.900399 40.657195, -73.900374 40.657203, -73.900348 40.657211, -73.900321 40.657218, -73.900295 40.657225, -73.900268 40.65723, -73.900053 40.657263, -73.900016 40.657268, -73.899892 40.657287, -73.899892 40.657287, -73.899877 40.657289, -73.899829 40.657296, -73.899828 40.657296, -73.89971 40.657314, -73.899606 40.65733, -73.899504 40.657337, -73.899384 40.657356, -73.899298 40.657367, -73.899295 40.657367, -73.89927 40.65737, -73.899268 40.657371, -73.899264 40.65737, -73.899258 40.657369, -73.899254 40.657368, -73.899251 40.657365, -73.899248 40.657362, -73.899248 40.657356, -73.89925 40.657353, -73.899254 40.657349, -73.899268 40.657347, -73.899292 40.657343, -73.899293 40.657343, -73.899362 40.657333))"^^<http://www.opengis.net/ont/geosparql#wktLiteral> .
<https://w3id.org/rtskg/new_york_city/instance/block_8881> <https://w3id.org/rtskg/ontology/objectproperty/block_intersects_station_area> <https://w3id.org/rtskg/new_york_city/instance/station_area_407> .
<https://w3id.org/rtskg/new_york_city/instance/block_8881> <https://w3id.org/rtskg/ontology/objectproperty/block_intersects_station_area> <https://w3id.org/rtskg/new_york_city/instance/station_area_519> .
<https://w3id.org/rtskg/new_york_city/instance/block_8881> <https://w3id.org/rtskg/ontology/objectproperty/block_intersects_station_area> <https://w3id.org/rtskg/new_york_city/instance/station_area_545> .
<https://w3id.org/rtskg/new_york_city/instance/block_8881> <https://w3id.org/rtskg/ontology/objectproperty/block_intersects_station_area> <https://w3id.org/rtskg/new_york_city/instance/station_area_593> .
<https://w3id.org/rtskg/new_york_city/instance/block_8881> <https://w3id.org/rtskg/ontology/objectproperty/block_intersects_station_area> <https://w3id.org/rtskg/new_york_city/instance/station_area_594> .
<https://w3id.org/rtskg/new_york_city/instance/block_8881> <https://w3id.org/rtskg/ontology/objectproperty/block_locates_at_borough> <https://w3id.org/rtskg/new_york_city/instance/borough_3> .
<https://w3id.org/rtskg/new_york_city/instance/block_8881> <https://w3id.org/rtskg/ontology/objectproperty/block_locates_at_functional_area> <https://w3id.org/rtskg/new_york_city/instance/functional_area_35> .
<https://w3id.org/rtskg/new_york_city/instance/block_8881> <https://w3id.org/rtskg/ontology/objectproperty/block_locates_at_functional_area> <https://w3id.org/rtskg/new_york_city/instance/functional_area_76> .
