<https://w3id.org/rtskg/new_york_city/instance/block_19820> <http://www.w3.org/1999/02/22-rdf-syntax-ns#type> <https://w3id.org/rtskg/ontology/class/block> .
<https://w3id.org/rtskg/new_york_city/instance/block_19820> <https://w3id.org/rtskg/ontology/dataproperty/geometry> "POLYGON ((-73.957807 40.708467, -73.957807 40.708467, -73.957807 40.708468, -73.957808 40.708468, -73.957808 40.708469, -73.957808 40.70847, -73.957808 40.70847, -73.957808 40.708471, -73.957809 40.708471, -73.957809 40.708472, -73.957809 40.708472, -73.957809 40.708473, -73.957809 40.708473, -73.957809 40.708474, -73.957809 40.708474, -73.957809 40.708475, -73.957809 40.708476, -73.957809 40.708476, -73.957809 40.708477, -73.957809 40.708478, -73.957808 40.708478, -73.957808 40.708479, -73.957808 40.70848, -73.957808 40.70848, -73.957807 40.708481, -73.957807 40.708482, -73.957807 40.708482, -73.957806 40.708483, -73.957806 40.708483, -73.957806 40.708484, -73.957805 40.708486, -73.957798 40.708496, -73.957797 40.708497, -73.957797 40.708498, -73.957775 40.708532, -73.957748 40.708575, -73.957746 40.708579, -73.95774 40.708588, -73.957724 40.708614, -73.957702 40.708648, -73.95768 40.708683, -73.957652 40.708728, -73.957631 40.708761, -73.957623 40.708773, -73.957595 40.708817, -73.957582 40.708838, -73.957576 40.708849, -73.957573 40.708852, -73.957567 40.708862, -73.957539 40.708907, -73.957511 40.708952, -73.957508 40.708956, -73.957508 40.708957, -73.957498 40.708972, -73.957485 40.708993, -73.957484 40.708995, -73.957483 40.708996, -73.957482 40.708997, -73.957482 40.708998, -73.957481 40.708999, -73.95748 40.709, -73.957479 40.709, -73.957479 40.709001, -73.957478 40.709002, -73.957477 40.709003, -73.957476 40.709003, -73.957475 40.709004, -73.957474 40.709004, -73.957474 40.709005, -73.957473 40.709005, -73.957472 40.709006, -73.957471 40.709007, -73.95747 40.709007, -73.957469 40.709008, -73.957468 40.709008, -73.957466 40.709009, -73.957465 40.709009, -73.957464 40.709009, -73.957463 40.70901, -73.957461 40.70901, -73.95746 40.709011, -73.957459 40.709011, -73.957458 40.709011, -73.957456 40.709011, -73.957455 40.709011, -73.957454 40.709012, -73.957454 40.709012, -73.957452 40.709012, -73.957451 40.709012, -73.95745 40.709012, -73.957449 40.709012, -73.957447 40.709012, -73.957446 40.709012, -73.957445 40.709012, -73.957443 40.709012, -73.957442 40.709011, -73.957441 40.709011, -73.957439 40.709011, -73.957438 40.709011, -73.957437 40.70901, -73.957436 40.70901, -73.957435 40.70901, -73.957434 40.70901, -73.957433 40.709009, -73.957395 40.708996, -73.957376 40.70899, -73.957318 40.70897, -73.95726 40.70895, -73.957202 40.708931, -73.957134 40.708907, -73.957114 40.708901, -73.957084 40.70889, -73.957078 40.708888, -73.957078 40.708888, -73.957078 40.708888, -73.957077 40.708888, -73.957077 40.708888, -73.957077 40.708888, -73.957077 40.708888, -73.957076 40.708888, -73.957076 40.708888, -73.957073 40.708887, -73.957074 40.708885, -73.957085 40.708863, -73.957085 40.708863, -73.957089 40.708856, -73.957095 40.708845, -73.957104 40.708827, -73.957105 40.708827, -73.957131 40.708778, -73.95714 40.708761, -73.957158 40.708729, -73.957184 40.708679, -73.957211 40.708631, -73.957213 40.708627, -73.957239 40.708582, -73.957242 40.708576, -73.957266 40.708533, -73.957293 40.708484, -73.95732 40.708436, -73.95733 40.708419, -73.957347 40.708387, -73.957374 40.708338, -73.957378 40.708332, -73.957378 40.708332, -73.957384 40.708321, -73.957387 40.708316, -73.957389 40.708312, -73.957395 40.708315, -73.957396 40.708315, -73.957396 40.708315, -73.957396 40.708315, -73.957397 40.708315, -73.957397 40.708315, -73.957397 40.708315, -73.957397 40.708315, -73.957398 40.708316, -73.957398 40.708316, -73.957398 40.708316, -73.957427 40.708326, -73.957465 40.70834, -73.957466 40.70834, -73.95771 40.708427, -73.957784 40.708454, -73.957798 40.708459, -73.957799 40.708459, -73.957799 40.708459, -73.9578 40.70846, -73.957801 40.70846, -73.957801 40.708461, -73.957802 40.708461, -73.957802 40.708462, -73.957803 40.708462, -73.957804 40.708463, -73.957804 40.708463, -73.957805 40.708464, -73.957805 40.708464, -73.957806 40.708465, -73.957806 40.708465, -73.957806 40.708466, -73.957807 40.708467))"^^<http://www.opengis.net/ont/geosparql#wktLiteral> .
<https://w3id.org/rtskg/new_york_city/instance/block_19820> <https://w3id.org/rtskg/ontology/objectproperty/block_intersects_station_area> <https://w3id.org/rtskg/new_york_city/instance/station_area_323> .
<https://w3id.org/rtskg/new_york_city/instance/block_19820> <https://w3id.org/rtskg/ontology/objectproperty/block_intersects_station_area> <https://w3id.org/rtskg/new_york_city/instance/station_area_479> .
<https://w3id.org/rtskg/new_york_city/instance/block_19820> <https://w3id.org/rtskg/ontology/objectproperty/block_intersects_station_area> <https://w3id.org/rtskg/new_york_city/instance/station_area_480> .
<https://w3id.org/rtskg/new_york_city/instance/block_19820> <https://w3id.org/rtskg/ontology/objectproperty/block_intersects_station_area> <https://w3id.org/rtskg/new_york_city/instance/station_area_553> .
<https://w3id.org/rtskg/new_york_city/instance/block_19820> <https://w3id.org/rtskg/ontology/objectproperty/block_intersects_station_area> <https://w3id.org/rtskg/new_york_city/instance/station_area_554> .
<https://w3id.org/rtskg/new_york_city/instance/block_19820> <https://w3id.org/rtskg/ontology/objectproperty/block_intersects_station_area> <https://w3id.org/rtskg/new_york_city/instance/station_area_555> .
<https://w3id.org/rtskg/new_york_city/instance/block_19820> <https://w3id.org/rtskg/ontology/objectproperty/block_locates_at_borough> <https://w3id.org/rtskg/new_york_city/instance/borough_3> .
<https://w3id.org/rtskg/new_york_city/instance/block_19820> <https://w3id.org/rtskg/ontology/objectproperty/block_locates_at_functional_area> <https://w3id.org/rtskg/new_york_city/instance/functional_area_256> .
