<https://w3id.org/rtskg/new_york_city/instance/block_45140> <http://www.w3.org/1999/02/22-rdf-syntax-ns#type> <https://w3id.org/rtskg/ontology/class/block> .
<https://w3id.org/rtskg/new_york_city/instance/block_45140> <https://w3id.org/rtskg/ontology/dataproperty/geometry> "POLYGON ((-73.888773 40.826688, -73.888772 40.826689, -73.888771 40.82669, -73.888771 40.826691, -73.88877 40.826691, -73.888769 40.826692, -73.888768 40.826693, -73.888768 40.826694, -73.888767 40.826695, -73.888766 40.826695, -73.888765 40.826696, -73.888764 40.826697, -73.888763 40.826697, -73.888762 40.826698, -73.888761 40.826699, -73.88876 40.826699, -73.888759 40.8267, -73.888758 40.8267, -73.888757 40.826701, -73.888755 40.826701, -73.888754 40.826702, -73.888753 40.826702, -73.888752 40.826703, -73.888751 40.826703, -73.888749 40.826703, -73.888748 40.826703, -73.888747 40.826704, -73.888746 40.826704, -73.888744 40.826704, -73.888743 40.826704, -73.888742 40.826704, -73.88874 40.826704, -73.888739 40.826704, -73.888738 40.826704, -73.888736 40.826704, -73.888735 40.826704, -73.888734 40.826704, -73.888733 40.826704, -73.888731 40.826704, -73.888661 40.826706, -73.888612 40.826706, -73.88859 40.826705, -73.888519 40.826704, -73.888449 40.826703, -73.888418 40.826703, -73.888378 40.826702, -73.888307 40.826701, -73.888306 40.8267, -73.888304 40.8267, -73.888303 40.826699, -73.888302 40.826698, -73.8883 40.826697, -73.888299 40.826696, -73.888298 40.826695, -73.888296 40.826694, -73.888295 40.826693, -73.888294 40.826691, -73.888293 40.82669, -73.888292 40.826689, -73.888291 40.826688, -73.88829 40.826687, -73.888289 40.826686, -73.888289 40.826684, -73.888288 40.826683, -73.888287 40.826682, -73.888287 40.826682, -73.888287 40.82668, -73.888286 40.826679, -73.888286 40.826678, -73.888285 40.826676, -73.888285 40.826675, -73.888285 40.826674, -73.888284 40.826672, -73.888284 40.826671, -73.888284 40.826669, -73.888284 40.826669, -73.888284 40.826668, -73.888284 40.826667, -73.888284 40.826665, -73.888284 40.826664, -73.888285 40.826662, -73.888285 40.826661, -73.888285 40.82666, -73.888286 40.826658, -73.888286 40.826657, -73.888287 40.826656, -73.888287 40.826654, -73.888288 40.826653, -73.888288 40.826652, -73.888289 40.82665, -73.88829 40.826649, -73.888291 40.826648, -73.888292 40.826647, -73.888348 40.826618, -73.888355 40.826615, -73.888404 40.82659, -73.888459 40.826562, -73.888515 40.826533, -73.888547 40.826517, -73.888571 40.826505, -73.888627 40.826477, -73.888661 40.826457, -73.888695 40.826438, -73.888696 40.826438, -73.888698 40.826437, -73.8887 40.826437, -73.888701 40.826437, -73.888703 40.826436, -73.888705 40.826436, -73.888706 40.826436, -73.888708 40.826436, -73.88871 40.826436, -73.888712 40.826436, -73.888713 40.826436, -73.888715 40.826436, -73.888715 40.826436, -73.888717 40.826436, -73.888719 40.826436, -73.88872 40.826436, -73.888722 40.826437, -73.888724 40.826437, -73.888725 40.826437, -73.888727 40.826437, -73.888728 40.826438, -73.888729 40.826438, -73.88873 40.826438, -73.888732 40.826439, -73.888734 40.826439, -73.888735 40.82644, -73.888737 40.826441, -73.888738 40.826441, -73.88874 40.826442, -73.888741 40.826443, -73.888742 40.826443, -73.888744 40.826444, -73.888745 40.826445, -73.888746 40.826446, -73.888746 40.826446, -73.888748 40.826447, -73.888749 40.826448, -73.88875 40.826449, -73.888751 40.82645, -73.888752 40.826451, -73.888753 40.826452, -73.888754 40.826453, -73.888755 40.826454, -73.888756 40.826455, -73.888757 40.826456, -73.888758 40.826458, -73.888759 40.826459, -73.888759 40.82646, -73.88876 40.826461, -73.888764 40.826515, -73.888768 40.826568, -73.888772 40.826622, -73.888776 40.826672, -73.888776 40.826675, -73.888776 40.826676, -73.888776 40.826677, -73.888776 40.826678, -73.888776 40.826679, -73.888776 40.82668, -73.888775 40.826681, -73.888775 40.826682, -73.888775 40.826683, -73.888775 40.826683, -73.888774 40.826684, -73.888774 40.826685, -73.888774 40.826686, -73.888774 40.826686, -73.888773 40.826687, -73.888773 40.826688))"^^<http://www.opengis.net/ont/geosparql#wktLiteral> .
<https://w3id.org/rtskg/new_york_city/instance/block_45140> <https://w3id.org/rtskg/ontology/objectproperty/block_intersects_station_area> <https://w3id.org/rtskg/new_york_city/instance/station_area_445> .
<https://w3id.org/rtskg/new_york_city/instance/block_45140> <https://w3id.org/rtskg/ontology/objectproperty/block_intersects_station_area> <https://w3id.org/rtskg/new_york_city/instance/station_area_495> .
<https://w3id.org/rtskg/new_york_city/instance/block_45140> <https://w3id.org/rtskg/ontology/objectproperty/block_intersects_station_area> <https://w3id.org/rtskg/new_york_city/instance/station_area_497> .
<https://w3id.org/rtskg/new_york_city/instance/block_45140> <https://w3id.org/rtskg/ontology/objectproperty/block_intersects_station_area> <https://w3id.org/rtskg/new_york_city/instance/station_area_667> .
<https://w3id.org/rtskg/new_york_city/instance/block_45140> <https://w3id.org/rtskg/ontology/objectproperty/block_intersects_station_area> <https://w3id.org/rtskg/new_york_city/instance/station_area_668> .
<https://w3id.org/rtskg/new_york_city/instance/block_45140> <https://w3id.org/rtskg/ontology/objectproperty/block_intersects_station_area> <https://w3id.org/rtskg/new_york_city/instance/station_area_727> .
<https://w3id.org/rtskg/new_york_city/instance/block_45140> <https://w3id.org/rtskg/ontology/objectproperty/block_intersects_station_area> <https://w3id.org/rtskg/new_york_city/instance/station_area_728> .
<https://w3id.org/rtskg/new_york_city/instance/block_45140> <https://w3id.org/rtskg/ontology/objectproperty/block_locates_at_borough> <https://w3id.org/rtskg/new_york_city/instance/borough_2> .
<https://w3id.org/rtskg/new_york_city/instance/block_45140> <https://w3id.org/rtskg/ontology/objectproperty/block_locates_at_functional_area> <https://w3id.org/rtskg/new_york_city/instance/functional_area_126> .
