<https://w3id.org/rtskg/new_york_city/instance/block_19434> <http://www.w3.org/1999/02/22-rdf-syntax-ns#type> <https://w3id.org/rtskg/ontology/class/block> .
<https://w3id.org/rtskg/new_york_city/instance/block_19434> <https://w3id.org/rtskg/ontology/dataproperty/geometry> "POLYGON ((-73.985872 40.699225, -73.985916 40.699274, -73.985916 40.699274, -73.985936 40.699299, -73.98595 40.699316, -73.98598 40.699352, -73.986004 40.699383, -73.986047 40.699439, -73.986047 40.69944, -73.98605 40.699443, -73.986052 40.699446, -73.986059 40.699456, -73.986063 40.699461, -73.986089 40.699496, -73.98611 40.699524, -73.986169 40.699611, -73.986224 40.699697, -73.986225 40.699698, -73.986253 40.699747, -73.986271 40.699777, -73.986275 40.699784, -73.986277 40.699788, -73.986278 40.69979, -73.986281 40.699795, -73.986284 40.699801, -73.986288 40.699807, -73.986291 40.699814, -73.986296 40.699823, -73.986301 40.699833, -73.986303 40.699837, -73.986323 40.699873, -73.986319 40.699873, -73.986311 40.699873, -73.98631 40.699873, -73.986303 40.699873, -73.986302 40.699873, -73.986294 40.699873, -73.986287 40.699872, -73.986271 40.699872, -73.986269 40.699872, -73.986163 40.699867, -73.986085 40.69986, -73.986006 40.699852, -73.985928 40.699842, -73.985851 40.69983, -73.985782 40.699818, -73.985781 40.699818, -73.985712 40.699804, -73.985643 40.699789, -73.985575 40.699772, -73.985508 40.699753, -73.985442 40.699733, -73.98539 40.699716, -73.985375 40.699711, -73.985363 40.699707, -73.985335 40.699697, -73.985286 40.699679, -73.985271 40.699674, -73.985223 40.699655, -73.985209 40.69965, -73.985134 40.699619, -73.985128 40.699616, -73.98506 40.699586, -73.985009 40.699562, -73.98496 40.699536, -73.984911 40.69951, -73.984863 40.699482, -73.984817 40.699453, -73.984767 40.699422, -73.984717 40.699389, -73.984668 40.699357, -73.984648 40.699344, -73.984647 40.699343, -73.984618 40.699325, -73.984574 40.699296, -73.984568 40.699292, -73.984563 40.699289, -73.984563 40.699269, -73.984563 40.69925, -73.984563 40.69925, -73.984565 40.69923, -73.984566 40.699216, -73.984567 40.69921, -73.98457 40.699195, -73.98457 40.699191, -73.984573 40.699176, -73.984574 40.699171, -73.984578 40.699159, -73.984579 40.699152, -73.984582 40.699142, -73.984585 40.699133, -73.984588 40.699125, -73.984592 40.699114, -73.984599 40.699096, -73.984599 40.699095, -73.984605 40.699083, -73.984609 40.699076, -73.984609 40.699076, -73.984609 40.699076, -73.984616 40.699066, -73.984625 40.699051, -73.984635 40.699037, -73.984646 40.699023, -73.984658 40.699009, -73.98467 40.698995, -73.984683 40.698982, -73.984696 40.698969, -73.98471 40.698957, -73.984725 40.698945, -73.98474 40.698933, -73.984742 40.698932, -73.984757 40.698921, -73.984761 40.698919, -73.984774 40.69891, -73.984791 40.6989, -73.984809 40.698889, -73.984828 40.69888, -73.984846 40.698871, -73.984866 40.698862, -73.984885 40.698854, -73.984897 40.698849, -73.984905 40.698846, -73.984912 40.698844, -73.984926 40.698839, -73.984946 40.698833, -73.984967 40.698827, -73.984988 40.698822, -73.98501 40.698818, -73.985031 40.698815, -73.985053 40.698812, -73.985058 40.698812, -73.985074 40.69881, -73.985096 40.698809, -73.985118 40.698808, -73.98514 40.698807, -73.985162 40.698807, -73.985184 40.698808, -73.985205 40.698809, -73.985227 40.698811, -73.985246 40.698813, -73.985249 40.698813, -73.985269 40.698816, -73.985289 40.698819, -73.985308 40.698822, -73.985328 40.698826, -73.985348 40.698831, -73.985366 40.698836, -73.985367 40.698836, -73.985386 40.698842, -73.985404 40.698848, -73.985423 40.698854, -73.985441 40.698861, -73.985458 40.698869, -73.985476 40.698877, -73.985491 40.698884, -73.985493 40.698885, -73.985509 40.698894, -73.985526 40.698904, -73.985541 40.698913, -73.985557 40.698924, -73.985571 40.698934, -73.985628 40.698981, -73.985642 40.698993, -73.985683 40.69903, -73.985728 40.699072, -73.985736 40.69908, -73.985787 40.699131, -73.985802 40.699147, -73.985835 40.699183, -73.985872 40.699225))"^^<http://www.opengis.net/ont/geosparql#wktLiteral> .
<https://w3id.org/rtskg/new_york_city/instance/block_19434> <https://w3id.org/rtskg/ontology/objectproperty/block_intersects_station_area> <https://w3id.org/rtskg/new_york_city/instance/station_area_365> .
<https://w3id.org/rtskg/new_york_city/instance/block_19434> <https://w3id.org/rtskg/ontology/objectproperty/block_intersects_station_area> <https://w3id.org/rtskg/new_york_city/instance/station_area_481> .
<https://w3id.org/rtskg/new_york_city/instance/block_19434> <https://w3id.org/rtskg/ontology/objectproperty/block_intersects_station_area> <https://w3id.org/rtskg/new_york_city/instance/station_area_482> .
<https://w3id.org/rtskg/new_york_city/instance/block_19434> <https://w3id.org/rtskg/ontology/objectproperty/block_intersects_station_area> <https://w3id.org/rtskg/new_york_city/instance/station_area_511> .
<https://w3id.org/rtskg/new_york_city/instance/block_19434> <https://w3id.org/rtskg/ontology/objectproperty/block_intersects_station_area> <https://w3id.org/rtskg/new_york_city/instance/station_area_737> .
<https://w3id.org/rtskg/new_york_city/instance/block_19434> <https://w3id.org/rtskg/ontology/objectproperty/block_intersects_station_area> <https://w3id.org/rtskg/new_york_city/instance/station_area_738> .
<https://w3id.org/rtskg/new_york_city/instance/block_19434> <https://w3id.org/rtskg/ontology/objectproperty/block_locates_at_borough> <https://w3id.org/rtskg/new_york_city/instance/borough_3> .
<https://w3id.org/rtskg/new_york_city/instance/block_19434> <https://w3id.org/rtskg/ontology/objectproperty/block_locates_at_functional_area> <https://w3id.org/rtskg/new_york_city/instance/functional_area_66> .
