<https://w3id.org/rtskg/new_york_city/instance/block_12774> <http://www.w3.org/1999/02/22-rdf-syntax-ns#type> <https://w3id.org/rtskg/ontology/class/block> .
<https://w3id.org/rtskg/new_york_city/instance/block_12774> <https://w3id.org/rtskg/ontology/dataproperty/geometry> "POLYGON ((-73.908773 40.698181, -73.908771 40.698181, -73.90877 40.698182, -73.908769 40.698182, -73.908768 40.698182, -73.908767 40.698182, -73.908766 40.698182, -73.908765 40.698182, -73.908764 40.698182, -73.908763 40.698182, -73.908762 40.698182, -73.908761 40.698182, -73.908759 40.698182, -73.908758 40.698182, -73.908757 40.698182, -73.908757 40.698182, -73.908756 40.698182, -73.908755 40.698182, -73.908754 40.698182, -73.908753 40.698182, -73.908752 40.698181, -73.908751 40.698181, -73.90875 40.698181, -73.908749 40.69818, -73.908748 40.69818, -73.908747 40.69818, -73.908746 40.698179, -73.908745 40.698179, -73.908744 40.698178, -73.908743 40.698178, -73.908739 40.698176, -73.908722 40.698166, -73.908688 40.698147, -73.908633 40.698117, -73.908578 40.698086, -73.908523 40.698055, -73.908468 40.698025, -73.908413 40.697994, -73.908358 40.697964, -73.908303 40.697933, -73.908248 40.697903, -73.908193 40.697872, -73.908159 40.697853, -73.908133 40.697839, -73.908132 40.697838, -73.908131 40.697837, -73.908131 40.697837, -73.90813 40.697837, -73.908128 40.697836, -73.908127 40.697835, -73.908126 40.697834, -73.908125 40.697833, -73.908124 40.697832, -73.908123 40.697831, -73.908122 40.69783, -73.908121 40.697829, -73.908121 40.697828, -73.90812 40.697827, -73.908119 40.697826, -73.908118 40.697825, -73.908118 40.697825, -73.908118 40.697824, -73.908117 40.697823, -73.908117 40.697822, -73.908116 40.69782, -73.908116 40.697819, -73.908115 40.697818, -73.908115 40.697817, -73.908115 40.697816, -73.908115 40.697815, -73.908114 40.697813, -73.908114 40.697812, -73.908114 40.697811, -73.908114 40.69781, -73.908114 40.697809, -73.908114 40.697807, -73.908115 40.697806, -73.908115 40.697805, -73.908115 40.697805, -73.908115 40.697804, -73.908115 40.697804, -73.908115 40.697804, -73.908115 40.697803, -73.908116 40.697801, -73.908116 40.6978, -73.908117 40.697799, -73.908117 40.697798, -73.908118 40.697797, -73.908118 40.697796, -73.908119 40.697795, -73.90812 40.697794, -73.908121 40.697793, -73.908121 40.697792, -73.908122 40.697791, -73.908123 40.69779, -73.908123 40.697789, -73.908133 40.69778, -73.90816 40.697752, -73.908202 40.69771, -73.90824 40.697672, -73.908243 40.697668, -73.908285 40.697626, -73.908326 40.697584, -73.908328 40.697582, -73.908368 40.697541, -73.90841 40.697499, -73.908451 40.697457, -73.908493 40.697415, -73.908494 40.697414, -73.908515 40.697393, -73.908555 40.697416, -73.908557 40.697417, -73.90857 40.697425, -73.908626 40.697456, -73.908681 40.697488, -73.908736 40.69752, -73.908792 40.697552, -73.908847 40.697584, -73.908848 40.697585, -73.908902 40.697616, -73.908958 40.697647, -73.909013 40.697679, -73.909069 40.697711, -73.909124 40.697743, -73.909138 40.697751, -73.909141 40.697753, -73.909163 40.697731, -73.909169 40.697734, -73.909201 40.697753, -73.909179 40.697775, -73.909179 40.697775, -73.909144 40.69781, -73.90914 40.697815, -73.909139 40.697815, -73.909107 40.697848, -73.909101 40.697855, -73.909061 40.697895, -73.909022 40.697935, -73.908983 40.697974, -73.908943 40.698014, -73.908904 40.698054, -73.908865 40.698094, -73.908826 40.698134, -73.908804 40.698156, -73.908792 40.698168, -73.908787 40.698173, -73.908787 40.698173, -73.908786 40.698174, -73.908785 40.698175, -73.908785 40.698175, -73.908784 40.698176, -73.908783 40.698176, -73.908782 40.698177, -73.908781 40.698178, -73.90878 40.698178, -73.90878 40.698178, -73.908779 40.698179, -73.908779 40.698179, -73.908778 40.698179, -73.908777 40.69818, -73.908776 40.69818, -73.908775 40.698181, -73.908774 40.698181, -73.908773 40.698181))"^^<http://www.opengis.net/ont/geosparql#wktLiteral> .
<https://w3id.org/rtskg/new_york_city/instance/block_12774> <https://w3id.org/rtskg/ontology/objectproperty/block_intersects_station_area> <https://w3id.org/rtskg/new_york_city/instance/station_area_433> .
<https://w3id.org/rtskg/new_york_city/instance/block_12774> <https://w3id.org/rtskg/ontology/objectproperty/block_intersects_station_area> <https://w3id.org/rtskg/new_york_city/instance/station_area_475> .
<https://w3id.org/rtskg/new_york_city/instance/block_12774> <https://w3id.org/rtskg/ontology/objectproperty/block_intersects_station_area> <https://w3id.org/rtskg/new_york_city/instance/station_area_476> .
<https://w3id.org/rtskg/new_york_city/instance/block_12774> <https://w3id.org/rtskg/ontology/objectproperty/block_intersects_station_area> <https://w3id.org/rtskg/new_york_city/instance/station_area_579> .
<https://w3id.org/rtskg/new_york_city/instance/block_12774> <https://w3id.org/rtskg/ontology/objectproperty/block_intersects_station_area> <https://w3id.org/rtskg/new_york_city/instance/station_area_580> .
<https://w3id.org/rtskg/new_york_city/instance/block_12774> <https://w3id.org/rtskg/ontology/objectproperty/block_intersects_station_area> <https://w3id.org/rtskg/new_york_city/instance/station_area_661> .
<https://w3id.org/rtskg/new_york_city/instance/block_12774> <https://w3id.org/rtskg/ontology/objectproperty/block_locates_at_borough> <https://w3id.org/rtskg/new_york_city/instance/borough_3> .
<https://w3id.org/rtskg/new_york_city/instance/block_12774> <https://w3id.org/rtskg/ontology/objectproperty/block_locates_at_functional_area> <https://w3id.org/rtskg/new_york_city/instance/functional_area_36> .
