<https://w3id.org/rtskg/new_york_city/instance/block_18045> <http://www.w3.org/1999/02/22-rdf-syntax-ns#type> <https://w3id.org/rtskg/ontology/class/block> .
<https://w3id.org/rtskg/new_york_city/instance/block_18045> <https://w3id.org/rtskg/ontology/dataproperty/geometry> "POLYGON ((-74.010515 40.722117, -74.010515 40.722118, -74.010515 40.722119, -74.010514 40.72212, -74.010514 40.72212, -74.010514 40.722121, -74.010514 40.722122, -74.010513 40.722123, -74.010512 40.722124, -74.01051 40.722128, -74.010507 40.722132, -74.010507 40.722132, -74.010503 40.722136, -74.010499 40.722139, -74.010494 40.722142, -74.01049 40.722143, -74.010489 40.722144, -74.010483 40.722145, -74.010477 40.722146, -74.010477 40.722146, -74.010471 40.722147, -74.010471 40.722147, -74.010176 40.722117, -74.010066 40.722106, -74.009883 40.722088, -74.009863 40.722086, -74.009854 40.722085, -74.00985 40.722085, -74.009847 40.722085, -74.009843 40.722083, -74.00984 40.722082, -74.009838 40.72208, -74.009837 40.722079, -74.009836 40.722077, -74.009835 40.722075, -74.009836 40.722071, -74.009838 40.722056, -74.009873 40.721871, -74.009881 40.721821, -74.009889 40.721771, -74.009896 40.721721, -74.009904 40.721671, -74.009911 40.721621, -74.009919 40.721571, -74.009922 40.721555, -74.009924 40.721548, -74.009924 40.721547, -74.009925 40.721546, -74.009925 40.721545, -74.009925 40.721545, -74.009925 40.721544, -74.009926 40.721543, -74.009926 40.721542, -74.009927 40.721541, -74.009927 40.72154, -74.009928 40.721539, -74.009929 40.721538, -74.00993 40.721537, -74.00993 40.721536, -74.009931 40.721535, -74.009932 40.721534, -74.009933 40.721533, -74.009934 40.721533, -74.009935 40.721532, -74.009936 40.721531, -74.009937 40.72153, -74.009937 40.72153, -74.009938 40.72153, -74.009939 40.721529, -74.00994 40.721528, -74.009941 40.721528, -74.009942 40.721527, -74.009944 40.721526, -74.009945 40.721526, -74.009946 40.721525, -74.009947 40.721525, -74.009949 40.721524, -74.00995 40.721524, -74.009951 40.721524, -74.009952 40.721523, -74.009953 40.721523, -74.009954 40.721523, -74.009956 40.721523, -74.009957 40.721523, -74.009958 40.721522, -74.00996 40.721522, -74.009961 40.721522, -74.009963 40.721522, -74.009964 40.721522, -74.009965 40.721522, -74.009967 40.721522, -74.009968 40.721522, -74.009975 40.721522, -74.009994 40.721524, -74.01002 40.721526, -74.01009 40.721533, -74.01016 40.72154, -74.01023 40.721547, -74.010301 40.721554, -74.010371 40.721561, -74.010441 40.721569, -74.010452 40.72157, -74.010511 40.721576, -74.010563 40.721581, -74.010576 40.721582, -74.010578 40.721583, -74.010579 40.721583, -74.01058 40.721583, -74.010582 40.721583, -74.010583 40.721584, -74.010584 40.721584, -74.010585 40.721584, -74.010587 40.721585, -74.010588 40.721585, -74.010589 40.721586, -74.01059 40.721586, -74.010592 40.721587, -74.010593 40.721587, -74.010594 40.721588, -74.010595 40.721588, -74.010596 40.721589, -74.010597 40.72159, -74.010598 40.72159, -74.010599 40.721591, -74.0106 40.721592, -74.010601 40.721593, -74.010602 40.721593, -74.010603 40.721594, -74.010603 40.721595, -74.010604 40.721596, -74.010605 40.721597, -74.010606 40.721598, -74.010606 40.721599, -74.010607 40.7216, -74.010607 40.721601, -74.010608 40.721601, -74.010608 40.721602, -74.010608 40.721603, -74.010609 40.721603, -74.010609 40.721604, -74.010609 40.721605, -74.01061 40.721606, -74.01061 40.721607, -74.01061 40.721608, -74.01061 40.72161, -74.01061 40.721611, -74.010611 40.721612, -74.010611 40.721613, -74.010611 40.721614, -74.01061 40.721615, -74.01061 40.721616, -74.01061 40.721616, -74.01061 40.721617, -74.0106 40.721669, -74.010591 40.721719, -74.010581 40.721769, -74.010572 40.721819, -74.010562 40.721869, -74.010553 40.721919, -74.010544 40.721969, -74.010534 40.722019, -74.010525 40.722069, -74.010516 40.722116, -74.010515 40.722117))"^^<http://www.opengis.net/ont/geosparql#wktLiteral> .
<https://w3id.org/rtskg/new_york_city/instance/block_18045> <https://w3id.org/rtskg/ontology/objectproperty/block_intersects_station_area> <https://w3id.org/rtskg/new_york_city/instance/station_area_339> .
<https://w3id.org/rtskg/new_york_city/instance/block_18045> <https://w3id.org/rtskg/ontology/objectproperty/block_intersects_station_area> <https://w3id.org/rtskg/new_york_city/instance/station_area_340> .
<https://w3id.org/rtskg/new_york_city/instance/block_18045> <https://w3id.org/rtskg/ontology/objectproperty/block_intersects_station_area> <https://w3id.org/rtskg/new_york_city/instance/station_area_353> .
<https://w3id.org/rtskg/new_york_city/instance/block_18045> <https://w3id.org/rtskg/ontology/objectproperty/block_intersects_station_area> <https://w3id.org/rtskg/new_york_city/instance/station_area_355> .
<https://w3id.org/rtskg/new_york_city/instance/block_18045> <https://w3id.org/rtskg/ontology/objectproperty/block_intersects_station_area> <https://w3id.org/rtskg/new_york_city/instance/station_area_443> .
<https://w3id.org/rtskg/new_york_city/instance/block_18045> <https://w3id.org/rtskg/ontology/objectproperty/block_intersects_station_area> <https://w3id.org/rtskg/new_york_city/instance/station_area_444> .
<https://w3id.org/rtskg/new_york_city/instance/block_18045> <https://w3id.org/rtskg/ontology/objectproperty/block_intersects_station_area> <https://w3id.org/rtskg/new_york_city/instance/station_area_671> .
<https://w3id.org/rtskg/new_york_city/instance/block_18045> <https://w3id.org/rtskg/ontology/objectproperty/block_locates_at_borough> <https://w3id.org/rtskg/new_york_city/instance/borough_1> .
<https://w3id.org/rtskg/new_york_city/instance/block_18045> <https://w3id.org/rtskg/ontology/objectproperty/block_locates_at_functional_area> <https://w3id.org/rtskg/new_york_city/instance/functional_area_231> .
