<https://w3id.org/rtskg/new_york_city/instance/block_5133> <http://www.w3.org/1999/02/22-rdf-syntax-ns#type> <https://w3id.org/rtskg/ontology/class/block> .
<https://w3id.org/rtskg/new_york_city/instance/block_5133> <https://w3id.org/rtskg/ontology/dataproperty/geometry> "POLYGON ((-73.971975 40.579798, -73.971976 40.579798, -73.971976 40.579798, -73.971977 40.579798, -73.971978 40.579798, -73.971978 40.579798, -73.972026 40.5798, -73.972768 40.579842, -73.973347 40.579875, -73.974352 40.579944, -73.974501 40.579954, -73.974572 40.579959, -73.974572 40.579959, -73.974573 40.579959, -73.974573 40.579959, -73.974574 40.57996, -73.974575 40.57996, -73.974575 40.57996, -73.974576 40.579961, -73.974577 40.579961, -73.974577 40.579962, -73.974578 40.579962, -73.974578 40.579962, -73.974579 40.579963, -73.974579 40.579963, -73.97458 40.579964, -73.97458 40.579964, -73.974581 40.579965, -73.974581 40.579965, -73.974582 40.579966, -73.974582 40.579966, -73.974582 40.579967, -73.974583 40.579968, -73.974583 40.579968, -73.974583 40.579969, -73.974583 40.579969, -73.974584 40.57997, -73.974584 40.57997, -73.974584 40.579971, -73.974584 40.579972, -73.974584 40.579972, -73.974584 40.579973, -73.974584 40.579973, -73.974584 40.579974, -73.974584 40.579975, -73.974584 40.579975, -73.974584 40.579975, -73.974584 40.579976, -73.974584 40.579976, -73.974584 40.579977, -73.974584 40.579978, -73.974584 40.579978, -73.974584 40.579979, -73.974583 40.579979, -73.974583 40.57998, -73.974583 40.579981, -73.974583 40.579981, -73.974582 40.579982, -73.974582 40.579982, -73.974582 40.579983, -73.974581 40.579983, -73.974581 40.579984, -73.97458 40.579984, -73.97458 40.579985, -73.974579 40.579985, -73.974579 40.579986, -73.974578 40.579986, -73.974578 40.579987, -73.974577 40.579987, -73.974577 40.579987, -73.974576 40.579988, -73.974575 40.579988, -73.974575 40.579989, -73.974574 40.579989, -73.974573 40.579989, -73.974573 40.57999, -73.974572 40.57999, -73.974571 40.57999, -73.974571 40.57999, -73.97457 40.579991, -73.974569 40.579991, -73.974568 40.579991, -73.974568 40.579991, -73.974567 40.579991, -73.974566 40.579991, -73.974565 40.579991, -73.974565 40.579992, -73.974564 40.579992, -73.974563 40.579992, -73.974562 40.579992, -73.974561 40.579992, -73.974561 40.579992, -73.97456 40.579992, -73.974498 40.579987, -73.974354 40.579977, -73.973289 40.579904, -73.972766 40.579874, -73.972021 40.57983, -73.971969 40.579827, -73.971968 40.579827, -73.971967 40.579827, -73.971967 40.579827, -73.971966 40.579826, -73.971966 40.579826, -73.971965 40.579826, -73.971964 40.579826, -73.971964 40.579825, -73.971963 40.579825, -73.971963 40.579825, -73.971962 40.579824, -73.971962 40.579824, -73.971961 40.579824, -73.971961 40.579823, -73.97196 40.579823, -73.97196 40.579822, -73.971959 40.579822, -73.971959 40.579821, -73.971959 40.579821, -73.971958 40.579821, -73.971958 40.57982, -73.971958 40.57982, -73.971957 40.579819, -73.971957 40.579819, -73.971957 40.579818, -73.971956 40.579818, -73.971956 40.579817, -73.971956 40.579817, -73.971956 40.579816, -73.971956 40.579816, -73.971956 40.579815, -73.971956 40.579815, -73.971956 40.579814, -73.971956 40.579813, -73.971956 40.579813, -73.971956 40.579812, -73.971956 40.579812, -73.971956 40.579812, -73.971956 40.579811, -73.971956 40.579811, -73.971956 40.57981, -73.971956 40.57981, -73.971956 40.579809, -73.971956 40.579809, -73.971956 40.579808, -73.971957 40.579808, -73.971957 40.579807, -73.971957 40.579807, -73.971958 40.579806, -73.971958 40.579806, -73.971958 40.579805, -73.971959 40.579805, -73.971959 40.579804, -73.971959 40.579804, -73.97196 40.579803, -73.97196 40.579803, -73.971961 40.579803, -73.971961 40.579802, -73.971962 40.579802, -73.971962 40.579802, -73.971963 40.579801, -73.971963 40.579801, -73.971964 40.579801, -73.971964 40.5798, -73.971965 40.5798, -73.971966 40.5798, -73.971966 40.579799, -73.971967 40.579799, -73.971967 40.579799, -73.971968 40.579799, -73.971969 40.579799, -73.971969 40.579798, -73.97197 40.579798, -73.971971 40.579798, -73.971971 40.579798, -73.971972 40.579798, -73.971973 40.579798, -73.971973 40.579798, -73.971974 40.579798, -73.971975 40.579798))"^^<http://www.opengis.net/ont/geosparql#wktLiteral> .
<https://w3id.org/rtskg/new_york_city/instance/block_5133> <https://w3id.org/rtskg/ontology/objectproperty/block_intersects_station_area> <https://w3id.org/rtskg/new_york_city/instance/station_area_375> .
<https://w3id.org/rtskg/new_york_city/instance/block_5133> <https://w3id.org/rtskg/ontology/objectproperty/block_intersects_station_area> <https://w3id.org/rtskg/new_york_city/instance/station_area_585> .
<https://w3id.org/rtskg/new_york_city/instance/block_5133> <https://w3id.org/rtskg/ontology/objectproperty/block_intersects_station_area> <https://w3id.org/rtskg/new_york_city/instance/station_area_586> .
<https://w3id.org/rtskg/new_york_city/instance/block_5133> <https://w3id.org/rtskg/ontology/objectproperty/block_intersects_station_area> <https://w3id.org/rtskg/new_york_city/instance/station_area_609> .
<https://w3id.org/rtskg/new_york_city/instance/block_5133> <https://w3id.org/rtskg/ontology/objectproperty/block_intersects_station_area> <https://w3id.org/rtskg/new_york_city/instance/station_area_713> .
<https://w3id.org/rtskg/new_york_city/instance/block_5133> <https://w3id.org/rtskg/ontology/objectproperty/block_intersects_station_area> <https://w3id.org/rtskg/new_york_city/instance/station_area_714> .
<https://w3id.org/rtskg/new_york_city/instance/block_5133> <https://w3id.org/rtskg/ontology/objectproperty/block_locates_at_borough> <https://w3id.org/rtskg/new_york_city/instance/borough_3> .
<https://w3id.org/rtskg/new_york_city/instance/block_5133> <https://w3id.org/rtskg/ontology/objectproperty/block_locates_at_functional_area> <https://w3id.org/rtskg/new_york_city/instance/functional_area_55> .
