<https://w3id.org/rtskg/new_york_city/instance/block_39155> <http://www.w3.org/1999/02/22-rdf-syntax-ns#type> <https://w3id.org/rtskg/ontology/class/block> .
<https://w3id.org/rtskg/new_york_city/instance/block_39155> <https://w3id.org/rtskg/ontology/dataproperty/geometry> "POLYGON ((-73.885947 40.876219, -73.885841 40.876455, -73.885808 40.876527, -73.88573 40.876703, -73.885696 40.876779, -73.885615 40.876958, -73.885586 40.877023, -73.885551 40.877101, -73.8855 40.877215, -73.885487 40.877245, -73.885483 40.877254, -73.885476 40.87727, -73.885473 40.877275, -73.88547 40.877282, -73.885465 40.877294, -73.885464 40.877295, -73.885464 40.877295, -73.885464 40.877296, -73.885463 40.877296, -73.885463 40.877296, -73.885463 40.877297, -73.885462 40.877297, -73.885462 40.877298, -73.885462 40.877298, -73.885461 40.877298, -73.885461 40.877299, -73.88546 40.877299, -73.88546 40.877299, -73.885459 40.8773, -73.885459 40.8773, -73.885458 40.8773, -73.885458 40.8773, -73.885457 40.877301, -73.885457 40.877301, -73.885456 40.877301, -73.885456 40.877301, -73.885455 40.877301, -73.885454 40.877302, -73.885454 40.877302, -73.885453 40.877302, -73.885453 40.877302, -73.885452 40.877302, -73.885451 40.877302, -73.885451 40.877302, -73.88545 40.877302, -73.88545 40.877302, -73.885449 40.877302, -73.885448 40.877303, -73.885448 40.877303, -73.885447 40.877302, -73.885447 40.877302, -73.885446 40.877302, -73.885445 40.877302, -73.885445 40.877302, -73.885444 40.877302, -73.885444 40.877302, -73.885443 40.877302, -73.885442 40.877302, -73.885442 40.877302, -73.885441 40.877301, -73.885441 40.877301, -73.88544 40.877301, -73.88544 40.877301, -73.885439 40.877301, -73.885438 40.8773, -73.885438 40.8773, -73.885437 40.8773, -73.885437 40.877299, -73.885436 40.877299, -73.885436 40.877299, -73.885436 40.877299, -73.885435 40.877298, -73.885435 40.877298, -73.885434 40.877297, -73.885434 40.877297, -73.885434 40.877297, -73.885433 40.877296, -73.885433 40.877296, -73.885433 40.877296, -73.885432 40.877295, -73.885432 40.877295, -73.885432 40.877294, -73.885432 40.877294, -73.885431 40.877293, -73.885431 40.877293, -73.885431 40.877293, -73.885431 40.877292, -73.885431 40.877292, -73.885431 40.877291, -73.88543 40.877291, -73.88543 40.87729, -73.88543 40.87729, -73.88543 40.877289, -73.88543 40.877289, -73.88543 40.877288, -73.88543 40.877288, -73.88543 40.877287, -73.885431 40.877287, -73.885431 40.877286, -73.885431 40.877286, -73.885431 40.877286, -73.885431 40.877285, -73.885436 40.877273, -73.88544 40.877266, -73.885441 40.877262, -73.885453 40.877236, -73.885453 40.877236, -73.88556 40.876995, -73.885572 40.876969, -73.885573 40.876968, -73.885691 40.876702, -73.885748 40.876571, -73.885802 40.876453, -73.885917 40.876196, -73.885935 40.876154, -73.885945 40.876134, -73.885991 40.876031, -73.885995 40.876024, -73.886001 40.876011, -73.886088 40.875819, -73.886052 40.875975, -73.88605 40.875984, -73.886049 40.875988, -73.886045 40.876001, -73.886041 40.876013, -73.886037 40.876023, -73.886036 40.876026, -73.886032 40.876035, -73.886028 40.876044, -73.885981 40.876145, -73.885972 40.876165, -73.885947 40.876219))"^^<http://www.opengis.net/ont/geosparql#wktLiteral> .
<https://w3id.org/rtskg/new_york_city/instance/block_39155> <https://w3id.org/rtskg/ontology/objectproperty/block_intersects_station_area> <https://w3id.org/rtskg/new_york_city/instance/station_area_293> .
<https://w3id.org/rtskg/new_york_city/instance/block_39155> <https://w3id.org/rtskg/ontology/objectproperty/block_intersects_station_area> <https://w3id.org/rtskg/new_york_city/instance/station_area_295> .
<https://w3id.org/rtskg/new_york_city/instance/block_39155> <https://w3id.org/rtskg/ontology/objectproperty/block_intersects_station_area> <https://w3id.org/rtskg/new_york_city/instance/station_area_296> .
<https://w3id.org/rtskg/new_york_city/instance/block_39155> <https://w3id.org/rtskg/ontology/objectproperty/block_intersects_station_area> <https://w3id.org/rtskg/new_york_city/instance/station_area_571> .
<https://w3id.org/rtskg/new_york_city/instance/block_39155> <https://w3id.org/rtskg/ontology/objectproperty/block_intersects_station_area> <https://w3id.org/rtskg/new_york_city/instance/station_area_572> .
<https://w3id.org/rtskg/new_york_city/instance/block_39155> <https://w3id.org/rtskg/ontology/objectproperty/block_intersects_station_area> <https://w3id.org/rtskg/new_york_city/instance/station_area_603> .
<https://w3id.org/rtskg/new_york_city/instance/block_39155> <https://w3id.org/rtskg/ontology/objectproperty/block_locates_at_borough> <https://w3id.org/rtskg/new_york_city/instance/borough_2> .
<https://w3id.org/rtskg/new_york_city/instance/block_39155> <https://w3id.org/rtskg/ontology/objectproperty/block_locates_at_functional_area> <https://w3id.org/rtskg/new_york_city/instance/functional_area_18> .
