<https://w3id.org/rtskg/new_york_city/instance/block_44417> <http://www.w3.org/1999/02/22-rdf-syntax-ns#type> <https://w3id.org/rtskg/ontology/class/block> .
<https://w3id.org/rtskg/new_york_city/instance/block_44417> <https://w3id.org/rtskg/ontology/dataproperty/geometry> "POLYGON ((-73.943935 40.83536, -73.943936 40.835361, -73.943937 40.835362, -73.943938 40.835363, -73.943939 40.835363, -73.94394 40.835364, -73.943941 40.835365, -73.943942 40.835366, -73.943943 40.835367, -73.943943 40.835368, -73.943944 40.835369, -73.943945 40.83537, -73.943945 40.83537, -73.943946 40.835371, -73.943946 40.835372, -73.943947 40.835373, -73.943947 40.835374, -73.943948 40.835375, -73.943948 40.835376, -73.943948 40.835376, -73.943949 40.835377, -73.943949 40.835378, -73.943949 40.835379, -73.943949 40.835379, -73.943949 40.83538, -73.94395 40.835381, -73.94395 40.835382, -73.94395 40.835384, -73.94395 40.835385, -73.94395 40.835386, -73.94395 40.835387, -73.94395 40.835388, -73.943949 40.835389, -73.943949 40.83539, -73.943949 40.835391, -73.943949 40.835392, -73.943943 40.8354, -73.943935 40.835411, -73.94392 40.835431, -73.943832 40.835553, -73.943758 40.835654, -73.943756 40.835656, -73.943745 40.835672, -73.943656 40.835794, -73.943614 40.835852, -73.943612 40.835855, -73.943593 40.835881, -73.943589 40.835886, -73.943588 40.835887, -73.943587 40.835887, -73.943586 40.835888, -73.943585 40.835888, -73.943584 40.835889, -73.943582 40.835889, -73.943581 40.83589, -73.94358 40.83589, -73.943579 40.835891, -73.943577 40.835891, -73.943576 40.835891, -73.943576 40.835891, -73.943575 40.835892, -73.943573 40.835892, -73.943572 40.835892, -73.943571 40.835892, -73.943569 40.835893, -73.943568 40.835893, -73.943567 40.835893, -73.943565 40.835893, -73.943564 40.835893, -73.943562 40.835893, -73.943561 40.835893, -73.94356 40.835893, -73.943558 40.835893, -73.943557 40.835892, -73.943556 40.835892, -73.943554 40.835892, -73.943553 40.835892, -73.943552 40.835892, -73.94355 40.835891, -73.943549 40.835891, -73.943548 40.83589, -73.943546 40.83589, -73.943545 40.83589, -73.943545 40.835889, -73.943544 40.835889, -73.943543 40.835888, -73.943542 40.835888, -73.94354 40.835887, -73.943539 40.835887, -73.943538 40.835886, -73.943537 40.835885, -73.943536 40.835885, -73.943535 40.835884, -73.943534 40.835883, -73.943533 40.835882, -73.943532 40.835882, -73.943532 40.835881, -73.943531 40.83588, -73.94353 40.835879, -73.943529 40.835878, -73.943529 40.835877, -73.943528 40.835876, -73.943527 40.835875, -73.943527 40.835874, -73.943526 40.835873, -73.943526 40.835872, -73.943525 40.835871, -73.943525 40.83587, -73.943525 40.83587, -73.943525 40.835869, -73.943524 40.835868, -73.943524 40.835867, -73.943524 40.835866, -73.943524 40.835865, -73.943524 40.835864, -73.943524 40.835863, -73.943524 40.835862, -73.943524 40.835861, -73.943524 40.83586, -73.943524 40.835859, -73.943524 40.835858, -73.943525 40.835857, -73.943525 40.835856, -73.943525 40.835855, -73.943526 40.835854, -73.943526 40.835854, -73.943526 40.835853, -73.943526 40.835852, -73.943527 40.835851, -73.943527 40.83585, -73.943545 40.835826, -73.943546 40.835824, -73.943587 40.835768, -73.943676 40.835643, -73.943709 40.835598, -73.943763 40.835523, -73.943853 40.835402, -73.943867 40.835382, -73.943881 40.835363, -73.943885 40.835358, -73.943886 40.835358, -73.943887 40.835357, -73.943889 40.835357, -73.94389 40.835356, -73.943891 40.835356, -73.943892 40.835355, -73.943894 40.835355, -73.943895 40.835354, -73.943897 40.835354, -73.943898 40.835354, -73.943899 40.835354, -73.9439 40.835354, -73.943901 40.835353, -73.943902 40.835353, -73.943904 40.835353, -73.943905 40.835353, -73.943906 40.835353, -73.943907 40.835353, -73.943907 40.835353, -73.943908 40.835353, -73.94391 40.835353, -73.943911 40.835353, -73.943912 40.835353, -73.943914 40.835353, -73.943915 40.835353, -73.943917 40.835354, -73.943918 40.835354, -73.94392 40.835354, -73.943921 40.835355, -73.943922 40.835355, -73.943924 40.835355, -73.943925 40.835356, -73.943926 40.835356, -73.943928 40.835357, -73.943929 40.835357, -73.943929 40.835357, -73.94393 40.835358, -73.943931 40.835358, -73.943932 40.835359, -73.943933 40.835359, -73.943934 40.83536, -73.943935 40.83536))"^^<http://www.opengis.net/ont/geosparql#wktLiteral> .
<https://w3id.org/rtskg/new_york_city/instance/block_44417> <https://w3id.org/rtskg/ontology/objectproperty/block_intersects_station_area> <https://w3id.org/rtskg/new_york_city/instance/station_area_39> .
<https://w3id.org/rtskg/new_york_city/instance/block_44417> <https://w3id.org/rtskg/ontology/objectproperty/block_intersects_station_area> <https://w3id.org/rtskg/new_york_city/instance/station_area_41> .
<https://w3id.org/rtskg/new_york_city/instance/block_44417> <https://w3id.org/rtskg/ontology/objectproperty/block_intersects_station_area> <https://w3id.org/rtskg/new_york_city/instance/station_area_42> .
<https://w3id.org/rtskg/new_york_city/instance/block_44417> <https://w3id.org/rtskg/ontology/objectproperty/block_intersects_station_area> <https://w3id.org/rtskg/new_york_city/instance/station_area_45> .
<https://w3id.org/rtskg/new_york_city/instance/block_44417> <https://w3id.org/rtskg/ontology/objectproperty/block_intersects_station_area> <https://w3id.org/rtskg/new_york_city/instance/station_area_46> .
<https://w3id.org/rtskg/new_york_city/instance/block_44417> <https://w3id.org/rtskg/ontology/objectproperty/block_intersects_station_area> <https://w3id.org/rtskg/new_york_city/instance/station_area_49> .
<https://w3id.org/rtskg/new_york_city/instance/block_44417> <https://w3id.org/rtskg/ontology/objectproperty/block_locates_at_borough> <https://w3id.org/rtskg/new_york_city/instance/borough_1> .
<https://w3id.org/rtskg/new_york_city/instance/block_44417> <https://w3id.org/rtskg/ontology/objectproperty/block_locates_at_functional_area> <https://w3id.org/rtskg/new_york_city/instance/functional_area_244> .
