<https://w3id.org/rtskg/new_york_city/instance/block_17705> <http://www.w3.org/1999/02/22-rdf-syntax-ns#type> <https://w3id.org/rtskg/ontology/class/block> .
<https://w3id.org/rtskg/new_york_city/instance/block_17705> <https://w3id.org/rtskg/ontology/dataproperty/geometry> "POLYGON ((-74.009098 40.702196, -74.009098 40.702196, -74.009098 40.702196, -74.009098 40.702196, -74.009098 40.702196, -74.009098 40.702196, -74.009098 40.702196, -74.009098 40.702196, -74.009098 40.702197, -74.009098 40.702197, -74.009098 40.702197, -74.009097 40.702197, -74.009097 40.702197, -74.009097 40.702197, -74.009097 40.702197, -74.009097 40.702197, -74.009097 40.702197, -74.009097 40.702198, -74.009097 40.702198, -74.009096 40.702198, -74.009096 40.702198, -74.009096 40.702198, -74.009066 40.702216, -74.009042 40.702231, -74.008995 40.70226, -74.008935 40.702296, -74.008881 40.702329, -74.008854 40.702345, -74.008827 40.702361, -74.008774 40.702394, -74.00872 40.702426, -74.008714 40.70243, -74.008666 40.702459, -74.008613 40.702492, -74.008582 40.70251, -74.008559 40.702524, -74.008505 40.702557, -74.008458 40.702586, -74.008451 40.702589, -74.008398 40.702622, -74.008357 40.702647, -74.008344 40.702654, -74.008291 40.702687, -74.008291 40.702687, -74.008291 40.702687, -74.00829 40.702687, -74.00829 40.702687, -74.00829 40.702687, -74.00829 40.702687, -74.008173 40.702758, -74.008101 40.702801, -74.007963 40.702883, -74.00786 40.702945, -74.007858 40.702947, -74.00786 40.702943, -74.007862 40.702938, -74.007864 40.702935, -74.007865 40.702934, -74.007868 40.70293, -74.007873 40.702927, -74.007877 40.702924, -74.008036 40.702828, -74.008081 40.702801, -74.008128 40.702773, -74.008174 40.702745, -74.008225 40.702714, -74.008275 40.702684, -74.008283 40.702679, -74.008326 40.702653, -74.008376 40.702623, -74.008427 40.702592, -74.008477 40.702562, -74.008528 40.702531, -74.008578 40.702501, -74.008629 40.70247, -74.008681 40.702438, -74.008734 40.702406, -74.008787 40.702373, -74.00884 40.702341, -74.008893 40.702309, -74.008945 40.702276, -74.008992 40.702248, -74.008998 40.702244, -74.009045 40.702217, -74.009086 40.702194, -74.00909 40.702191, -74.00909 40.702191, -74.00909 40.702191, -74.00909 40.702191, -74.00909 40.702191, -74.00909 40.702191, -74.00909 40.702191, -74.009091 40.702191, -74.009091 40.702191, -74.009091 40.702191, -74.009091 40.702191, -74.009091 40.702191, -74.009092 40.702191, -74.009092 40.702191, -74.009092 40.702191, -74.009092 40.702191, -74.009092 40.702191, -74.009092 40.702191, -74.009093 40.702191, -74.009093 40.702191, -74.009093 40.702191, -74.009093 40.702191, -74.009093 40.702191, -74.009094 40.702191, -74.009094 40.702191, -74.009094 40.702191, -74.009094 40.702191, -74.009094 40.702191, -74.009095 40.702191, -74.009095 40.702191, -74.009095 40.702191, -74.009095 40.702191, -74.009095 40.702191, -74.009095 40.702191, -74.009096 40.702191, -74.009096 40.702191, -74.009096 40.702191, -74.009096 40.702191, -74.009096 40.702191, -74.009096 40.702192, -74.009096 40.702192, -74.009097 40.702192, -74.009097 40.702192, -74.009097 40.702192, -74.009097 40.702192, -74.009097 40.702192, -74.009097 40.702192, -74.009097 40.702192, -74.009097 40.702192, -74.009098 40.702193, -74.009098 40.702193, -74.009098 40.702193, -74.009098 40.702193, -74.009098 40.702193, -74.009098 40.702193, -74.009098 40.702193, -74.009098 40.702194, -74.009098 40.702194, -74.009098 40.702194, -74.009098 40.702194, -74.009098 40.702194, -74.009098 40.702194, -74.009098 40.702194, -74.009098 40.702195, -74.009098 40.702195, -74.009098 40.702195, -74.009098 40.702195, -74.009098 40.702195, -74.009098 40.702195, -74.009098 40.702195, -74.009098 40.702196))"^^<http://www.opengis.net/ont/geosparql#wktLiteral> .
<https://w3id.org/rtskg/new_york_city/instance/block_17705> <https://w3id.org/rtskg/ontology/objectproperty/block_intersects_station_area> <https://w3id.org/rtskg/new_york_city/instance/station_area_309> .
<https://w3id.org/rtskg/new_york_city/instance/block_17705> <https://w3id.org/rtskg/ontology/objectproperty/block_intersects_station_area> <https://w3id.org/rtskg/new_york_city/instance/station_area_317> .
<https://w3id.org/rtskg/new_york_city/instance/block_17705> <https://w3id.org/rtskg/ontology/objectproperty/block_intersects_station_area> <https://w3id.org/rtskg/new_york_city/instance/station_area_449> .
<https://w3id.org/rtskg/new_york_city/instance/block_17705> <https://w3id.org/rtskg/ontology/objectproperty/block_intersects_station_area> <https://w3id.org/rtskg/new_york_city/instance/station_area_647> .
<https://w3id.org/rtskg/new_york_city/instance/block_17705> <https://w3id.org/rtskg/ontology/objectproperty/block_intersects_station_area> <https://w3id.org/rtskg/new_york_city/instance/station_area_719> .
<https://w3id.org/rtskg/new_york_city/instance/block_17705> <https://w3id.org/rtskg/ontology/objectproperty/block_intersects_station_area> <https://w3id.org/rtskg/new_york_city/instance/station_area_725> .
<https://w3id.org/rtskg/new_york_city/instance/block_17705> <https://w3id.org/rtskg/ontology/objectproperty/block_intersects_station_area> <https://w3id.org/rtskg/new_york_city/instance/station_area_726> .
<https://w3id.org/rtskg/new_york_city/instance/block_17705> <https://w3id.org/rtskg/ontology/objectproperty/block_locates_at_borough> <https://w3id.org/rtskg/new_york_city/instance/borough_1> .
<https://w3id.org/rtskg/new_york_city/instance/block_17705> <https://w3id.org/rtskg/ontology/objectproperty/block_locates_at_functional_area> <https://w3id.org/rtskg/new_york_city/instance/functional_area_88> .
