<https://w3id.org/rtskg/new_york_city/instance/block_19508> <http://www.w3.org/1999/02/22-rdf-syntax-ns#type> <https://w3id.org/rtskg/ontology/class/block> .
<https://w3id.org/rtskg/new_york_city/instance/block_19508> <https://w3id.org/rtskg/ontology/dataproperty/geometry> "POLYGON ((-73.98312 40.695969, -73.983121 40.695971, -73.983121 40.695973, -73.983121 40.695976, -73.983121 40.695979, -73.983121 40.695982, -73.98312 40.695985, -73.98312 40.695988, -73.983119 40.695992, -73.983118 40.695999, -73.983114 40.696002, -73.983109 40.696004, -73.983086 40.696003, -73.983057 40.696002, -73.982898 40.695995, -73.982814 40.695993, -73.982595 40.695984, -73.982571 40.695983, -73.98239 40.695976, -73.982201 40.695971, -73.982197 40.695971, -73.982188 40.695971, -73.982146 40.695974, -73.982104 40.695977, -73.982063 40.695982, -73.982021 40.695987, -73.98198 40.695994, -73.98194 40.696001, -73.98189 40.696013, -73.981841 40.696027, -73.981812 40.696036, -73.981792 40.696042, -73.981747 40.696057, -73.981744 40.696057, -73.981697 40.696075, -73.981638 40.696096, -73.981604 40.696109, -73.981578 40.696118, -73.981519 40.696139, -73.981459 40.696161, -73.9814 40.696183, -73.981342 40.696203, -73.981284 40.696224, -73.981234 40.696242, -73.981226 40.696245, -73.981214 40.696249, -73.981168 40.696266, -73.981138 40.696277, -73.981112 40.696287, -73.981057 40.696307, -73.981002 40.696328, -73.980949 40.696348, -73.980946 40.696349, -73.980905 40.696364, -73.980888 40.69637, -73.980829 40.696391, -73.98077 40.696413, -73.980759 40.696417, -73.980748 40.69642, -73.980742 40.696422, -73.980717 40.696414, -73.980682 40.696402, -73.980673 40.696399, -73.980563 40.696367, -73.980478 40.696342, -73.980478 40.696338, -73.980476 40.69632, -73.980474 40.696304, -73.980473 40.696299, -73.980474 40.696299, -73.980503 40.696297, -73.980532 40.696294, -73.98056 40.69629, -73.980571 40.696289, -73.980588 40.696286, -73.980598 40.696285, -73.980617 40.696282, -73.980645 40.696277, -73.980682 40.696271, -73.980719 40.696265, -73.980755 40.696258, -73.980792 40.69625, -73.980828 40.696242, -73.980864 40.696233, -73.9809 40.696224, -73.980935 40.696213, -73.98097 40.696203, -73.981005 40.696191, -73.981089 40.696167, -73.981135 40.696153, -73.981171 40.696141, -73.981173 40.696141, -73.981204 40.696131, -73.981217 40.696127, -73.98123 40.696123, -73.981244 40.696119, -73.981257 40.696115, -73.981273 40.69611, -73.98128 40.696108, -73.981329 40.696091, -73.981331 40.696091, -73.981388 40.696072, -73.981422 40.696061, -73.981445 40.696053, -73.981504 40.696034, -73.981505 40.696034, -73.981564 40.696017, -73.981601 40.696007, -73.981624 40.696, -73.981685 40.695986, -73.981747 40.695972, -73.981756 40.695971, -73.981795 40.695963, -73.981843 40.695955, -73.981891 40.695949, -73.98194 40.695943, -73.981989 40.695938, -73.982038 40.695935, -73.98208 40.695933, -73.982101 40.695933, -73.98211 40.695933, -73.982121 40.695933, -73.982163 40.695933, -73.982191 40.695934, -73.982201 40.695934, -73.982249 40.695935, -73.982437 40.695939, -73.982503 40.695941, -73.982817 40.695952, -73.982888 40.695955, -73.983059 40.69596, -73.983088 40.695961, -73.983113 40.695961, -73.983117 40.695964, -73.983118 40.695965, -73.983119 40.695965, -73.983119 40.695966, -73.983119 40.695966, -73.98312 40.695968, -73.98312 40.695969))"^^<http://www.opengis.net/ont/geosparql#wktLiteral> .
<https://w3id.org/rtskg/new_york_city/instance/block_19508> <https://w3id.org/rtskg/ontology/objectproperty/block_intersects_station_area> <https://w3id.org/rtskg/new_york_city/instance/station_area_305> .
<https://w3id.org/rtskg/new_york_city/instance/block_19508> <https://w3id.org/rtskg/ontology/objectproperty/block_intersects_station_area> <https://w3id.org/rtskg/new_york_city/instance/station_area_389> .
<https://w3id.org/rtskg/new_york_city/instance/block_19508> <https://w3id.org/rtskg/ontology/objectproperty/block_intersects_station_area> <https://w3id.org/rtskg/new_york_city/instance/station_area_481> .
<https://w3id.org/rtskg/new_york_city/instance/block_19508> <https://w3id.org/rtskg/ontology/objectproperty/block_intersects_station_area> <https://w3id.org/rtskg/new_york_city/instance/station_area_487> .
<https://w3id.org/rtskg/new_york_city/instance/block_19508> <https://w3id.org/rtskg/ontology/objectproperty/block_intersects_station_area> <https://w3id.org/rtskg/new_york_city/instance/station_area_511> .
<https://w3id.org/rtskg/new_york_city/instance/block_19508> <https://w3id.org/rtskg/ontology/objectproperty/block_intersects_station_area> <https://w3id.org/rtskg/new_york_city/instance/station_area_737> .
<https://w3id.org/rtskg/new_york_city/instance/block_19508> <https://w3id.org/rtskg/ontology/objectproperty/block_locates_at_borough> <https://w3id.org/rtskg/new_york_city/instance/borough_3> .
<https://w3id.org/rtskg/new_york_city/instance/block_19508> <https://w3id.org/rtskg/ontology/objectproperty/block_locates_at_functional_area> <https://w3id.org/rtskg/new_york_city/instance/functional_area_65> .
