<https://w3id.org/rtskg/new_york_city/instance/block_37781> <http://www.w3.org/1999/02/22-rdf-syntax-ns#type> <https://w3id.org/rtskg/ontology/class/block> .
<https://w3id.org/rtskg/new_york_city/instance/block_37781> <https://w3id.org/rtskg/ontology/dataproperty/geometry> "POLYGON ((-73.914578 40.844761, -73.914579 40.844761, -73.914581 40.844761, -73.914582 40.844761, -73.914582 40.844761, -73.914583 40.844762, -73.914583 40.844762, -73.914584 40.844762, -73.914587 40.844764, -73.914588 40.844764, -73.914588 40.844765, -73.91459 40.844766, -73.914591 40.844768, -73.914597 40.844775, -73.914597 40.844775, -73.914604 40.844782, -73.914609 40.844788, -73.914611 40.84479, -73.914615 40.844794, -73.914618 40.844797, -73.914626 40.844804, -73.914627 40.844805, -73.914633 40.844811, -73.914641 40.844817, -73.914646 40.84482, -73.91465 40.844823, -73.914659 40.84483, -73.914668 40.844836, -73.914677 40.844841, -73.914686 40.844847, -73.914696 40.844852, -73.914706 40.844857, -73.914716 40.844861, -73.914719 40.844863, -73.914726 40.844866, -73.914737 40.84487, -73.914737 40.84487, -73.914738 40.84487, -73.914738 40.84487, -73.914738 40.84487, -73.914739 40.84487, -73.914739 40.844871, -73.91474 40.844871, -73.91474 40.844871, -73.91474 40.844871, -73.914741 40.844871, -73.914741 40.844871, -73.914741 40.844871, -73.914742 40.844872, -73.914742 40.844872, -73.914742 40.844872, -73.914742 40.844872, -73.914743 40.844872, -73.914743 40.844873, -73.914743 40.844873, -73.914743 40.844873, -73.914744 40.844873, -73.914744 40.844874, -73.914744 40.844874, -73.914744 40.844874, -73.914744 40.844874, -73.914745 40.844875, -73.914745 40.844875, -73.914745 40.844875, -73.914745 40.844876, -73.914745 40.844876, -73.914745 40.844876, -73.914745 40.844876, -73.914746 40.844877, -73.914746 40.844877, -73.914746 40.844877, -73.914746 40.844878, -73.914746 40.844878, -73.914746 40.844878, -73.914746 40.844878, -73.914746 40.844879, -73.914746 40.844879, -73.914746 40.844879, -73.914746 40.84488, -73.914746 40.84488, -73.914745 40.84488, -73.914745 40.844881, -73.914745 40.844881, -73.914745 40.844881, -73.914745 40.844881, -73.914745 40.844882, -73.914745 40.844882, -73.914744 40.844882, -73.914744 40.844882, -73.914744 40.844882, -73.914744 40.844883, -73.914744 40.844883, -73.914744 40.844883, -73.914743 40.844883, -73.914743 40.844884, -73.914743 40.844884, -73.914743 40.844884, -73.914742 40.844884, -73.914742 40.844885, -73.914742 40.844885, -73.914742 40.844885, -73.914741 40.844885, -73.914741 40.844885, -73.914741 40.844886, -73.91474 40.844886, -73.91474 40.844886, -73.91474 40.844886, -73.914739 40.844886, -73.914739 40.844886, -73.914739 40.844886, -73.914738 40.844886, -73.914738 40.844887, -73.914737 40.844887, -73.914737 40.844887, -73.914737 40.844887, -73.914736 40.844887, -73.914736 40.844887, -73.914735 40.844887, -73.914735 40.844887, -73.914735 40.844887, -73.914734 40.844887, -73.914734 40.844887, -73.914733 40.844887, -73.914733 40.844887, -73.914733 40.844887, -73.914732 40.844887, -73.914732 40.844887, -73.914732 40.844887, -73.914731 40.844887, -73.914731 40.844887, -73.91473 40.844886, -73.91473 40.844886, -73.91473 40.844886, -73.914729 40.844886, -73.914704 40.844884, -73.914578 40.844873, -73.914572 40.844872, -73.914569 40.844872, -73.914568 40.844872, -73.914551 40.84487, -73.914549 40.84487, -73.914548 40.84487, -73.914548 40.84487, -73.914521 40.844864, -73.914514 40.844863, -73.914511 40.844862, -73.91451 40.844861, -73.914509 40.844861, -73.914508 40.84486, -73.914508 40.84486, -73.914508 40.84486, -73.914507 40.844859, -73.914507 40.844859, -73.914507 40.844858, -73.914507 40.844857, -73.914508 40.844853, -73.914508 40.844852, -73.914516 40.844841, -73.914528 40.844826, -73.914572 40.844764, -73.914575 40.844762, -73.914576 40.844762, -73.914577 40.844761, -73.914578 40.844761, -73.914578 40.844761))"^^<http://www.opengis.net/ont/geosparql#wktLiteral> .
<https://w3id.org/rtskg/new_york_city/instance/block_37781> <https://w3id.org/rtskg/ontology/objectproperty/block_intersects_station_area> <https://w3id.org/rtskg/new_york_city/instance/station_area_53> .
<https://w3id.org/rtskg/new_york_city/instance/block_37781> <https://w3id.org/rtskg/ontology/objectproperty/block_intersects_station_area> <https://w3id.org/rtskg/new_york_city/instance/station_area_573> .
<https://w3id.org/rtskg/new_york_city/instance/block_37781> <https://w3id.org/rtskg/ontology/objectproperty/block_intersects_station_area> <https://w3id.org/rtskg/new_york_city/instance/station_area_574> .
<https://w3id.org/rtskg/new_york_city/instance/block_37781> <https://w3id.org/rtskg/ontology/objectproperty/block_intersects_station_area> <https://w3id.org/rtskg/new_york_city/instance/station_area_57> .
<https://w3id.org/rtskg/new_york_city/instance/block_37781> <https://w3id.org/rtskg/ontology/objectproperty/block_intersects_station_area> <https://w3id.org/rtskg/new_york_city/instance/station_area_58> .
<https://w3id.org/rtskg/new_york_city/instance/block_37781> <https://w3id.org/rtskg/ontology/objectproperty/block_intersects_station_area> <https://w3id.org/rtskg/new_york_city/instance/station_area_61> .
<https://w3id.org/rtskg/new_york_city/instance/block_37781> <https://w3id.org/rtskg/ontology/objectproperty/block_locates_at_borough> <https://w3id.org/rtskg/new_york_city/instance/borough_2> .
<https://w3id.org/rtskg/new_york_city/instance/block_37781> <https://w3id.org/rtskg/ontology/objectproperty/block_locates_at_functional_area> <https://w3id.org/rtskg/new_york_city/instance/functional_area_169> .
