<https://w3id.org/rtskg/new_york_city/instance/block_17866> <http://www.w3.org/1999/02/22-rdf-syntax-ns#type> <https://w3id.org/rtskg/ontology/class/block> .
<https://w3id.org/rtskg/new_york_city/instance/block_17866> <https://w3id.org/rtskg/ontology/dataproperty/geometry> "POLYGON ((-74.011915 40.720366, -74.011921 40.72037, -74.011925 40.720374, -74.011928 40.72038, -74.011931 40.720385, -74.011933 40.720391, -74.011933 40.720394, -74.011934 40.720396, -74.011934 40.720402, -74.011934 40.720408, -74.011933 40.720413, -74.011933 40.720413, -74.011931 40.720419, -74.011928 40.720424, -74.011928 40.720425, -74.011927 40.720429, -74.011925 40.720433, -74.011923 40.720437, -74.011919 40.720441, -74.011915 40.720444, -74.01191 40.720447, -74.011907 40.720457, -74.011896 40.720501, -74.011842 40.720771, -74.011798 40.720985, -74.011764 40.721157, -74.011731 40.721332, -74.011703 40.721459, -74.01169 40.72152, -74.011687 40.721525, -74.011685 40.721529, -74.011681 40.721532, -74.011677 40.721536, -74.011672 40.721539, -74.011667 40.721541, -74.011662 40.721543, -74.011656 40.721545, -74.011647 40.721544, -74.011638 40.721544, -74.011628 40.721543, -74.011495 40.721533, -74.011424 40.721527, -74.011352 40.72152, -74.011281 40.721513, -74.011209 40.721506, -74.011138 40.7215, -74.011066 40.721493, -74.010994 40.721486, -74.010923 40.721479, -74.010851 40.721473, -74.01079 40.721467, -74.01078 40.721466, -74.010708 40.721459, -74.010694 40.721458, -74.010637 40.721452, -74.010576 40.721447, -74.010565 40.721446, -74.010494 40.721439, -74.010466 40.721436, -74.010422 40.721432, -74.010351 40.721425, -74.010279 40.721419, -74.010207 40.721412, -74.01016 40.721407, -74.010125 40.721404, -74.010085 40.7214, -74.010048 40.721396, -74.010026 40.721393, -74.010022 40.721393, -74.010021 40.721393, -74.010017 40.721392, -74.010017 40.721392, -74.010012 40.72139, -74.010008 40.721389, -74.010004 40.721387, -74.010001 40.721385, -74.01 40.721385, -74.009997 40.721383, -74.009994 40.72138, -74.009991 40.721377, -74.009988 40.721374, -74.009986 40.721371, -74.009985 40.72137, -74.009984 40.721368, -74.009983 40.721365, -74.009981 40.721361, -74.009981 40.721358, -74.00998 40.721355, -74.00998 40.721355, -74.00998 40.721351, -74.009998 40.721255, -74.010051 40.721219, -74.010104 40.720901, -74.010067 40.720863, -74.010069 40.720854, -74.010071 40.720837, -74.01008 40.720785, -74.010089 40.720728, -74.010092 40.720705, -74.010095 40.720687, -74.010098 40.72067, -74.010146 40.720638, -74.010202 40.72032, -74.010163 40.720284, -74.010167 40.720259, -74.010172 40.720226, -74.010173 40.720223, -74.010174 40.720222, -74.010174 40.720221, -74.010175 40.720218, -74.010177 40.720216, -74.010179 40.720213, -74.010181 40.720211, -74.010183 40.720209, -74.010186 40.720207, -74.010186 40.720207, -74.010189 40.720205, -74.010192 40.720204, -74.010195 40.720202, -74.010198 40.720201, -74.010201 40.7202, -74.010202 40.7202, -74.010205 40.720199, -74.010208 40.720199, -74.010212 40.720199, -74.010214 40.720199, -74.010216 40.720198, -74.010219 40.720199, -74.010225 40.720199, -74.010301 40.720207, -74.010367 40.720214, -74.0104 40.720217, -74.010471 40.720224, -74.010542 40.72023, -74.010614 40.720237, -74.010685 40.720244, -74.010756 40.72025, -74.010827 40.720257, -74.010898 40.720263, -74.010969 40.72027, -74.011041 40.720277, -74.011051 40.720278, -74.011112 40.720283, -74.011183 40.72029, -74.011254 40.720296, -74.011267 40.720298, -74.011283 40.720299, -74.011325 40.720303, -74.011385 40.720309, -74.011396 40.72031, -74.011468 40.720316, -74.011531 40.720322, -74.011539 40.720323, -74.011603 40.720329, -74.01161 40.720329, -74.011681 40.720336, -74.011749 40.720343, -74.011817 40.72035, -74.011867 40.720356, -74.011874 40.720356, -74.011882 40.720356, -74.011887 40.720357, -74.011889 40.720357, -74.011896 40.720359, -74.011903 40.720361, -74.011903 40.720361, -74.011909 40.720363, -74.011915 40.720366))"^^<http://www.opengis.net/ont/geosparql#wktLiteral> .
<https://w3id.org/rtskg/new_york_city/instance/block_17866> <https://w3id.org/rtskg/ontology/objectproperty/block_intersects_station_area> <https://w3id.org/rtskg/new_york_city/instance/station_area_339> .
<https://w3id.org/rtskg/new_york_city/instance/block_17866> <https://w3id.org/rtskg/ontology/objectproperty/block_intersects_station_area> <https://w3id.org/rtskg/new_york_city/instance/station_area_340> .
<https://w3id.org/rtskg/new_york_city/instance/block_17866> <https://w3id.org/rtskg/ontology/objectproperty/block_intersects_station_area> <https://w3id.org/rtskg/new_york_city/instance/station_area_353> .
<https://w3id.org/rtskg/new_york_city/instance/block_17866> <https://w3id.org/rtskg/ontology/objectproperty/block_intersects_station_area> <https://w3id.org/rtskg/new_york_city/instance/station_area_355> .
<https://w3id.org/rtskg/new_york_city/instance/block_17866> <https://w3id.org/rtskg/ontology/objectproperty/block_intersects_station_area> <https://w3id.org/rtskg/new_york_city/instance/station_area_443> .
<https://w3id.org/rtskg/new_york_city/instance/block_17866> <https://w3id.org/rtskg/ontology/objectproperty/block_intersects_station_area> <https://w3id.org/rtskg/new_york_city/instance/station_area_444> .
<https://w3id.org/rtskg/new_york_city/instance/block_17866> <https://w3id.org/rtskg/ontology/objectproperty/block_intersects_station_area> <https://w3id.org/rtskg/new_york_city/instance/station_area_671> .
<https://w3id.org/rtskg/new_york_city/instance/block_17866> <https://w3id.org/rtskg/ontology/objectproperty/block_locates_at_borough> <https://w3id.org/rtskg/new_york_city/instance/borough_1> .
<https://w3id.org/rtskg/new_york_city/instance/block_17866> <https://w3id.org/rtskg/ontology/objectproperty/block_locates_at_functional_area> <https://w3id.org/rtskg/new_york_city/instance/functional_area_231> .
