<https://w3id.org/rtskg/new_york_city/instance/block_11337> <http://www.w3.org/1999/02/22-rdf-syntax-ns#type> <https://w3id.org/rtskg/ontology/class/block> .
<https://w3id.org/rtskg/new_york_city/instance/block_11337> <https://w3id.org/rtskg/ontology/dataproperty/geometry> "POLYGON ((-73.879855 40.677419, -73.879954 40.6774, -73.879971 40.677397, -73.879992 40.677394, -73.880018 40.67739, -73.880029 40.677389, -73.880032 40.677388, -73.880112 40.677376, -73.880122 40.677374, -73.88056 40.677322, -73.880586 40.677319, -73.880593 40.677344, -73.880594 40.677348, -73.880598 40.677366, -73.880607 40.6774, -73.880615 40.677435, -73.88062 40.677453, -73.880632 40.677505, -73.880645 40.677557, -73.880658 40.677609, -73.880671 40.677661, -73.880684 40.677713, -73.880697 40.677766, -73.88071 40.677818, -73.880721 40.677861, -73.880723 40.67787, -73.880736 40.677922, -73.880749 40.677974, -73.880761 40.678027, -73.880774 40.678079, -73.880787 40.678131, -73.8808 40.678182, -73.880813 40.678233, -73.880826 40.678283, -73.880838 40.678334, -73.880849 40.678376, -73.880851 40.678385, -73.880855 40.6784, -73.880826 40.678404, -73.880761 40.678413, -73.880659 40.678427, -73.880534 40.678448, -73.88052 40.67845, -73.880509 40.678452, -73.880406 40.678467, -73.880331 40.678478, -73.880311 40.67848, -73.88026 40.678486, -73.88024 40.678489, -73.880172 40.678499, -73.880142 40.678504, -73.880124 40.678507, -73.880094 40.678511, -73.880073 40.678514, -73.880071 40.678514, -73.880041 40.678518, -73.880038 40.678505, -73.880036 40.678497, -73.880035 40.678493, -73.880031 40.678474, -73.88003 40.678473, -73.880026 40.678455, -73.880022 40.678441, -73.879967 40.67845, -73.879918 40.678457, -73.879921 40.67847, -73.879926 40.678492, -73.879928 40.678497, -73.879934 40.678522, -73.879947 40.678574, -73.879959 40.678626, -73.879961 40.678632, -73.879967 40.678657, -73.879939 40.678661, -73.879921 40.678664, -73.879915 40.678664, -73.87989 40.678668, -73.879874 40.67867, -73.879827 40.678676, -73.87978 40.678683, -73.879732 40.67869, -73.879663 40.6787, -73.879593 40.67871, -73.879524 40.678719, -73.879454 40.678729, -73.879385 40.678739, -73.879383 40.67874, -73.879315 40.678749, -73.879277 40.678754, -73.879244 40.678759, -73.879195 40.678764, -73.879179 40.678766, -73.879146 40.67877, -73.879144 40.67876, -73.879144 40.678759, -73.879141 40.678747, -73.879131 40.678706, -73.879118 40.678653, -73.879105 40.6786, -73.879092 40.678546, -73.879079 40.678493, -73.879066 40.67844, -73.879053 40.678387, -73.87904 40.678334, -73.879027 40.678281, -73.879015 40.678228, -73.879002 40.678177, -73.878999 40.678165, -73.87899 40.678127, -73.878977 40.678076, -73.878965 40.678026, -73.878952 40.677975, -73.87894 40.677925, -73.878927 40.677874, -73.878921 40.677848, -73.878915 40.677824, -73.878902 40.677773, -73.87889 40.677723, -73.878877 40.677673, -73.878865 40.677622, -73.878857 40.67759, -73.878852 40.677572, -73.878852 40.677569, -73.878875 40.677564, -73.87888 40.677563, -73.87908 40.67753, -73.879246 40.677504, -73.879409 40.677482, -73.879557 40.677464, -73.879636 40.677456, -73.879666 40.677453, -73.879669 40.677468, -73.879671 40.677475, -73.879674 40.677488, -73.879675 40.677494, -73.879681 40.67752, -73.879734 40.677512, -73.879735 40.677512, -73.879788 40.677504, -73.879779 40.67747, -73.879779 40.677469, -73.879776 40.677459, -73.879776 40.677458, -73.879771 40.677437, -73.879799 40.67743, -73.87981 40.677428, -73.879855 40.677419))"^^<http://www.opengis.net/ont/geosparql#wktLiteral> .
<https://w3id.org/rtskg/new_york_city/instance/block_11337> <https://w3id.org/rtskg/ontology/objectproperty/block_intersects_station_area> <https://w3id.org/rtskg/new_york_city/instance/station_area_369> .
<https://w3id.org/rtskg/new_york_city/instance/block_11337> <https://w3id.org/rtskg/ontology/objectproperty/block_intersects_station_area> <https://w3id.org/rtskg/new_york_city/instance/station_area_421> .
<https://w3id.org/rtskg/new_york_city/instance/block_11337> <https://w3id.org/rtskg/ontology/objectproperty/block_intersects_station_area> <https://w3id.org/rtskg/new_york_city/instance/station_area_601> .
<https://w3id.org/rtskg/new_york_city/instance/block_11337> <https://w3id.org/rtskg/ontology/objectproperty/block_intersects_station_area> <https://w3id.org/rtskg/new_york_city/instance/station_area_602> .
<https://w3id.org/rtskg/new_york_city/instance/block_11337> <https://w3id.org/rtskg/ontology/objectproperty/block_intersects_station_area> <https://w3id.org/rtskg/new_york_city/instance/station_area_665> .
<https://w3id.org/rtskg/new_york_city/instance/block_11337> <https://w3id.org/rtskg/ontology/objectproperty/block_intersects_station_area> <https://w3id.org/rtskg/new_york_city/instance/station_area_666> .
<https://w3id.org/rtskg/new_york_city/instance/block_11337> <https://w3id.org/rtskg/ontology/objectproperty/block_locates_at_borough> <https://w3id.org/rtskg/new_york_city/instance/borough_3> .
<https://w3id.org/rtskg/new_york_city/instance/block_11337> <https://w3id.org/rtskg/ontology/objectproperty/block_locates_at_functional_area> <https://w3id.org/rtskg/new_york_city/instance/functional_area_76> .
