<https://w3id.org/rtskg/new_york_city/instance/block_38261> <http://www.w3.org/1999/02/22-rdf-syntax-ns#type> <https://w3id.org/rtskg/ontology/class/block> .
<https://w3id.org/rtskg/new_york_city/instance/block_38261> <https://w3id.org/rtskg/ontology/dataproperty/geometry> "POLYGON ((-73.922215 40.869058, -73.922214 40.869058, -73.922207 40.869059, -73.922201 40.869059, -73.922196 40.869059, -73.922194 40.869059, -73.922187 40.869057, -73.922181 40.869056, -73.922175 40.869053, -73.922174 40.869052, -73.922165 40.869041, -73.922133 40.869001, -73.92213 40.868996, -73.922104 40.868955, -73.922075 40.868909, -73.92206 40.868886, -73.922045 40.868862, -73.922016 40.868816, -73.921987 40.86877, -73.921956 40.868722, -73.921946 40.868707, -73.921925 40.868674, -73.921894 40.868625, -73.921862 40.868577, -73.921854 40.868564, -73.921842 40.868544, -73.921835 40.868535, -73.921831 40.868528, -73.921831 40.868527, -73.921831 40.868526, -73.921831 40.868525, -73.921831 40.868523, -73.921831 40.868522, -73.921832 40.868521, -73.921832 40.86852, -73.921832 40.868519, -73.921833 40.868517, -73.921833 40.868516, -73.921834 40.868515, -73.921834 40.868514, -73.921835 40.868513, -73.921835 40.868512, -73.921836 40.86851, -73.921837 40.868509, -73.921837 40.868508, -73.921838 40.868507, -73.921839 40.868506, -73.92184 40.868505, -73.921841 40.868504, -73.921842 40.868503, -73.921843 40.868502, -73.921844 40.868501, -73.921845 40.8685, -73.921847 40.8685, -73.921848 40.868499, -73.921849 40.868498, -73.921849 40.868498, -73.92185 40.868497, -73.921852 40.868496, -73.921862 40.868493, -73.92187 40.86849, -73.921896 40.868481, -73.921914 40.868474, -73.921975 40.868452, -73.922037 40.86843, -73.922099 40.868408, -73.922161 40.868386, -73.922223 40.868364, -73.922284 40.868342, -73.922346 40.86832, -73.922408 40.868298, -73.92247 40.868276, -73.922533 40.868253, -73.922596 40.868231, -73.922659 40.868208, -73.922722 40.868185, -73.922743 40.868178, -73.922786 40.868163, -73.922849 40.86814, -73.922912 40.868117, -73.922975 40.868095, -73.923038 40.868072, -73.923101 40.868049, -73.923164 40.868027, -73.923227 40.868004, -73.92329 40.867982, -73.923354 40.867959, -73.923417 40.867936, -73.92348 40.867914, -73.923493 40.867909, -73.923529 40.867896, -73.923542 40.867891, -73.923543 40.867891, -73.923544 40.867891, -73.923545 40.86789, -73.923546 40.86789, -73.923547 40.86789, -73.923548 40.86789, -73.923549 40.867889, -73.923551 40.867889, -73.923552 40.867889, -73.923552 40.867889, -73.923553 40.867889, -73.923554 40.867889, -73.923555 40.867889, -73.923556 40.867889, -73.923557 40.867889, -73.923558 40.867889, -73.923559 40.867889, -73.92356 40.867889, -73.923564 40.86789, -73.923571 40.867891, -73.923571 40.867891, -73.923573 40.867892, -73.923576 40.867893, -73.923582 40.867895, -73.923587 40.867898, -73.923591 40.867901, -73.923595 40.867905, -73.923596 40.867906, -73.923604 40.867919, -73.923656 40.867995, -73.923706 40.868069, -73.923844 40.86829, -73.923923 40.868413, -73.923924 40.868415, -73.923925 40.868417, -73.923927 40.868421, -73.923927 40.868425, -73.923927 40.868426, -73.923927 40.86843, -73.923927 40.868434, -73.923925 40.868438, -73.923923 40.868442, -73.92392 40.868445, -73.923919 40.868447, -73.923917 40.868449, -73.923913 40.868452, -73.923912 40.868452, -73.923909 40.868454, -73.923901 40.868457, -73.923702 40.868529, -73.923374 40.868643, -73.923056 40.868757, -73.922793 40.86885, -73.922588 40.868922, -73.922489 40.868957, -73.922424 40.868981, -73.922414 40.868985, -73.92222 40.869057, -73.922215 40.869058))"^^<http://www.opengis.net/ont/geosparql#wktLiteral> .
<https://w3id.org/rtskg/new_york_city/instance/block_38261> <https://w3id.org/rtskg/ontology/objectproperty/block_intersects_station_area> <https://w3id.org/rtskg/new_york_city/instance/station_area_399> .
<https://w3id.org/rtskg/new_york_city/instance/block_38261> <https://w3id.org/rtskg/ontology/objectproperty/block_intersects_station_area> <https://w3id.org/rtskg/new_york_city/instance/station_area_400> .
<https://w3id.org/rtskg/new_york_city/instance/block_38261> <https://w3id.org/rtskg/ontology/objectproperty/block_intersects_station_area> <https://w3id.org/rtskg/new_york_city/instance/station_area_499> .
<https://w3id.org/rtskg/new_york_city/instance/block_38261> <https://w3id.org/rtskg/ontology/objectproperty/block_intersects_station_area> <https://w3id.org/rtskg/new_york_city/instance/station_area_500> .
<https://w3id.org/rtskg/new_york_city/instance/block_38261> <https://w3id.org/rtskg/ontology/objectproperty/block_intersects_station_area> <https://w3id.org/rtskg/new_york_city/instance/station_area_81> .
<https://w3id.org/rtskg/new_york_city/instance/block_38261> <https://w3id.org/rtskg/ontology/objectproperty/block_intersects_station_area> <https://w3id.org/rtskg/new_york_city/instance/station_area_87> .
<https://w3id.org/rtskg/new_york_city/instance/block_38261> <https://w3id.org/rtskg/ontology/objectproperty/block_locates_at_borough> <https://w3id.org/rtskg/new_york_city/instance/borough_1> .
<https://w3id.org/rtskg/new_york_city/instance/block_38261> <https://w3id.org/rtskg/ontology/objectproperty/block_locates_at_functional_area> <https://w3id.org/rtskg/new_york_city/instance/functional_area_127> .
