<https://w3id.org/rtskg/new_york_city/instance/block_30228> <http://www.w3.org/1999/02/22-rdf-syntax-ns#type> <https://w3id.org/rtskg/ontology/class/block> .
<https://w3id.org/rtskg/new_york_city/instance/block_30228> <https://w3id.org/rtskg/ontology/dataproperty/geometry> "POLYGON ((-73.804007 40.70131, -73.804011 40.701317, -73.804011 40.701318, -73.804018 40.701333, -73.804019 40.701338, -73.804023 40.701349, -73.804023 40.70135, -73.804023 40.70136, -73.804023 40.701361, -73.804023 40.701365, -73.804019 40.701377, -73.804017 40.70138, -73.804014 40.701385, -73.804012 40.701388, -73.804003 40.701398, -73.803996 40.701402, -73.803989 40.701406, -73.803974 40.70141, -73.803971 40.701411, -73.803954 40.701416, -73.803951 40.701417, -73.803921 40.701425, -73.803896 40.701432, -73.803888 40.701434, -73.803879 40.701436, -73.80387 40.701436, -73.803842 40.701436, -73.803827 40.701436, -73.803816 40.701438, -73.80379 40.701444, -73.803765 40.701449, -73.803732 40.701456, -73.803728 40.701457, -73.803699 40.701463, -73.80365 40.701474, -73.803627 40.701478, -73.803605 40.701483, -73.803584 40.701488, -73.803562 40.701492, -73.803541 40.701497, -73.80352 40.701501, -73.803499 40.701506, -73.803476 40.70151, -73.803454 40.701515, -73.803366 40.701534, -73.803344 40.701539, -73.803322 40.701543, -73.8033 40.701548, -73.803278 40.701553, -73.803256 40.701557, -73.803233 40.701562, -73.803211 40.701567, -73.803135 40.701583, -73.803122 40.701586, -73.803102 40.70159, -73.803082 40.701594, -73.803062 40.701598, -73.803042 40.701602, -73.803022 40.701606, -73.803002 40.70161, -73.802956 40.701619, -73.802951 40.70162, -73.802928 40.701625, -73.802922 40.701626, -73.802894 40.701632, -73.802888 40.701633, -73.80286 40.701639, -73.802855 40.70164, -73.802827 40.701646, -73.802821 40.701647, -73.802793 40.701653, -73.802787 40.701655, -73.802773 40.701658, -73.80276 40.701662, -73.80276 40.701662, -73.802755 40.701664, -73.802748 40.701667, -73.802729 40.701686, -73.802728 40.701688, -73.802727 40.701689, -73.802723 40.701693, -73.802715 40.701699, -73.802713 40.7017, -73.8027 40.701706, -73.802699 40.701707, -73.802666 40.701714, -73.802664 40.701714, -73.802653 40.701716, -73.802639 40.701717, -73.802633 40.701716, -73.802627 40.701716, -73.802627 40.701715, -73.802623 40.701715, -73.802616 40.70171, -73.802615 40.70171, -73.802611 40.7017, -73.802611 40.701699, -73.802613 40.701692, -73.802613 40.701691, -73.802616 40.701685, -73.802625 40.701669, -73.802626 40.701667, -73.802631 40.70166, -73.802638 40.70165, -73.802639 40.701649, -73.802649 40.701642, -73.802654 40.701637, -73.802658 40.701633, -73.802667 40.701629, -73.802667 40.701629, -73.802683 40.701624, -73.802699 40.701619, -73.802708 40.701616, -73.802715 40.701614, -73.802731 40.701609, -73.802747 40.701604, -73.802762 40.7016, -73.802779 40.701594, -73.802794 40.70159, -73.802803 40.701587, -73.802811 40.701585, -73.802825 40.70158, -73.802842 40.701575, -73.802857 40.701571, -73.802874 40.701566, -73.802888 40.701562, -73.802906 40.701556, -73.80292 40.701552, -73.802988 40.701532, -73.802995 40.70153, -73.802999 40.701529, -73.80301 40.701526, -73.803021 40.701522, -73.803032 40.701519, -73.803043 40.701516, -73.803054 40.701513, -73.803065 40.70151, -73.803213 40.701466, -73.80324 40.701458, -73.80325 40.701455, -73.803259 40.701452, -73.803269 40.701449, -73.803279 40.701446, -73.803289 40.701443, -73.803449 40.701396, -73.803461 40.701393, -73.803472 40.701389, -73.803484 40.701386, -73.803496 40.701382, -73.803508 40.701379, -73.803519 40.701375, -73.803531 40.701372, -73.803543 40.701368, -73.803555 40.701365, -73.803646 40.701338, -73.803658 40.701334, -73.803678 40.701328, -73.803807 40.70129, -73.803814 40.701288, -73.80382 40.701286, -73.803827 40.701284, -73.803833 40.701283, -73.803835 40.701282, -73.80384 40.701281, -73.803846 40.701279, -73.803872 40.701271, -73.803891 40.701268, -73.803896 40.701267, -73.803921 40.701263, -73.803923 40.701263, -73.803939 40.701264, -73.803944 40.701264, -73.803953 40.701266, -73.80396 40.701268, -73.803962 40.701269, -73.803976 40.701274, -73.803989 40.701283, -73.803992 40.701287, -73.803998 40.701293, -73.804005 40.701305, -73.804007 40.70131))"^^<http://www.opengis.net/ont/geosparql#wktLiteral> .
<https://w3id.org/rtskg/new_york_city/instance/block_30228> <https://w3id.org/rtskg/ontology/objectproperty/block_intersects_station_area> <https://w3id.org/rtskg/new_york_city/instance/station_area_505> .
<https://w3id.org/rtskg/new_york_city/instance/block_30228> <https://w3id.org/rtskg/ontology/objectproperty/block_intersects_station_area> <https://w3id.org/rtskg/new_york_city/instance/station_area_506> .
<https://w3id.org/rtskg/new_york_city/instance/block_30228> <https://w3id.org/rtskg/ontology/objectproperty/block_intersects_station_area> <https://w3id.org/rtskg/new_york_city/instance/station_area_621> .
<https://w3id.org/rtskg/new_york_city/instance/block_30228> <https://w3id.org/rtskg/ontology/objectproperty/block_intersects_station_area> <https://w3id.org/rtskg/new_york_city/instance/station_area_683> .
<https://w3id.org/rtskg/new_york_city/instance/block_30228> <https://w3id.org/rtskg/ontology/objectproperty/block_intersects_station_area> <https://w3id.org/rtskg/new_york_city/instance/station_area_684> .
<https://w3id.org/rtskg/new_york_city/instance/block_30228> <https://w3id.org/rtskg/ontology/objectproperty/block_intersects_station_area> <https://w3id.org/rtskg/new_york_city/instance/station_area_685> .
<https://w3id.org/rtskg/new_york_city/instance/block_30228> <https://w3id.org/rtskg/ontology/objectproperty/block_locates_at_borough> <https://w3id.org/rtskg/new_york_city/instance/borough_4> .
<https://w3id.org/rtskg/new_york_city/instance/block_30228> <https://w3id.org/rtskg/ontology/objectproperty/block_locates_at_functional_area> <https://w3id.org/rtskg/new_york_city/instance/functional_area_130> .
