<https://w3id.org/rtskg/new_york_city/instance/block_8676> <http://www.w3.org/1999/02/22-rdf-syntax-ns#type> <https://w3id.org/rtskg/ontology/class/block> .
<https://w3id.org/rtskg/new_york_city/instance/block_8676> <https://w3id.org/rtskg/ontology/dataproperty/geometry> "POLYGON ((-73.895903 40.660888, -73.895973 40.661153, -73.895986 40.661205, -73.895987 40.661209, -73.895986 40.661211, -73.895986 40.661213, -73.895985 40.661216, -73.895983 40.66122, -73.895981 40.661223, -73.895981 40.661223, -73.895978 40.661226, -73.895974 40.661229, -73.89597 40.661231, -73.895969 40.661232, -73.895966 40.661233, -73.895961 40.661234, -73.895949 40.661236, -73.895935 40.661238, -73.895908 40.661242, -73.895879 40.661246, -73.89587 40.661247, -73.895803 40.661257, -73.895772 40.661262, -73.895743 40.661266, -73.895529 40.661301, -73.895318 40.661332, -73.8952 40.661348, -73.895199 40.661348, -73.895193 40.661348, -73.895186 40.661348, -73.89518 40.661347, -73.895179 40.661347, -73.895177 40.661346, -73.895174 40.661345, -73.895168 40.661343, -73.895162 40.661341, -73.895157 40.661338, -73.895153 40.661334, -73.895153 40.661334, -73.895153 40.661334, -73.895148 40.661326, -73.895145 40.661317, -73.89514 40.661302, -73.895139 40.661298, -73.895139 40.661293, -73.89514 40.661289, -73.895141 40.661285, -73.895143 40.661281, -73.895146 40.661277, -73.895149 40.661273, -73.895151 40.661269, -73.895152 40.661264, -73.895152 40.66126, -73.895152 40.661256, -73.895119 40.661129, -73.895118 40.661123, -73.895117 40.661118, -73.895115 40.661114, -73.895113 40.66111, -73.89511 40.661106, -73.895107 40.661102, -73.895102 40.661099, -73.895098 40.661097, -73.895093 40.661093, -73.895088 40.661089, -73.895085 40.661085, -73.895081 40.661079, -73.895074 40.661047, -73.895074 40.661044, -73.895073 40.661039, -73.895073 40.661035, -73.895074 40.66103, -73.895074 40.66103, -73.895076 40.661025, -73.895077 40.661023, -73.895078 40.661021, -73.895079 40.66102, -73.895081 40.661017, -73.895085 40.661013, -73.89509 40.66101, -73.895095 40.661008, -73.895101 40.661006, -73.895114 40.660999, -73.89514 40.660988, -73.89516 40.660979, -73.89518 40.66097, -73.895218 40.660953, -73.895275 40.660927, -73.895333 40.660901, -73.895391 40.660875, -73.895433 40.660856, -73.895448 40.660849, -73.895476 40.660837, -73.895495 40.660828, -73.895506 40.660824, -73.895532 40.660812, -73.895564 40.660798, -73.895576 40.660792, -73.895595 40.660784, -73.895621 40.660772, -73.895679 40.660746, -73.895736 40.66072, -73.895793 40.660694, -73.895795 40.660694, -73.895796 40.660693, -73.895797 40.660693, -73.895799 40.660692, -73.8958 40.660692, -73.895802 40.660691, -73.895803 40.660691, -73.895805 40.660691, -73.895806 40.66069, -73.895808 40.66069, -73.895809 40.66069, -73.895811 40.66069, -73.895812 40.66069, -73.895814 40.66069, -73.895816 40.66069, -73.895817 40.66069, -73.895819 40.66069, -73.89582 40.66069, -73.895822 40.66069, -73.895823 40.66069, -73.895825 40.66069, -73.895826 40.660691, -73.895828 40.660691, -73.895829 40.660691, -73.895831 40.660692, -73.895832 40.660692, -73.895834 40.660692, -73.895835 40.660693, -73.895837 40.660694, -73.895838 40.660694, -73.895839 40.660695, -73.895841 40.660695, -73.895841 40.660695, -73.895842 40.660696, -73.895843 40.660697, -73.895844 40.660697, -73.895846 40.660698, -73.895847 40.660699, -73.895848 40.6607, -73.895849 40.660701, -73.89585 40.660702, -73.895851 40.660703, -73.895852 40.660703, -73.895853 40.660704, -73.895854 40.660705, -73.895856 40.660708, -73.895858 40.660711, -73.895903 40.660888))"^^<http://www.opengis.net/ont/geosparql#wktLiteral> .
<https://w3id.org/rtskg/new_york_city/instance/block_8676> <https://w3id.org/rtskg/ontology/objectproperty/block_intersects_station_area> <https://w3id.org/rtskg/new_york_city/instance/station_area_519> .
<https://w3id.org/rtskg/new_york_city/instance/block_8676> <https://w3id.org/rtskg/ontology/objectproperty/block_intersects_station_area> <https://w3id.org/rtskg/new_york_city/instance/station_area_545> .
<https://w3id.org/rtskg/new_york_city/instance/block_8676> <https://w3id.org/rtskg/ontology/objectproperty/block_intersects_station_area> <https://w3id.org/rtskg/new_york_city/instance/station_area_593> .
<https://w3id.org/rtskg/new_york_city/instance/block_8676> <https://w3id.org/rtskg/ontology/objectproperty/block_intersects_station_area> <https://w3id.org/rtskg/new_york_city/instance/station_area_594> .
<https://w3id.org/rtskg/new_york_city/instance/block_8676> <https://w3id.org/rtskg/ontology/objectproperty/block_intersects_station_area> <https://w3id.org/rtskg/new_york_city/instance/station_area_627> .
<https://w3id.org/rtskg/new_york_city/instance/block_8676> <https://w3id.org/rtskg/ontology/objectproperty/block_intersects_station_area> <https://w3id.org/rtskg/new_york_city/instance/station_area_707> .
<https://w3id.org/rtskg/new_york_city/instance/block_8676> <https://w3id.org/rtskg/ontology/objectproperty/block_locates_at_borough> <https://w3id.org/rtskg/new_york_city/instance/borough_3> .
<https://w3id.org/rtskg/new_york_city/instance/block_8676> <https://w3id.org/rtskg/ontology/objectproperty/block_locates_at_functional_area> <https://w3id.org/rtskg/new_york_city/instance/functional_area_77> .
