<https://w3id.org/rtskg/new_york_city/instance/block_38080> <http://www.w3.org/1999/02/22-rdf-syntax-ns#type> <https://w3id.org/rtskg/ontology/class/block> .
<https://w3id.org/rtskg/new_york_city/instance/block_38080> <https://w3id.org/rtskg/ontology/dataproperty/geometry> "POLYGON ((-73.909649 40.84828, -73.90965 40.848281, -73.909651 40.848281, -73.909652 40.848282, -73.909653 40.848282, -73.909653 40.848283, -73.909654 40.848283, -73.909654 40.848284, -73.909655 40.848285, -73.909656 40.848285, -73.909656 40.848286, -73.909657 40.848287, -73.909658 40.848288, -73.909658 40.848288, -73.909658 40.848289, -73.909659 40.848289, -73.909659 40.84829, -73.90966 40.848291, -73.90966 40.848292, -73.90966 40.848293, -73.909661 40.848293, -73.909661 40.848294, -73.909661 40.848295, -73.909661 40.848296, -73.909661 40.848296, -73.909662 40.848297, -73.909662 40.848298, -73.909662 40.848299, -73.909662 40.8483, -73.909662 40.8483, -73.909662 40.848301, -73.909662 40.848302, -73.909662 40.848303, -73.909661 40.848304, -73.909661 40.848305, -73.909661 40.848306, -73.909661 40.848307, -73.90966 40.84831, -73.909659 40.84831, -73.909645 40.848351, -73.90963 40.848395, -73.909614 40.84844, -73.909598 40.848484, -73.909583 40.848529, -73.90957 40.848566, -73.909565 40.84858, -73.90955 40.848632, -73.909532 40.848683, -73.909515 40.848732, -73.909497 40.848784, -73.909479 40.848836, -73.909462 40.848886, -73.909448 40.848926, -73.909445 40.848934, -73.909434 40.848964, -73.909428 40.848987, -73.909427 40.848988, -73.909426 40.848993, -73.909423 40.848997, -73.90942 40.849001, -73.90942 40.849001, -73.909416 40.849004, -73.909412 40.849008, -73.909407 40.84901, -73.909402 40.849013, -73.909401 40.849013, -73.909396 40.849014, -73.90939 40.849015, -73.909386 40.849016, -73.909384 40.849016, -73.909378 40.849016, -73.909342 40.849009, -73.909214 40.848982, -73.909192 40.848978, -73.909163 40.848972, -73.909162 40.848972, -73.909136 40.848966, -73.909119 40.848963, -73.909096 40.848958, -73.909088 40.848957, -73.909009 40.848942, -73.908901 40.848921, -73.908824 40.848906, -73.908785 40.848898, -73.908684 40.848877, -73.908589 40.848857, -73.908514 40.848842, -73.908472 40.848834, -73.908414 40.848824, -73.908414 40.848824, -73.908409 40.848822, -73.908404 40.84882, -73.908399 40.848817, -73.908397 40.848815, -73.908395 40.848814, -73.908392 40.84881, -73.908389 40.848806, -73.908386 40.848802, -73.908385 40.848798, -73.908384 40.848796, -73.908384 40.848794, -73.908384 40.848789, -73.908384 40.848785, -73.908385 40.848783, -73.908395 40.848752, -73.908469 40.848537, -73.908507 40.848428, -73.908595 40.848166, -73.908597 40.848162, -73.908618 40.848108, -73.908624 40.848093, -73.908624 40.848093, -73.908632 40.848086, -73.908634 40.848085, -73.908635 40.848085, -73.908636 40.848084, -73.908638 40.848084, -73.908639 40.848083, -73.90864 40.848083, -73.908642 40.848082, -73.908643 40.848082, -73.908645 40.848082, -73.908646 40.848082, -73.908648 40.848081, -73.908649 40.848081, -73.90865 40.848081, -73.908651 40.848081, -73.908652 40.848081, -73.908653 40.848081, -73.908655 40.848081, -73.908656 40.848081, -73.908658 40.848081, -73.908659 40.848081, -73.908661 40.848081, -73.908662 40.848081, -73.908664 40.848082, -73.908665 40.848082, -73.908667 40.848082, -73.908671 40.848083, -73.908704 40.84809, -73.908737 40.848097, -73.908782 40.848106, -73.908805 40.848111, -73.908857 40.848121, -73.908872 40.848124, -73.908931 40.848136, -73.908936 40.848136, -73.909 40.848148, -73.909001 40.848149, -73.909064 40.848161, -73.909065 40.848161, -73.909129 40.848173, -73.909142 40.848175, -73.909193 40.848185, -73.909218 40.848189, -73.909257 40.848197, -73.909295 40.848204, -73.909321 40.848209, -73.909363 40.848218, -73.909385 40.848222, -73.909427 40.848231, -73.909448 40.848236, -73.909505 40.848247, -73.909512 40.848249, -73.909575 40.848262, -73.909585 40.848264, -73.909637 40.848275, -73.909637 40.848275, -73.909638 40.848275, -73.909639 40.848276, -73.90964 40.848276, -73.909641 40.848276, -73.909643 40.848277, -73.909644 40.848277, -73.909645 40.848278, -73.909646 40.848278, -73.909647 40.848279, -73.909648 40.848279, -73.909649 40.84828, -73.909649 40.84828))"^^<http://www.opengis.net/ont/geosparql#wktLiteral> .
<https://w3id.org/rtskg/new_york_city/instance/block_38080> <https://w3id.org/rtskg/ontology/objectproperty/block_intersects_station_area> <https://w3id.org/rtskg/new_york_city/instance/station_area_335> .
<https://w3id.org/rtskg/new_york_city/instance/block_38080> <https://w3id.org/rtskg/ontology/objectproperty/block_intersects_station_area> <https://w3id.org/rtskg/new_york_city/instance/station_area_573> .
<https://w3id.org/rtskg/new_york_city/instance/block_38080> <https://w3id.org/rtskg/ontology/objectproperty/block_intersects_station_area> <https://w3id.org/rtskg/new_york_city/instance/station_area_57> .
<https://w3id.org/rtskg/new_york_city/instance/block_38080> <https://w3id.org/rtskg/ontology/objectproperty/block_intersects_station_area> <https://w3id.org/rtskg/new_york_city/instance/station_area_58> .
<https://w3id.org/rtskg/new_york_city/instance/block_38080> <https://w3id.org/rtskg/ontology/objectproperty/block_intersects_station_area> <https://w3id.org/rtskg/new_york_city/instance/station_area_61> .
<https://w3id.org/rtskg/new_york_city/instance/block_38080> <https://w3id.org/rtskg/ontology/objectproperty/block_intersects_station_area> <https://w3id.org/rtskg/new_york_city/instance/station_area_62> .
<https://w3id.org/rtskg/new_york_city/instance/block_38080> <https://w3id.org/rtskg/ontology/objectproperty/block_intersects_station_area> <https://w3id.org/rtskg/new_york_city/instance/station_area_699> .
<https://w3id.org/rtskg/new_york_city/instance/block_38080> <https://w3id.org/rtskg/ontology/objectproperty/block_intersects_station_area> <https://w3id.org/rtskg/new_york_city/instance/station_area_700> .
<https://w3id.org/rtskg/new_york_city/instance/block_38080> <https://w3id.org/rtskg/ontology/objectproperty/block_locates_at_borough> <https://w3id.org/rtskg/new_york_city/instance/borough_2> .
<https://w3id.org/rtskg/new_york_city/instance/block_38080> <https://w3id.org/rtskg/ontology/objectproperty/block_locates_at_functional_area> <https://w3id.org/rtskg/new_york_city/instance/functional_area_169> .
