<https://w3id.org/rtskg/new_york_city/instance/block_46435> <http://www.w3.org/1999/02/22-rdf-syntax-ns#type> <https://w3id.org/rtskg/ontology/class/block> .
<https://w3id.org/rtskg/new_york_city/instance/block_46435> <https://w3id.org/rtskg/ontology/dataproperty/geometry> "POLYGON ((-73.961684 40.765161, -73.961645 40.765144, -73.961645 40.765144, -73.961594 40.765123, -73.961591 40.765121, -73.961589 40.765117, -73.961589 40.765112, -73.96159 40.765107, -73.961591 40.765104, -73.961596 40.765101, -73.961599 40.765099, -73.961605 40.765097, -73.96161 40.765096, -73.961618 40.765096, -73.961627 40.765096, -73.961638 40.765097, -73.96164 40.765098, -73.961651 40.7651, -73.961682 40.765113, -73.961719 40.765128, -73.961779 40.765154, -73.961839 40.765179, -73.96184 40.76518, -73.9619 40.765205, -73.96196 40.76523, -73.96202 40.765256, -73.962058 40.765272, -73.962081 40.765281, -73.962141 40.765306, -73.962201 40.765332, -73.962261 40.765357, -73.962276 40.765363, -73.962322 40.765383, -73.962382 40.765408, -73.962442 40.765434, -73.962497 40.765457, -73.962503 40.765459, -73.962563 40.765484, -73.962623 40.76551, -73.962683 40.765535, -73.962737 40.765558, -73.962744 40.765561, -73.962804 40.765586, -73.962864 40.765612, -73.962925 40.765637, -73.962959 40.765652, -73.962985 40.765662, -73.962987 40.765664, -73.96299 40.765665, -73.962992 40.765666, -73.962995 40.765668, -73.962997 40.765669, -73.963 40.765671, -73.963002 40.765672, -73.963004 40.765674, -73.963006 40.765676, -73.963008 40.765677, -73.96301 40.765679, -73.963012 40.765681, -73.963014 40.765683, -73.963016 40.765685, -73.963018 40.765687, -73.963019 40.765689, -73.963019 40.765689, -73.96302 40.76569, -73.96302 40.76569, -73.96302 40.765691, -73.963021 40.765691, -73.963021 40.765692, -73.963021 40.765693, -73.963021 40.765693, -73.963022 40.765694, -73.963022 40.765694, -73.963022 40.765695, -73.963022 40.765695, -73.963022 40.765696, -73.963022 40.765697, -73.963022 40.765697, -73.963022 40.765698, -73.963022 40.765698, -73.963022 40.765699, -73.963022 40.765699, -73.963022 40.7657, -73.963021 40.765701, -73.963021 40.765701, -73.963021 40.765702, -73.963021 40.765702, -73.963021 40.765703, -73.96302 40.765703, -73.96302 40.765704, -73.96302 40.765704, -73.963019 40.765705, -73.963019 40.765705, -73.963019 40.765706, -73.963018 40.765706, -73.963018 40.765707, -73.963018 40.765707, -73.963017 40.765707, -73.963017 40.765708, -73.963016 40.765708, -73.963016 40.765709, -73.963015 40.765709, -73.963015 40.765709, -73.963014 40.76571, -73.963014 40.76571, -73.963013 40.76571, -73.963012 40.765711, -73.963012 40.765711, -73.963011 40.765711, -73.96301 40.765712, -73.96301 40.765712, -73.963009 40.765712, -73.963008 40.765712, -73.963008 40.765713, -73.963007 40.765713, -73.963006 40.765713, -73.963005 40.765713, -73.963005 40.765713, -73.963004 40.765713, -73.963003 40.765714, -73.963003 40.765714, -73.963002 40.765714, -73.963001 40.765714, -73.963 40.765714, -73.962999 40.765714, -73.962999 40.765714, -73.962998 40.765714, -73.962997 40.765714, -73.962996 40.765713, -73.962996 40.765713, -73.962995 40.765713, -73.962994 40.765713, -73.962994 40.765713, -73.962993 40.765713, -73.962992 40.765713, -73.962991 40.765712, -73.962991 40.765712, -73.96299 40.765712, -73.962989 40.765712, -73.962989 40.765711, -73.962988 40.765711, -73.962987 40.765711, -73.962987 40.76571, -73.962986 40.76571, -73.962986 40.76571, -73.962985 40.765709, -73.962985 40.765709, -73.962923 40.765683, -73.962861 40.765657, -73.962801 40.765631, -73.962799 40.765631, -73.962737 40.765604, -73.962675 40.765578, -73.962613 40.765552, -73.962567 40.765533, -73.962551 40.765526, -73.96249 40.7655, -73.962428 40.765474, -73.962366 40.765448, -73.96234 40.765437, -73.962304 40.765422, -73.962242 40.765396, -73.96218 40.76537, -73.962122 40.765345, -73.962118 40.765344, -73.962056 40.765318, -73.961995 40.765291, -73.961933 40.765265, -73.961903 40.765253, -73.961871 40.765239, -73.961809 40.765213, -73.961747 40.765187, -73.961685 40.765161, -73.961684 40.765161))"^^<http://www.opengis.net/ont/geosparql#wktLiteral> .
<https://w3id.org/rtskg/new_york_city/instance/block_46435> <https://w3id.org/rtskg/ontology/objectproperty/block_intersects_station_area> <https://w3id.org/rtskg/new_york_city/instance/station_area_181> .
<https://w3id.org/rtskg/new_york_city/instance/block_46435> <https://w3id.org/rtskg/ontology/objectproperty/block_intersects_station_area> <https://w3id.org/rtskg/new_york_city/instance/station_area_182> .
<https://w3id.org/rtskg/new_york_city/instance/block_46435> <https://w3id.org/rtskg/ontology/objectproperty/block_intersects_station_area> <https://w3id.org/rtskg/new_york_city/instance/station_area_189> .
<https://w3id.org/rtskg/new_york_city/instance/block_46435> <https://w3id.org/rtskg/ontology/objectproperty/block_intersects_station_area> <https://w3id.org/rtskg/new_york_city/instance/station_area_190> .
<https://w3id.org/rtskg/new_york_city/instance/block_46435> <https://w3id.org/rtskg/ontology/objectproperty/block_intersects_station_area> <https://w3id.org/rtskg/new_york_city/instance/station_area_539> .
<https://w3id.org/rtskg/new_york_city/instance/block_46435> <https://w3id.org/rtskg/ontology/objectproperty/block_intersects_station_area> <https://w3id.org/rtskg/new_york_city/instance/station_area_541> .
<https://w3id.org/rtskg/new_york_city/instance/block_46435> <https://w3id.org/rtskg/ontology/objectproperty/block_intersects_station_area> <https://w3id.org/rtskg/new_york_city/instance/station_area_542> .
<https://w3id.org/rtskg/new_york_city/instance/block_46435> <https://w3id.org/rtskg/ontology/objectproperty/block_locates_at_borough> <https://w3id.org/rtskg/new_york_city/instance/borough_1> .
<https://w3id.org/rtskg/new_york_city/instance/block_46435> <https://w3id.org/rtskg/ontology/objectproperty/block_locates_at_functional_area> <https://w3id.org/rtskg/new_york_city/instance/functional_area_141> .
