<https://w3id.org/rtskg/new_york_city/instance/block_18515> <http://www.w3.org/1999/02/22-rdf-syntax-ns#type> <https://w3id.org/rtskg/ontology/class/block> .
<https://w3id.org/rtskg/new_york_city/instance/block_18515> <https://w3id.org/rtskg/ontology/dataproperty/geometry> "POLYGON ((-74.017596 40.710363, -74.017597 40.710362, -74.017599 40.710361, -74.017601 40.71036, -74.017603 40.710359, -74.017604 40.710359, -74.017606 40.710358, -74.017608 40.710358, -74.01761 40.710357, -74.017612 40.710357, -74.017614 40.710356, -74.017616 40.710356, -74.017618 40.710356, -74.01762 40.710355, -74.017622 40.710355, -74.017624 40.710355, -74.017626 40.710355, -74.017628 40.710355, -74.01763 40.710355, -74.017632 40.710355, -74.017634 40.710355, -74.017636 40.710355, -74.017638 40.710356, -74.01764 40.710356, -74.017642 40.710356, -74.017644 40.710357, -74.017646 40.710357, -74.017648 40.710358, -74.017649 40.710358, -74.017651 40.710359, -74.017653 40.710359, -74.017655 40.71036, -74.017657 40.710361, -74.017658 40.710361, -74.01766 40.710362, -74.017662 40.710363, -74.017663 40.710364, -74.017665 40.710365, -74.017666 40.710366, -74.017668 40.710367, -74.017669 40.710368, -74.017671 40.710369, -74.017672 40.71037, -74.017673 40.710372, -74.017675 40.710373, -74.017676 40.710374, -74.017677 40.710375, -74.017678 40.710377, -74.017679 40.710378, -74.01768 40.710379, -74.017681 40.710381, -74.017681 40.710382, -74.017682 40.710383, -74.017683 40.710385, -74.017684 40.710386, -74.017684 40.710388, -74.017685 40.710389, -74.017685 40.710391, -74.017685 40.710391, -74.017685 40.710392, -74.017686 40.710394, -74.017686 40.710395, -74.017686 40.710397, -74.017686 40.710398, -74.017686 40.7104, -74.017686 40.710401, -74.017686 40.710403, -74.017686 40.710404, -74.017685 40.710406, -74.017685 40.710407, -74.017684 40.710409, -74.017684 40.71041, -74.017683 40.710412, -74.017683 40.710413, -74.017682 40.710415, -74.017681 40.710416, -74.01768 40.710418, -74.017679 40.710419, -74.017678 40.71042, -74.017677 40.710422, -74.017676 40.710423, -74.017675 40.710424, -74.017674 40.710425, -74.017672 40.710426, -74.017671 40.710427, -74.017671 40.710427, -74.017671 40.710428, -74.017669 40.710429, -74.017668 40.71043, -74.017666 40.710431, -74.017665 40.710432, -74.017663 40.710433, -74.017662 40.710433, -74.01766 40.710434, -74.017658 40.710435, -74.017656 40.710436, -74.017655 40.710437, -74.017653 40.710437, -74.017651 40.710438, -74.017649 40.710438, -74.017647 40.710439, -74.017645 40.710439, -74.017643 40.71044, -74.017641 40.71044, -74.017639 40.71044, -74.017637 40.710441, -74.017635 40.710441, -74.017633 40.710441, -74.017631 40.710441, -74.017629 40.710441, -74.017627 40.710441, -74.017625 40.710441, -74.017623 40.710441, -74.017621 40.710441, -74.017619 40.710441, -74.017617 40.71044, -74.017615 40.71044, -74.017613 40.71044, -74.017611 40.710439, -74.017609 40.710439, -74.017608 40.710438, -74.017606 40.710437, -74.017604 40.710437, -74.017602 40.710436, -74.0176 40.710435, -74.017599 40.710435, -74.017597 40.710434, -74.017595 40.710433, -74.017594 40.710432, -74.017592 40.710431, -74.01759 40.71043, -74.017589 40.710429, -74.017587 40.710428, -74.017586 40.710427, -74.017585 40.710426, -74.017583 40.710424, -74.017582 40.710423, -74.017581 40.710422, -74.01758 40.710421, -74.017579 40.710419, -74.017578 40.710418, -74.017577 40.710417, -74.017576 40.710415, -74.017575 40.710414, -74.017575 40.710412, -74.017574 40.710411, -74.017573 40.71041, -74.017573 40.710408, -74.017572 40.710407, -74.017572 40.710405, -74.017572 40.710403, -74.017571 40.710402, -74.017571 40.7104, -74.017571 40.710399, -74.017571 40.710397, -74.017571 40.710396, -74.017571 40.710394, -74.017571 40.710393, -74.017571 40.710391, -74.017572 40.71039, -74.017572 40.710388, -74.017573 40.710387, -74.017573 40.710385, -74.017574 40.710384, -74.017575 40.710382, -74.017575 40.710381, -74.017576 40.71038, -74.017577 40.710378, -74.017578 40.710377, -74.017579 40.710376, -74.01758 40.710374, -74.017581 40.710374, -74.017581 40.710373, -74.017583 40.710372, -74.017584 40.710371, -74.017585 40.71037, -74.017587 40.710368, -74.017588 40.710367, -74.017589 40.710366, -74.017591 40.710365, -74.017592 40.710364, -74.017594 40.710363, -74.017596 40.710363))"^^<http://www.opengis.net/ont/geosparql#wktLiteral> .
<https://w3id.org/rtskg/new_york_city/instance/block_18515> <https://w3id.org/rtskg/ontology/objectproperty/block_intersects_station_area> <https://w3id.org/rtskg/new_york_city/instance/station_area_317> .
<https://w3id.org/rtskg/new_york_city/instance/block_18515> <https://w3id.org/rtskg/ontology/objectproperty/block_intersects_station_area> <https://w3id.org/rtskg/new_york_city/instance/station_area_355> .
<https://w3id.org/rtskg/new_york_city/instance/block_18515> <https://w3id.org/rtskg/ontology/objectproperty/block_intersects_station_area> <https://w3id.org/rtskg/new_york_city/instance/station_area_449> .
<https://w3id.org/rtskg/new_york_city/instance/block_18515> <https://w3id.org/rtskg/ontology/objectproperty/block_intersects_station_area> <https://w3id.org/rtskg/new_york_city/instance/station_area_647> .
<https://w3id.org/rtskg/new_york_city/instance/block_18515> <https://w3id.org/rtskg/ontology/objectproperty/block_intersects_station_area> <https://w3id.org/rtskg/new_york_city/instance/station_area_715> .
<https://w3id.org/rtskg/new_york_city/instance/block_18515> <https://w3id.org/rtskg/ontology/objectproperty/block_intersects_station_area> <https://w3id.org/rtskg/new_york_city/instance/station_area_719> .
<https://w3id.org/rtskg/new_york_city/instance/block_18515> <https://w3id.org/rtskg/ontology/objectproperty/block_locates_at_borough> <https://w3id.org/rtskg/new_york_city/instance/borough_1> .
<https://w3id.org/rtskg/new_york_city/instance/block_18515> <https://w3id.org/rtskg/ontology/objectproperty/block_locates_at_functional_area> <https://w3id.org/rtskg/new_york_city/instance/functional_area_13> .
