<https://w3id.org/rtskg/new_york_city/instance/block_12274> <http://www.w3.org/1999/02/22-rdf-syntax-ns#type> <https://w3id.org/rtskg/ontology/class/block> .
<https://w3id.org/rtskg/new_york_city/instance/block_12274> <https://w3id.org/rtskg/ontology/dataproperty/geometry> "POLYGON ((-73.894148 40.746624, -73.89422 40.746617, -73.894268 40.746612, -73.894302 40.746608, -73.894352 40.746603, -73.89444 40.746594, -73.894488 40.746589, -73.894731 40.746564, -73.894751 40.746602, -73.894751 40.746602, -73.894822 40.746733, -73.89519 40.747471, -73.895192 40.747474, -73.895275 40.747623, -73.895281 40.747634, -73.895316 40.747712, -73.89537 40.747833, -73.895411 40.747903, -73.895553 40.748132, -73.895564 40.74815, -73.895584 40.748184, -73.89559 40.748193, -73.895591 40.7482, -73.895592 40.748207, -73.895592 40.748215, -73.895591 40.748222, -73.89559 40.748229, -73.895587 40.748237, -73.895584 40.748244, -73.895581 40.748251, -73.895576 40.748257, -73.895571 40.748264, -73.895565 40.74827, -73.895559 40.748275, -73.895552 40.748281, -73.895548 40.748284, -73.895545 40.748285, -73.895537 40.74829, -73.895529 40.748294, -73.895521 40.748297, -73.895512 40.748301, -73.895508 40.748302, -73.895503 40.748303, -73.8955 40.748304, -73.895494 40.748305, -73.895493 40.748305, -73.895484 40.748306, -73.895475 40.748307, -73.895474 40.748307, -73.895464 40.748308, -73.895453 40.748307, -73.895442 40.748305, -73.895431 40.748303, -73.895425 40.748301, -73.89542 40.7483, -73.895341 40.748272, -73.895329 40.748267, -73.895272 40.748243, -73.895229 40.748225, -73.895222 40.748222, -73.895217 40.74822, -73.895189 40.748208, -73.895161 40.748196, -73.895101 40.748171, -73.89504 40.748145, -73.894988 40.748123, -73.894448 40.74789, -73.894336 40.747841, -73.894296 40.747824, -73.894087 40.747734, -73.894046 40.747716, -73.893965 40.747681, -73.89387 40.74764, -73.893857 40.747634, -73.893837 40.747626, -73.893837 40.747626, -73.893837 40.747625, -73.893837 40.747625, -73.893837 40.747625, -73.893836 40.747619, -73.893833 40.747607, -73.893832 40.747598, -73.893826 40.747569, -73.89382 40.747538, -73.893816 40.747515, -73.893816 40.747515, -73.893806 40.747461, -73.893796 40.747406, -73.893786 40.747352, -73.893779 40.747319, -73.893775 40.747298, -73.893765 40.747243, -73.893755 40.747189, -73.893755 40.747188, -73.893745 40.747137, -73.893745 40.747135, -73.893739 40.747103, -73.893735 40.747081, -73.893734 40.747076, -73.893724 40.747026, -73.893718 40.746994, -73.893714 40.746977, -73.893712 40.746968, -73.893704 40.746928, -73.893694 40.746878, -73.893691 40.746861, -73.893685 40.746834, -73.893684 40.746829, -73.893674 40.74678, -73.893668 40.746744, -73.89366 40.746704, -73.89366 40.746703, -73.89366 40.746703, -73.89366 40.746702, -73.89366 40.746701, -73.89366 40.7467, -73.89366 40.746699, -73.89366 40.746698, -73.89366 40.746697, -73.89366 40.746696, -73.89366 40.746695, -73.893661 40.746694, -73.893661 40.746693, -73.893661 40.746692, -73.893662 40.746691, -73.893662 40.74669, -73.893663 40.746689, -73.893663 40.746688, -73.893664 40.746688, -73.893664 40.746687, -73.893665 40.746686, -73.893665 40.746686, -73.893666 40.746685, -73.893667 40.746684, -73.893667 40.746684, -73.893668 40.746683, -73.893669 40.746682, -73.89367 40.746681, -73.893671 40.746681, -73.893672 40.74668, -73.893673 40.746679, -73.893673 40.746679, -73.893675 40.746678, -73.893675 40.746678, -73.893676 40.746678, -73.893677 40.746677, -73.893678 40.746677, -73.893679 40.746676, -73.89368 40.746676, -73.893681 40.746675, -73.893682 40.746675, -73.893683 40.746674, -73.893685 40.746674, -73.893686 40.746674, -73.893687 40.746674, -73.893688 40.746673, -73.89369 40.746673, -73.893691 40.746673, -73.893692 40.746673, -73.893693 40.746673, -73.893695 40.746673, -73.893696 40.746673, -73.893697 40.746673, -73.893709 40.746671, -73.893763 40.746666, -73.89383 40.746658, -73.893896 40.746651, -73.893962 40.746644, -73.894028 40.746637, -73.894094 40.74663, -73.89411 40.746628, -73.894148 40.746624))"^^<http://www.opengis.net/ont/geosparql#wktLiteral> .
<https://w3id.org/rtskg/new_york_city/instance/block_12274> <https://w3id.org/rtskg/ontology/objectproperty/block_intersects_station_area> <https://w3id.org/rtskg/new_york_city/instance/station_area_169> .
<https://w3id.org/rtskg/new_york_city/instance/block_12274> <https://w3id.org/rtskg/ontology/objectproperty/block_intersects_station_area> <https://w3id.org/rtskg/new_york_city/instance/station_area_175> .
<https://w3id.org/rtskg/new_york_city/instance/block_12274> <https://w3id.org/rtskg/ontology/objectproperty/block_intersects_station_area> <https://w3id.org/rtskg/new_york_city/instance/station_area_176> .
<https://w3id.org/rtskg/new_york_city/instance/block_12274> <https://w3id.org/rtskg/ontology/objectproperty/block_intersects_station_area> <https://w3id.org/rtskg/new_york_city/instance/station_area_183> .
<https://w3id.org/rtskg/new_york_city/instance/block_12274> <https://w3id.org/rtskg/ontology/objectproperty/block_intersects_station_area> <https://w3id.org/rtskg/new_york_city/instance/station_area_184> .
<https://w3id.org/rtskg/new_york_city/instance/block_12274> <https://w3id.org/rtskg/ontology/objectproperty/block_intersects_station_area> <https://w3id.org/rtskg/new_york_city/instance/station_area_207> .
<https://w3id.org/rtskg/new_york_city/instance/block_12274> <https://w3id.org/rtskg/ontology/objectproperty/block_intersects_station_area> <https://w3id.org/rtskg/new_york_city/instance/station_area_503> .
<https://w3id.org/rtskg/new_york_city/instance/block_12274> <https://w3id.org/rtskg/ontology/objectproperty/block_intersects_station_area> <https://w3id.org/rtskg/new_york_city/instance/station_area_504> .
<https://w3id.org/rtskg/new_york_city/instance/block_12274> <https://w3id.org/rtskg/ontology/objectproperty/block_locates_at_borough> <https://w3id.org/rtskg/new_york_city/instance/borough_4> .
<https://w3id.org/rtskg/new_york_city/instance/block_12274> <https://w3id.org/rtskg/ontology/objectproperty/block_locates_at_functional_area> <https://w3id.org/rtskg/new_york_city/instance/functional_area_83> .
