<https://w3id.org/rtskg/new_york_city/instance/block_21248> <http://www.w3.org/1999/02/22-rdf-syntax-ns#type> <https://w3id.org/rtskg/ontology/class/block> .
<https://w3id.org/rtskg/new_york_city/instance/block_21248> <https://w3id.org/rtskg/ontology/dataproperty/geometry> "POLYGON ((-73.998241 40.753384, -73.998292 40.753405, -73.998302 40.75341, -73.998359 40.753434, -73.998413 40.753457, -73.998437 40.753467, -73.99844 40.753468, -73.998431 40.753485, -73.998426 40.753495, -73.998421 40.753505, -73.998418 40.753511, -73.998418 40.753511, -73.998418 40.753511, -73.998418 40.753512, -73.998418 40.753512, -73.998418 40.753512, -73.998417 40.753513, -73.998417 40.753513, -73.998417 40.753513, -73.998417 40.753513, -73.998417 40.753514, -73.998342 40.753692, -73.998275 40.753855, -73.998257 40.753893, -73.998253 40.753902, -73.99824 40.753932, -73.998221 40.75397, -73.998202 40.754007, -73.998194 40.754024, -73.998192 40.754026, -73.998183 40.754045, -73.998165 40.754077, -73.998152 40.754072, -73.998152 40.754072, -73.998152 40.754072, -73.998151 40.754072, -73.998151 40.754071, -73.998151 40.754071, -73.998151 40.754071, -73.99815 40.754071, -73.99815 40.754071, -73.99815 40.754071, -73.99815 40.754071, -73.998149 40.754071, -73.998149 40.754071, -73.998111 40.754055, -73.998086 40.754045, -73.998026 40.754019, -73.997964 40.753993, -73.997902 40.753967, -73.99784 40.753941, -73.997831 40.753937, -73.99781 40.753929, -73.997793 40.753921, -73.997778 40.753915, -73.997773 40.753913, -73.997716 40.753889, -73.997656 40.753864, -73.997654 40.753863, -73.997651 40.753862, -73.997592 40.753837, -73.99753 40.753811, -73.997474 40.753788, -73.997468 40.753785, -73.997406 40.753759, -73.997344 40.753733, -73.997293 40.753711, -73.997286 40.753708, -73.997282 40.753707, -73.997278 40.753705, -73.997193 40.753669, -73.997191 40.753669, -73.996962 40.753573, -73.99691 40.753551, -73.996848 40.753525, -73.996787 40.753499, -73.996732 40.753476, -73.996675 40.753452, -73.996623 40.75343, -73.996592 40.753417, -73.996579 40.753411, -73.996504 40.753378, -73.996499 40.753376, -73.996494 40.753373, -73.99649 40.753369, -73.996487 40.753365, -73.996484 40.753361, -73.996484 40.753359, -73.996483 40.753356, -73.996482 40.753352, -73.996482 40.753347, -73.996482 40.753346, -73.996483 40.753343, -73.996484 40.753338, -73.996514 40.753297, -73.996613 40.753161, -73.996732 40.752993, -73.996743 40.752979, -73.996778 40.752932, -73.996812 40.752885, -73.99683 40.75286, -73.996848 40.752836, -73.996849 40.752835, -73.99685 40.752834, -73.996851 40.752833, -73.996852 40.752832, -73.996853 40.752831, -73.996854 40.75283, -73.996854 40.75283, -73.996855 40.752829, -73.996856 40.752829, -73.996857 40.752828, -73.996858 40.752827, -73.996859 40.752826, -73.99686 40.752825, -73.996862 40.752825, -73.996863 40.752824, -73.996864 40.752824, -73.996866 40.752823, -73.996867 40.752822, -73.996868 40.752822, -73.996869 40.752822, -73.99687 40.752821, -73.996871 40.752821, -73.996873 40.752821, -73.996874 40.75282, -73.996876 40.75282, -73.996877 40.75282, -73.996879 40.752819, -73.99688 40.752819, -73.996882 40.752819, -73.996883 40.752819, -73.996885 40.752819, -73.996886 40.752819, -73.996888 40.752819, -73.996889 40.752819, -73.996891 40.752819, -73.996892 40.752819, -73.996894 40.752819, -73.996895 40.752819, -73.996897 40.752819, -73.996897 40.75282, -73.996898 40.75282, -73.9969 40.75282, -73.996901 40.75282, -73.996903 40.752821, -73.996904 40.752821, -73.996906 40.752822, -73.996907 40.752822, -73.996909 40.752823, -73.996916 40.752826, -73.996922 40.752829, -73.996969 40.752848, -73.997032 40.752874, -73.997095 40.752901, -73.997158 40.752927, -73.997204 40.752946, -73.997221 40.752953, -73.997285 40.75298, -73.997286 40.75298, -73.997293 40.752983, -73.997346 40.753005, -73.997348 40.753006, -73.997396 40.753026, -73.997625 40.753123, -73.997711 40.75316, -73.997715 40.753162, -73.998054 40.753306, -73.998067 40.753311, -73.998106 40.753328, -73.998241 40.753384))"^^<http://www.opengis.net/ont/geosparql#wktLiteral> .
<https://w3id.org/rtskg/new_york_city/instance/block_21248> <https://w3id.org/rtskg/ontology/objectproperty/block_intersects_station_area> <https://w3id.org/rtskg/new_york_city/instance/station_area_119> .
<https://w3id.org/rtskg/new_york_city/instance/block_21248> <https://w3id.org/rtskg/ontology/objectproperty/block_intersects_station_area> <https://w3id.org/rtskg/new_york_city/instance/station_area_121> .
<https://w3id.org/rtskg/new_york_city/instance/block_21248> <https://w3id.org/rtskg/ontology/objectproperty/block_intersects_station_area> <https://w3id.org/rtskg/new_york_city/instance/station_area_123> .
<https://w3id.org/rtskg/new_york_city/instance/block_21248> <https://w3id.org/rtskg/ontology/objectproperty/block_intersects_station_area> <https://w3id.org/rtskg/new_york_city/instance/station_area_124> .
<https://w3id.org/rtskg/new_york_city/instance/block_21248> <https://w3id.org/rtskg/ontology/objectproperty/block_intersects_station_area> <https://w3id.org/rtskg/new_york_city/instance/station_area_125> .
<https://w3id.org/rtskg/new_york_city/instance/block_21248> <https://w3id.org/rtskg/ontology/objectproperty/block_intersects_station_area> <https://w3id.org/rtskg/new_york_city/instance/station_area_126> .
<https://w3id.org/rtskg/new_york_city/instance/block_21248> <https://w3id.org/rtskg/ontology/objectproperty/block_intersects_station_area> <https://w3id.org/rtskg/new_york_city/instance/station_area_693> .
<https://w3id.org/rtskg/new_york_city/instance/block_21248> <https://w3id.org/rtskg/ontology/objectproperty/block_intersects_station_area> <https://w3id.org/rtskg/new_york_city/instance/station_area_93> .
<https://w3id.org/rtskg/new_york_city/instance/block_21248> <https://w3id.org/rtskg/ontology/objectproperty/block_locates_at_borough> <https://w3id.org/rtskg/new_york_city/instance/borough_1> .
<https://w3id.org/rtskg/new_york_city/instance/block_21248> <https://w3id.org/rtskg/ontology/objectproperty/block_locates_at_functional_area> <https://w3id.org/rtskg/new_york_city/instance/functional_area_68> .
