<https://w3id.org/rtskg/new_york_city/instance/block_19573> <http://www.w3.org/1999/02/22-rdf-syntax-ns#type> <https://w3id.org/rtskg/ontology/class/block> .
<https://w3id.org/rtskg/new_york_city/instance/block_19573> <https://w3id.org/rtskg/ontology/dataproperty/geometry> "POLYGON ((-73.983715 40.698807, -73.983746 40.69883, -73.983777 40.698853, -73.98381 40.698875, -73.983842 40.698897, -73.98399 40.698996, -73.984168 40.699109, -73.984395 40.699258, -73.984474 40.699306, -73.984474 40.699306, -73.984476 40.699307, -73.984485 40.699313, -73.984485 40.699315, -73.984487 40.699332, -73.984487 40.699342, -73.984488 40.699349, -73.98449 40.699367, -73.984491 40.699371, -73.984493 40.699386, -73.984495 40.6994, -73.984497 40.699406, -73.984497 40.699407, -73.984501 40.699428, -73.984505 40.699446, -73.984508 40.699456, -73.984516 40.699484, -73.98453 40.699516, -73.984538 40.699536, -73.984538 40.699536, -73.984538 40.699537, -73.984538 40.699538, -73.984538 40.699538, -73.984538 40.699539, -73.984538 40.699539, -73.984537 40.69954, -73.984537 40.699541, -73.984537 40.699541, -73.984537 40.699542, -73.984537 40.699542, -73.984536 40.699543, -73.984536 40.699544, -73.984536 40.699544, -73.984535 40.699545, -73.984535 40.699545, -73.984534 40.699546, -73.984534 40.699546, -73.984534 40.699547, -73.984533 40.699547, -73.984533 40.699548, -73.984532 40.699548, -73.984531 40.699549, -73.984531 40.699549, -73.98453 40.699549, -73.98453 40.69955, -73.984529 40.69955, -73.984528 40.699551, -73.984528 40.699551, -73.984527 40.699551, -73.984526 40.699552, -73.984526 40.699552, -73.984525 40.699552, -73.984524 40.699552, -73.984524 40.699553, -73.984523 40.699553, -73.984522 40.699553, -73.984521 40.699553, -73.984521 40.699553, -73.98452 40.699554, -73.984519 40.699554, -73.984518 40.699554, -73.984517 40.699554, -73.984517 40.699554, -73.984516 40.699554, -73.984515 40.699554, -73.984514 40.699554, -73.984513 40.699554, -73.984513 40.699554, -73.984512 40.699554, -73.984511 40.699554, -73.98451 40.699554, -73.98451 40.699554, -73.984509 40.699553, -73.984508 40.699553, -73.984507 40.699553, -73.984506 40.699553, -73.984506 40.699553, -73.984505 40.699552, -73.984505 40.699552, -73.984504 40.699552, -73.984504 40.699552, -73.984503 40.699551, -73.984502 40.699551, -73.984502 40.699551, -73.984501 40.69955, -73.9845 40.69955, -73.9845 40.69955, -73.984499 40.699549, -73.984498 40.699549, -73.984498 40.699548, -73.984497 40.699548, -73.984497 40.699548, -73.984496 40.699547, -73.984496 40.699547, -73.984495 40.699546, -73.984495 40.699546, -73.984495 40.699545, -73.984494 40.699544, -73.984494 40.699544, -73.984494 40.699543, -73.984482 40.699533, -73.984479 40.699531, -73.984479 40.699531, -73.984473 40.699525, -73.984459 40.699513, -73.984437 40.699492, -73.984405 40.699463, -73.984395 40.699453, -73.984353 40.699415, -73.984311 40.699376, -73.98427 40.699338, -73.984233 40.699304, -73.98423 40.6993, -73.984189 40.699263, -73.98416 40.699236, -73.984148 40.699225, -73.984107 40.699187, -73.984066 40.699149, -73.984025 40.699112, -73.984023 40.69911, -73.983984 40.699074, -73.983943 40.699036, -73.983901 40.698999, -73.98386 40.698961, -73.98383 40.698934, -73.983819 40.698923, -73.983778 40.698886, -73.983737 40.698849, -73.983617 40.698741, -73.983615 40.698738, -73.983615 40.698737, -73.983616 40.698735, -73.983618 40.698734, -73.98362 40.698734, -73.983622 40.698734, -73.983624 40.698735, -73.983654 40.698759, -73.983656 40.698761, -73.983684 40.698783, -73.983715 40.698807))"^^<http://www.opengis.net/ont/geosparql#wktLiteral> .
<https://w3id.org/rtskg/new_york_city/instance/block_19573> <https://w3id.org/rtskg/ontology/objectproperty/block_intersects_station_area> <https://w3id.org/rtskg/new_york_city/instance/station_area_389> .
<https://w3id.org/rtskg/new_york_city/instance/block_19573> <https://w3id.org/rtskg/ontology/objectproperty/block_intersects_station_area> <https://w3id.org/rtskg/new_york_city/instance/station_area_481> .
<https://w3id.org/rtskg/new_york_city/instance/block_19573> <https://w3id.org/rtskg/ontology/objectproperty/block_intersects_station_area> <https://w3id.org/rtskg/new_york_city/instance/station_area_482> .
<https://w3id.org/rtskg/new_york_city/instance/block_19573> <https://w3id.org/rtskg/ontology/objectproperty/block_intersects_station_area> <https://w3id.org/rtskg/new_york_city/instance/station_area_511> .
<https://w3id.org/rtskg/new_york_city/instance/block_19573> <https://w3id.org/rtskg/ontology/objectproperty/block_intersects_station_area> <https://w3id.org/rtskg/new_york_city/instance/station_area_737> .
<https://w3id.org/rtskg/new_york_city/instance/block_19573> <https://w3id.org/rtskg/ontology/objectproperty/block_intersects_station_area> <https://w3id.org/rtskg/new_york_city/instance/station_area_738> .
<https://w3id.org/rtskg/new_york_city/instance/block_19573> <https://w3id.org/rtskg/ontology/objectproperty/block_locates_at_borough> <https://w3id.org/rtskg/new_york_city/instance/borough_3> .
<https://w3id.org/rtskg/new_york_city/instance/block_19573> <https://w3id.org/rtskg/ontology/objectproperty/block_locates_at_functional_area> <https://w3id.org/rtskg/new_york_city/instance/functional_area_66> .
