<https://w3id.org/rtskg/new_york_city/instance/block_38116> <http://www.w3.org/1999/02/22-rdf-syntax-ns#type> <https://w3id.org/rtskg/ontology/class/block> .
<https://w3id.org/rtskg/new_york_city/instance/block_38116> <https://w3id.org/rtskg/ontology/dataproperty/geometry> "POLYGON ((-73.904019 40.8489, -73.904019 40.8489, -73.904019 40.8489, -73.904019 40.848899, -73.904019 40.848899, -73.90402 40.848899, -73.90402 40.848898, -73.90402 40.848898, -73.90402 40.848898, -73.90402 40.848898, -73.90402 40.848897, -73.90402 40.848897, -73.904021 40.848897, -73.904021 40.848897, -73.904021 40.848896, -73.904021 40.848896, -73.904022 40.848896, -73.904022 40.848896, -73.904022 40.848896, -73.904022 40.848895, -73.904023 40.848895, -73.904023 40.848895, -73.904023 40.848895, -73.904024 40.848895, -73.904024 40.848894, -73.904024 40.848894, -73.904024 40.848894, -73.904025 40.848894, -73.904025 40.848894, -73.904026 40.848894, -73.904026 40.848894, -73.904026 40.848893, -73.904027 40.848893, -73.904027 40.848893, -73.904027 40.848893, -73.904028 40.848893, -73.904028 40.848893, -73.904028 40.848893, -73.904037 40.848891, -73.904057 40.848895, -73.904069 40.848897, -73.904084 40.8489, -73.904121 40.848907, -73.904149 40.848912, -73.904211 40.848925, -73.904276 40.848939, -73.904281 40.84894, -73.90434 40.848952, -73.904402 40.848965, -73.904459 40.848976, -73.904508 40.848985, -73.904578 40.849, -73.904604 40.849005, -73.904629 40.849011, -73.904695 40.849024, -73.904757 40.849036, -73.904815 40.849048, -73.904826 40.84905, -73.904874 40.849058, -73.904929 40.849071, -73.904991 40.849083, -73.905042 40.849094, -73.905057 40.849097, -73.90508 40.849102, -73.905107 40.849107, -73.905138 40.849113, -73.905165 40.849119, -73.905224 40.84913, -73.90529 40.849144, -73.90535 40.849156, -73.905409 40.849168, -73.905469 40.84918, -73.905525 40.849193, -73.90557 40.849202, -73.905581 40.849204, -73.905629 40.849215, -73.905643 40.849219, -73.905651 40.849222, -73.905653 40.849223, -73.905653 40.849224, -73.905653 40.849224, -73.90566 40.849228, -73.905662 40.849229, -73.905667 40.849233, -73.905671 40.849235, -73.905673 40.849237, -73.905675 40.849239, -73.905673 40.849238, -73.90567 40.849238, -73.90567 40.849238, -73.905657 40.849235, -73.905656 40.849235, -73.905635 40.84923, -73.905634 40.849229, -73.905624 40.849227, -73.905564 40.849215, -73.905516 40.849205, -73.905505 40.849203, -73.905445 40.849191, -73.905385 40.849178, -73.905326 40.849166, -73.905264 40.849154, -73.905203 40.849142, -73.905198 40.849141, -73.905141 40.84913, -73.90508 40.849118, -73.905019 40.849106, -73.904987 40.8491, -73.904949 40.849092, -73.904879 40.849078, -73.90481 40.849064, -73.90474 40.84905, -73.904671 40.849036, -73.904607 40.849023, -73.904543 40.84901, -73.904479 40.848997, -73.904415 40.848984, -73.904405 40.848981, -73.904351 40.848971, -73.904287 40.848958, -73.90422 40.848944, -73.904153 40.848931, -73.904087 40.848918, -73.904023 40.848905, -73.90402 40.848905, -73.90402 40.848905, -73.90402 40.848904, -73.90402 40.848904, -73.904019 40.848904, -73.904019 40.848903, -73.904019 40.848903, -73.904019 40.848903, -73.904019 40.848903, -73.904019 40.848902, -73.904019 40.848902, -73.904019 40.848902, -73.904019 40.848901, -73.904019 40.848901, -73.904019 40.848901, -73.904019 40.8489, -73.904019 40.8489))"^^<http://www.opengis.net/ont/geosparql#wktLiteral> .
<https://w3id.org/rtskg/new_york_city/instance/block_38116> <https://w3id.org/rtskg/ontology/objectproperty/block_intersects_station_area> <https://w3id.org/rtskg/new_york_city/instance/station_area_335> .
<https://w3id.org/rtskg/new_york_city/instance/block_38116> <https://w3id.org/rtskg/ontology/objectproperty/block_intersects_station_area> <https://w3id.org/rtskg/new_york_city/instance/station_area_57> .
<https://w3id.org/rtskg/new_york_city/instance/block_38116> <https://w3id.org/rtskg/ontology/objectproperty/block_intersects_station_area> <https://w3id.org/rtskg/new_york_city/instance/station_area_61> .
<https://w3id.org/rtskg/new_york_city/instance/block_38116> <https://w3id.org/rtskg/ontology/objectproperty/block_intersects_station_area> <https://w3id.org/rtskg/new_york_city/instance/station_area_699> .
<https://w3id.org/rtskg/new_york_city/instance/block_38116> <https://w3id.org/rtskg/ontology/objectproperty/block_intersects_station_area> <https://w3id.org/rtskg/new_york_city/instance/station_area_69> .
<https://w3id.org/rtskg/new_york_city/instance/block_38116> <https://w3id.org/rtskg/ontology/objectproperty/block_intersects_station_area> <https://w3id.org/rtskg/new_york_city/instance/station_area_700> .
<https://w3id.org/rtskg/new_york_city/instance/block_38116> <https://w3id.org/rtskg/ontology/objectproperty/block_locates_at_borough> <https://w3id.org/rtskg/new_york_city/instance/borough_2> .
<https://w3id.org/rtskg/new_york_city/instance/block_38116> <https://w3id.org/rtskg/ontology/objectproperty/block_locates_at_functional_area> <https://w3id.org/rtskg/new_york_city/instance/functional_area_169> .
