<https://w3id.org/rtskg/new_york_city/instance/block_46201> <http://www.w3.org/1999/02/22-rdf-syntax-ns#type> <https://w3id.org/rtskg/ontology/class/block> .
<https://w3id.org/rtskg/new_york_city/instance/block_46201> <https://w3id.org/rtskg/ontology/dataproperty/geometry> "POLYGON ((-73.888398 40.871765, -73.888496 40.871698, -73.888509 40.87169, -73.888598 40.871633, -73.888615 40.871623, -73.888681 40.871583, -73.888702 40.871571, -73.88874 40.871549, -73.88881 40.871508, -73.888816 40.871505, -73.888822 40.871502, -73.888839 40.871492, -73.888859 40.87148, -73.889081 40.871353, -73.889131 40.871324, -73.889133 40.87133, -73.889134 40.871335, -73.889068 40.871385, -73.888985 40.871448, -73.888865 40.871516, -73.888848 40.871525, -73.888841 40.871529, -73.888838 40.871531, -73.888815 40.871544, -73.888769 40.87157, -73.888768 40.871571, -73.888711 40.871603, -73.888707 40.871605, -73.888621 40.871655, -73.888534 40.871709, -73.888483 40.871743, -73.888449 40.871765, -73.888366 40.871824, -73.888286 40.871884, -73.888209 40.871947, -73.888134 40.872011, -73.888094 40.872047, -73.888094 40.872048, -73.888089 40.872052, -73.888078 40.872062, -73.888062 40.872077, -73.888062 40.872077, -73.888061 40.872077, -73.888061 40.872078, -73.88806 40.872078, -73.88806 40.872078, -73.888059 40.872079, -73.888059 40.872079, -73.888058 40.872079, -73.888058 40.872079, -73.888057 40.872079, -73.888057 40.87208, -73.888056 40.87208, -73.888055 40.87208, -73.888055 40.87208, -73.888054 40.87208, -73.888053 40.872081, -73.888053 40.872081, -73.888052 40.872081, -73.888051 40.872081, -73.888051 40.872081, -73.88805 40.872081, -73.888049 40.872081, -73.888049 40.872081, -73.888048 40.872081, -73.888047 40.872081, -73.888046 40.872081, -73.888046 40.872081, -73.888045 40.872081, -73.888044 40.872081, -73.888044 40.872081, -73.888043 40.87208, -73.888042 40.87208, -73.888042 40.87208, -73.888041 40.87208, -73.88804 40.87208, -73.88804 40.872079, -73.888039 40.872079, -73.888038 40.872079, -73.888038 40.872079, -73.888037 40.872078, -73.888037 40.872078, -73.888036 40.872078, -73.888036 40.872077, -73.888035 40.872077, -73.888035 40.872077, -73.888034 40.872076, -73.888034 40.872076, -73.888033 40.872076, -73.888033 40.872075, -73.888032 40.872075, -73.888032 40.872074, -73.888031 40.872074, -73.888031 40.872073, -73.888031 40.872073, -73.88803 40.872072, -73.88803 40.872072, -73.88803 40.872071, -73.88803 40.872071, -73.888029 40.87207, -73.888029 40.87207, -73.888029 40.872069, -73.888029 40.872069, -73.888029 40.872068, -73.888028 40.872068, -73.888028 40.872067, -73.888028 40.872067, -73.888028 40.872066, -73.888028 40.872066, -73.888028 40.872065, -73.888028 40.872065, -73.888028 40.872064, -73.888028 40.872064, -73.888028 40.872063, -73.888029 40.872063, -73.888029 40.872062, -73.888029 40.872062, -73.888029 40.872061, -73.888029 40.872061, -73.88803 40.87206, -73.88803 40.87206, -73.88803 40.872059, -73.88803 40.872059, -73.888031 40.872058, -73.888031 40.872058, -73.888031 40.872057, -73.888032 40.872057, -73.888032 40.872056, -73.888033 40.872056, -73.888035 40.872054, -73.888048 40.872042, -73.888062 40.87203, -73.888065 40.872028, -73.888107 40.871991, -73.888119 40.87198, -73.888209 40.871906, -73.888302 40.871834, -73.888398 40.871765))"^^<http://www.opengis.net/ont/geosparql#wktLiteral> .
<https://w3id.org/rtskg/new_york_city/instance/block_46201> <https://w3id.org/rtskg/ontology/objectproperty/block_intersects_station_area> <https://w3id.org/rtskg/new_york_city/instance/station_area_293> .
<https://w3id.org/rtskg/new_york_city/instance/block_46201> <https://w3id.org/rtskg/ontology/objectproperty/block_intersects_station_area> <https://w3id.org/rtskg/new_york_city/instance/station_area_294> .
<https://w3id.org/rtskg/new_york_city/instance/block_46201> <https://w3id.org/rtskg/ontology/objectproperty/block_intersects_station_area> <https://w3id.org/rtskg/new_york_city/instance/station_area_295> .
<https://w3id.org/rtskg/new_york_city/instance/block_46201> <https://w3id.org/rtskg/ontology/objectproperty/block_intersects_station_area> <https://w3id.org/rtskg/new_york_city/instance/station_area_296> .
<https://w3id.org/rtskg/new_york_city/instance/block_46201> <https://w3id.org/rtskg/ontology/objectproperty/block_intersects_station_area> <https://w3id.org/rtskg/new_york_city/instance/station_area_525> .
<https://w3id.org/rtskg/new_york_city/instance/block_46201> <https://w3id.org/rtskg/ontology/objectproperty/block_intersects_station_area> <https://w3id.org/rtskg/new_york_city/instance/station_area_571> .
<https://w3id.org/rtskg/new_york_city/instance/block_46201> <https://w3id.org/rtskg/ontology/objectproperty/block_locates_at_borough> <https://w3id.org/rtskg/new_york_city/instance/borough_2> .
<https://w3id.org/rtskg/new_york_city/instance/block_46201> <https://w3id.org/rtskg/ontology/objectproperty/block_locates_at_functional_area> <https://w3id.org/rtskg/new_york_city/instance/functional_area_241> .
