<https://w3id.org/rtskg/new_york_city/instance/block_41826> <http://www.w3.org/1999/02/22-rdf-syntax-ns#type> <https://w3id.org/rtskg/ontology/class/block> .
<https://w3id.org/rtskg/new_york_city/instance/block_41826> <https://w3id.org/rtskg/ontology/dataproperty/geometry> "POLYGON ((-73.895762 40.748651, -73.895779 40.748658, -73.895835 40.748679, -73.895878 40.748697, -73.895937 40.748721, -73.895944 40.748723, -73.895966 40.748732, -73.896017 40.748752, -73.896021 40.748756, -73.896023 40.748758, -73.896023 40.748759, -73.896025 40.748764, -73.896027 40.748768, -73.896027 40.748771, -73.896027 40.748772, -73.896026 40.748781, -73.896025 40.748783, -73.896025 40.748788, -73.896024 40.748793, -73.896024 40.748804, -73.896024 40.748814, -73.896025 40.748825, -73.896026 40.748835, -73.896029 40.748845, -73.89603 40.748851, -73.896032 40.748856, -73.896035 40.748866, -73.89604 40.748876, -73.896045 40.748886, -73.896051 40.748895, -73.896079 40.74894, -73.896093 40.748962, -73.89615 40.749054, -73.89616 40.74907, -73.896228 40.74918, -73.896277 40.749259, -73.896285 40.749272, -73.896327 40.749343, -73.896378 40.749431, -73.896417 40.749496, -73.896434 40.749523, -73.896481 40.7496, -73.896521 40.749665, -73.896574 40.749752, -73.896629 40.74984, -73.896658 40.749887, -73.896736 40.750013, -73.896748 40.750032, -73.896881 40.75029, -73.896897 40.750323, -73.896913 40.750356, -73.896923 40.750381, -73.896924 40.750382, -73.896927 40.750389, -73.896927 40.750389, -73.896927 40.75039, -73.896928 40.750392, -73.896929 40.750394, -73.89693 40.750396, -73.896931 40.750397, -73.896931 40.750398, -73.896937 40.750412, -73.896941 40.750423, -73.896949 40.750442, -73.896931 40.750444, -73.896895 40.750447, -73.896766 40.750462, -73.896726 40.750467, -73.896725 40.750467, -73.896672 40.750473, -73.896642 40.750476, -73.896618 40.750479, -73.896615 40.75048, -73.896613 40.75048, -73.896607 40.75048, -73.896601 40.75048, -73.896595 40.750479, -73.896593 40.750479, -73.896589 40.750478, -73.896584 40.750476, -73.896579 40.750474, -73.896575 40.750471, -73.896574 40.750471, -73.89657 40.750467, -73.896567 40.750464, -73.896565 40.750461, -73.896564 40.75046, -73.89656 40.750453, -73.896511 40.750362, -73.896491 40.750326, -73.896471 40.750289, -73.896432 40.75022, -73.896395 40.750154, -73.896355 40.750082, -73.896312 40.750004, -73.896265 40.749919, -73.896256 40.749903, -73.896218 40.749839, -73.89617 40.749758, -73.896132 40.749693, -73.896119 40.749672, -73.896076 40.749606, -73.89602 40.749518, -73.895967 40.749436, -73.895897 40.749329, -73.895896 40.749327, -73.895825 40.749209, -73.895782 40.749138, -73.895702 40.749005, -73.895623 40.748874, -73.895553 40.748758, -73.895544 40.748744, -73.895524 40.748743, -73.895469 40.748742, -73.895448 40.748711, -73.895435 40.748691, -73.895433 40.748687, -73.895432 40.748683, -73.895431 40.748678, -73.895432 40.748674, -73.895433 40.748669, -73.895435 40.748665, -73.895436 40.748662, -73.895437 40.748661, -73.895441 40.748657, -73.895445 40.748654, -73.895449 40.748651, -73.89545 40.748651, -73.895455 40.748648, -73.89546 40.748647, -73.895466 40.748645, -73.895472 40.748645, -73.89554 40.748645, -73.895651 40.748645, -73.895669 40.748645, -73.895672 40.748645, -73.895672 40.748645, -73.895674 40.748645, -73.895675 40.748645, -73.895676 40.748645, -73.895677 40.748645, -73.895678 40.748645, -73.895679 40.748645, -73.895682 40.748645, -73.895688 40.748645, -73.895693 40.748645, -73.89571 40.748645, -73.895719 40.748646, -73.895728 40.748647, -73.895745 40.748649, -73.895762 40.748651))"^^<http://www.opengis.net/ont/geosparql#wktLiteral> .
<https://w3id.org/rtskg/new_york_city/instance/block_41826> <https://w3id.org/rtskg/ontology/objectproperty/block_intersects_station_area> <https://w3id.org/rtskg/new_york_city/instance/station_area_169> .
<https://w3id.org/rtskg/new_york_city/instance/block_41826> <https://w3id.org/rtskg/ontology/objectproperty/block_intersects_station_area> <https://w3id.org/rtskg/new_york_city/instance/station_area_175> .
<https://w3id.org/rtskg/new_york_city/instance/block_41826> <https://w3id.org/rtskg/ontology/objectproperty/block_intersects_station_area> <https://w3id.org/rtskg/new_york_city/instance/station_area_176> .
<https://w3id.org/rtskg/new_york_city/instance/block_41826> <https://w3id.org/rtskg/ontology/objectproperty/block_intersects_station_area> <https://w3id.org/rtskg/new_york_city/instance/station_area_183> .
<https://w3id.org/rtskg/new_york_city/instance/block_41826> <https://w3id.org/rtskg/ontology/objectproperty/block_intersects_station_area> <https://w3id.org/rtskg/new_york_city/instance/station_area_184> .
<https://w3id.org/rtskg/new_york_city/instance/block_41826> <https://w3id.org/rtskg/ontology/objectproperty/block_intersects_station_area> <https://w3id.org/rtskg/new_york_city/instance/station_area_503> .
<https://w3id.org/rtskg/new_york_city/instance/block_41826> <https://w3id.org/rtskg/ontology/objectproperty/block_intersects_station_area> <https://w3id.org/rtskg/new_york_city/instance/station_area_504> .
<https://w3id.org/rtskg/new_york_city/instance/block_41826> <https://w3id.org/rtskg/ontology/objectproperty/block_locates_at_borough> <https://w3id.org/rtskg/new_york_city/instance/borough_4> .
<https://w3id.org/rtskg/new_york_city/instance/block_41826> <https://w3id.org/rtskg/ontology/objectproperty/block_locates_at_functional_area> <https://w3id.org/rtskg/new_york_city/instance/functional_area_129> .
