<https://w3id.org/rtskg/new_york_city/instance/block_20098> <http://www.w3.org/1999/02/22-rdf-syntax-ns#type> <https://w3id.org/rtskg/ontology/class/block> .
<https://w3id.org/rtskg/new_york_city/instance/block_20098> <https://w3id.org/rtskg/ontology/dataproperty/geometry> "POLYGON ((-74.0008 40.713042, -74.0008 40.713042, -74.000801 40.713042, -74.000801 40.713042, -74.000801 40.713042, -74.000802 40.713042, -74.000802 40.713043, -74.000802 40.713043, -74.000802 40.713043, -74.000803 40.713043, -74.000803 40.713043, -74.000803 40.713043, -74.000804 40.713043, -74.000804 40.713043, -74.000804 40.713043, -74.000804 40.713043, -74.000805 40.713043, -74.000805 40.713044, -74.000805 40.713044, -74.000805 40.713044, -74.000806 40.713044, -74.000806 40.713044, -74.000806 40.713044, -74.000806 40.713044, -74.000807 40.713045, -74.000807 40.713045, -74.000807 40.713045, -74.000807 40.713045, -74.000807 40.713045, -74.000807 40.713046, -74.000808 40.713046, -74.000808 40.713046, -74.000808 40.713046, -74.000808 40.713046, -74.000808 40.713047, -74.000808 40.713047, -74.000808 40.713047, -74.000808 40.713047, -74.000809 40.713048, -74.000809 40.713048, -74.000809 40.713048, -74.000809 40.713048, -74.000809 40.713048, -74.000809 40.713049, -74.000809 40.713049, -74.000809 40.713049, -74.000809 40.713049, -74.000809 40.71305, -74.000809 40.71305, -74.000809 40.71305, -74.000809 40.71305, -74.000809 40.713051, -74.000808 40.713051, -74.000808 40.713051, -74.000808 40.713051, -74.000808 40.713051, -74.000808 40.713052, -74.000808 40.713052, -74.000808 40.713052, -74.000808 40.713052, -74.000808 40.713052, -74.000807 40.713053, -74.000807 40.713053, -74.000807 40.713053, -74.000807 40.713053, -74.000807 40.713053, -74.000806 40.713054, -74.000806 40.713054, -74.000806 40.713054, -74.000806 40.713054, -74.000806 40.713054, -74.000805 40.713054, -74.000805 40.713055, -74.000805 40.713055, -74.000805 40.713055, -74.000753 40.713065, -74.000705 40.713075, -74.000648 40.713086, -74.000506 40.713115, -74.000366 40.713144, -74.000231 40.713172, -74.000178 40.713181, -74.000155 40.713185, -74.000127 40.713189, -73.999881 40.713223, -73.999822 40.713231, -73.999552 40.713268, -73.999481 40.713278, -73.99948 40.713278, -73.99948 40.713278, -73.99948 40.713278, -73.999479 40.713278, -73.999479 40.713278, -73.999479 40.713278, -73.999478 40.713277, -73.999478 40.713277, -73.999478 40.713277, -73.999477 40.713277, -73.999477 40.713277, -73.999477 40.713277, -73.999476 40.713276, -73.999476 40.713276, -73.999476 40.713276, -73.999476 40.713276, -73.999475 40.713276, -73.999475 40.713275, -73.999475 40.713275, -73.999475 40.713275, -73.999474 40.713275, -73.999474 40.713275, -73.999474 40.713274, -73.999474 40.713274, -73.999473 40.713274, -73.999473 40.713274, -73.999473 40.713273, -73.999473 40.713273, -73.999473 40.713273, -73.999473 40.713272, -73.999473 40.713272, -73.999473 40.713272, -73.999473 40.713272, -73.999472 40.713271, -73.999472 40.713271, -73.999472 40.713271, -73.999472 40.71327, -73.999472 40.71327, -73.999472 40.71327, -73.999472 40.71327, -73.999472 40.713269, -73.999472 40.713269, -73.999472 40.713269, -73.999473 40.713268, -73.999473 40.713268, -73.999473 40.713268, -73.999473 40.713268, -73.999473 40.713267, -73.999473 40.713267, -73.999473 40.713267, -73.999473 40.713266, -73.999474 40.713266, -73.999474 40.713266, -73.999474 40.713266, -73.999474 40.713265, -73.999474 40.713265, -73.999475 40.713265, -73.999475 40.713265, -73.999475 40.713264, -73.999475 40.713264, -73.999476 40.713264, -73.999476 40.713264, -73.999476 40.713264, -73.999476 40.713263, -73.999477 40.713263, -73.999477 40.713263, -73.999477 40.713263, -73.999478 40.713263, -73.999478 40.713263, -73.999478 40.713263, -73.999479 40.713262, -73.999479 40.713262, -73.999479 40.713262, -73.99948 40.713262, -73.99948 40.713262, -73.999552 40.713252, -73.999821 40.713215, -73.9999 40.713204, -74.000141 40.713169, -74.000157 40.713168, -74.000179 40.713165, -74.000217 40.713159, -74.000254 40.713152, -74.000291 40.713145, -74.000328 40.713136, -74.000342 40.713133, -74.00055 40.713092, -74.000595 40.713083, -74.000707 40.713061, -74.000755 40.713051, -74.0008 40.713042, -74.0008 40.713042))"^^<http://www.opengis.net/ont/geosparql#wktLiteral> .
<https://w3id.org/rtskg/new_york_city/instance/block_20098> <https://w3id.org/rtskg/ontology/objectproperty/block_intersects_station_area> <https://w3id.org/rtskg/new_york_city/instance/station_area_329> .
<https://w3id.org/rtskg/new_york_city/instance/block_20098> <https://w3id.org/rtskg/ontology/objectproperty/block_intersects_station_area> <https://w3id.org/rtskg/new_york_city/instance/station_area_330> .
<https://w3id.org/rtskg/new_york_city/instance/block_20098> <https://w3id.org/rtskg/ontology/objectproperty/block_intersects_station_area> <https://w3id.org/rtskg/new_york_city/instance/station_area_339> .
<https://w3id.org/rtskg/new_york_city/instance/block_20098> <https://w3id.org/rtskg/ontology/objectproperty/block_intersects_station_area> <https://w3id.org/rtskg/new_york_city/instance/station_area_355> .
<https://w3id.org/rtskg/new_york_city/instance/block_20098> <https://w3id.org/rtskg/ontology/objectproperty/block_intersects_station_area> <https://w3id.org/rtskg/new_york_city/instance/station_area_363> .
<https://w3id.org/rtskg/new_york_city/instance/block_20098> <https://w3id.org/rtskg/ontology/objectproperty/block_intersects_station_area> <https://w3id.org/rtskg/new_york_city/instance/station_area_409> .
<https://w3id.org/rtskg/new_york_city/instance/block_20098> <https://w3id.org/rtskg/ontology/objectproperty/block_intersects_station_area> <https://w3id.org/rtskg/new_york_city/instance/station_area_449> .
<https://w3id.org/rtskg/new_york_city/instance/block_20098> <https://w3id.org/rtskg/ontology/objectproperty/block_intersects_station_area> <https://w3id.org/rtskg/new_york_city/instance/station_area_461> .
<https://w3id.org/rtskg/new_york_city/instance/block_20098> <https://w3id.org/rtskg/ontology/objectproperty/block_locates_at_borough> <https://w3id.org/rtskg/new_york_city/instance/borough_1> .
<https://w3id.org/rtskg/new_york_city/instance/block_20098> <https://w3id.org/rtskg/ontology/objectproperty/block_locates_at_functional_area> <https://w3id.org/rtskg/new_york_city/instance/functional_area_45> .
