<https://w3id.org/rtskg/new_york_city/instance/block_39151> <http://www.w3.org/1999/02/22-rdf-syntax-ns#type> <https://w3id.org/rtskg/ontology/class/block> .
<https://w3id.org/rtskg/new_york_city/instance/block_39151> <https://w3id.org/rtskg/ontology/dataproperty/geometry> "POLYGON ((-73.886077 40.875306, -73.88608 40.8753, -73.886083 40.875293, -73.886094 40.875268, -73.886147 40.87515, -73.886164 40.875111, -73.886218 40.874992, -73.886291 40.874829, -73.886294 40.874821, -73.886296 40.874817, -73.8863 40.874808, -73.886304 40.874801, -73.886306 40.874795, -73.886306 40.874794, -73.886307 40.874794, -73.886307 40.874793, -73.886308 40.874793, -73.886308 40.874793, -73.886308 40.874792, -73.886309 40.874792, -73.886309 40.874791, -73.88631 40.874791, -73.88631 40.874791, -73.886311 40.87479, -73.886311 40.87479, -73.886312 40.87479, -73.886312 40.874789, -73.886312 40.874789, -73.886313 40.874789, -73.886313 40.874789, -73.886314 40.874788, -73.886315 40.874788, -73.886315 40.874788, -73.886316 40.874788, -73.886316 40.874788, -73.886317 40.874787, -73.886318 40.874787, -73.886318 40.874787, -73.886319 40.874787, -73.88632 40.874787, -73.88632 40.874787, -73.886321 40.874787, -73.886322 40.874787, -73.886322 40.874786, -73.886323 40.874786, -73.886324 40.874786, -73.886324 40.874786, -73.886325 40.874786, -73.886326 40.874786, -73.886326 40.874787, -73.886327 40.874787, -73.886328 40.874787, -73.886328 40.874787, -73.886329 40.874787, -73.88633 40.874787, -73.88633 40.874787, -73.886331 40.874787, -73.886332 40.874788, -73.886332 40.874788, -73.886333 40.874788, -73.886333 40.874788, -73.886334 40.874789, -73.886335 40.874789, -73.886335 40.874789, -73.886336 40.87479, -73.886336 40.87479, -73.886337 40.87479, -73.886337 40.874791, -73.886338 40.874791, -73.886338 40.874791, -73.886339 40.874792, -73.886339 40.874792, -73.88634 40.874792, -73.88634 40.874793, -73.88634 40.874793, -73.886341 40.874794, -73.886341 40.874794, -73.886341 40.874795, -73.886342 40.874795, -73.886342 40.874796, -73.886342 40.874796, -73.886342 40.874796, -73.886342 40.874797, -73.886343 40.874797, -73.886343 40.874798, -73.886343 40.874798, -73.886343 40.874799, -73.886343 40.874799, -73.886343 40.8748, -73.886343 40.8748, -73.886343 40.874801, -73.886343 40.874801, -73.886343 40.874802, -73.886343 40.874802, -73.886343 40.874803, -73.886343 40.874803, -73.886343 40.874804, -73.886343 40.874804, -73.886343 40.874805, -73.886341 40.874809, -73.886338 40.874817, -73.886333 40.874826, -73.886332 40.87483, -73.886328 40.874838, -73.88626 40.874992, -73.886202 40.875124, -73.886188 40.875156, -73.886133 40.875276, -73.886121 40.875303, -73.886119 40.875306, -73.886115 40.875316, -73.886115 40.875317, -73.886113 40.87532, -73.886092 40.875366, -73.886092 40.875366, -73.886092 40.875366, -73.886075 40.875404, -73.886074 40.875408, -73.886068 40.87542, -73.886067 40.875421, -73.886064 40.875429, -73.88606 40.875437, -73.886058 40.875441, -73.886056 40.875446, -73.886054 40.875451, -73.886051 40.875455, -73.886051 40.875456, -73.886048 40.87546, -73.886045 40.875465, -73.886042 40.875469, -73.88598 40.875559, -73.88597 40.875572, -73.885944 40.87561, -73.885966 40.87556, -73.886015 40.875448, -73.886026 40.875421, -73.88603 40.875413, -73.886031 40.875411, -73.886037 40.875397, -73.886037 40.875396, -73.886052 40.875361, -73.886053 40.875358, -73.886056 40.875352, -73.886073 40.875313, -73.886075 40.875309, -73.886077 40.875306))"^^<http://www.opengis.net/ont/geosparql#wktLiteral> .
<https://w3id.org/rtskg/new_york_city/instance/block_39151> <https://w3id.org/rtskg/ontology/objectproperty/block_intersects_station_area> <https://w3id.org/rtskg/new_york_city/instance/station_area_293> .
<https://w3id.org/rtskg/new_york_city/instance/block_39151> <https://w3id.org/rtskg/ontology/objectproperty/block_intersects_station_area> <https://w3id.org/rtskg/new_york_city/instance/station_area_295> .
<https://w3id.org/rtskg/new_york_city/instance/block_39151> <https://w3id.org/rtskg/ontology/objectproperty/block_intersects_station_area> <https://w3id.org/rtskg/new_york_city/instance/station_area_296> .
<https://w3id.org/rtskg/new_york_city/instance/block_39151> <https://w3id.org/rtskg/ontology/objectproperty/block_intersects_station_area> <https://w3id.org/rtskg/new_york_city/instance/station_area_571> .
<https://w3id.org/rtskg/new_york_city/instance/block_39151> <https://w3id.org/rtskg/ontology/objectproperty/block_intersects_station_area> <https://w3id.org/rtskg/new_york_city/instance/station_area_572> .
<https://w3id.org/rtskg/new_york_city/instance/block_39151> <https://w3id.org/rtskg/ontology/objectproperty/block_intersects_station_area> <https://w3id.org/rtskg/new_york_city/instance/station_area_603> .
<https://w3id.org/rtskg/new_york_city/instance/block_39151> <https://w3id.org/rtskg/ontology/objectproperty/block_locates_at_borough> <https://w3id.org/rtskg/new_york_city/instance/borough_2> .
<https://w3id.org/rtskg/new_york_city/instance/block_39151> <https://w3id.org/rtskg/ontology/objectproperty/block_locates_at_functional_area> <https://w3id.org/rtskg/new_york_city/instance/functional_area_18> .
