<https://w3id.org/rtskg/new_york_city/instance/block_38140> <http://www.w3.org/1999/02/22-rdf-syntax-ns#type> <https://w3id.org/rtskg/ontology/class/block> .
<https://w3id.org/rtskg/new_york_city/instance/block_38140> <https://w3id.org/rtskg/ontology/dataproperty/geometry> "POLYGON ((-73.903822 40.852538, -73.903822 40.852537, -73.903822 40.852536, -73.903822 40.852536, -73.903822 40.852535, -73.903822 40.852534, -73.903822 40.852533, -73.903822 40.852533, -73.903823 40.85253, -73.903825 40.852528, -73.903832 40.852519, -73.903883 40.852543, -73.903889 40.852546, -73.903898 40.852551, -73.903919 40.852561, -73.903937 40.852567, -73.903983 40.852585, -73.903998 40.852591, -73.904015 40.852597, -73.904042 40.852607, -73.904062 40.852615, -73.904101 40.852629, -73.90416 40.852652, -73.904219 40.852674, -73.904278 40.852696, -73.904337 40.852718, -73.904371 40.852731, -73.904385 40.852737, -73.904392 40.852739, -73.904447 40.85276, -73.904492 40.852778, -73.904502 40.852781, -73.904507 40.852784, -73.904557 40.852803, -73.904576 40.85281, -73.904609 40.852822, -73.904609 40.852823, -73.904609 40.852823, -73.90461 40.852823, -73.90461 40.852823, -73.904611 40.852823, -73.904611 40.852824, -73.904611 40.852824, -73.904612 40.852824, -73.904612 40.852824, -73.904613 40.852825, -73.904613 40.852825, -73.904613 40.852825, -73.904613 40.852825, -73.904614 40.852826, -73.904614 40.852826, -73.904614 40.852826, -73.904615 40.852827, -73.904615 40.852827, -73.904615 40.852827, -73.904615 40.852828, -73.904615 40.852828, -73.904616 40.852828, -73.904616 40.852829, -73.904616 40.852829, -73.904616 40.852829, -73.904616 40.85283, -73.904616 40.85283, -73.904616 40.852831, -73.904616 40.852831, -73.904616 40.852831, -73.904616 40.852832, -73.904616 40.852832, -73.904616 40.852832, -73.904616 40.852833, -73.904616 40.852833, -73.904616 40.852834, -73.904616 40.852834, -73.904616 40.852834, -73.904616 40.852835, -73.904616 40.852835, -73.904616 40.852835, -73.904615 40.852836, -73.904615 40.852836, -73.904615 40.852836, -73.904615 40.852837, -73.904615 40.852837, -73.904614 40.852837, -73.904614 40.852838, -73.904614 40.852838, -73.904614 40.852838, -73.904613 40.852839, -73.904613 40.852839, -73.904613 40.852839, -73.904612 40.852839, -73.904612 40.85284, -73.904612 40.85284, -73.904611 40.85284, -73.904611 40.85284, -73.904611 40.852841, -73.90461 40.852841, -73.90461 40.852841, -73.904609 40.852841, -73.904609 40.852841, -73.904608 40.852842, -73.904608 40.852842, -73.904608 40.852842, -73.904607 40.852842, -73.904607 40.852842, -73.904606 40.852842, -73.904606 40.852842, -73.904605 40.852842, -73.904605 40.852843, -73.904604 40.852843, -73.904604 40.852843, -73.904603 40.852843, -73.904603 40.852843, -73.904602 40.852843, -73.904602 40.852843, -73.904601 40.852843, -73.904601 40.852843, -73.9046 40.852843, -73.9046 40.852843, -73.904599 40.852843, -73.904599 40.852842, -73.904598 40.852842, -73.904598 40.852842, -73.904597 40.852842, -73.904597 40.852842, -73.904597 40.852842, -73.904596 40.852842, -73.904596 40.852842, -73.90456 40.852828, -73.904541 40.85282, -73.904538 40.852819, -73.904486 40.852798, -73.904431 40.852777, -73.90441 40.852768, -73.904376 40.852755, -73.90437 40.852753, -73.904321 40.852733, -73.904297 40.852724, -73.904257 40.852709, -73.904215 40.852693, -73.904193 40.852685, -73.904164 40.852674, -73.904129 40.852661, -73.904068 40.852638, -73.904066 40.852637, -73.904002 40.852613, -73.903977 40.852603, -73.903938 40.852589, -73.903912 40.852579, -73.903897 40.852573, -73.903869 40.852562, -73.903853 40.852556, -73.903833 40.852548, -73.903832 40.852547, -73.90383 40.852546, -73.903829 40.852546, -73.903827 40.852544, -73.903824 40.852542, -73.903824 40.852541, -73.903823 40.85254, -73.903823 40.852539, -73.903823 40.852539, -73.903822 40.852538))"^^<http://www.opengis.net/ont/geosparql#wktLiteral> .
<https://w3id.org/rtskg/new_york_city/instance/block_38140> <https://w3id.org/rtskg/ontology/objectproperty/block_intersects_station_area> <https://w3id.org/rtskg/new_york_city/instance/station_area_335> .
<https://w3id.org/rtskg/new_york_city/instance/block_38140> <https://w3id.org/rtskg/ontology/objectproperty/block_intersects_station_area> <https://w3id.org/rtskg/new_york_city/instance/station_area_336> .
<https://w3id.org/rtskg/new_york_city/instance/block_38140> <https://w3id.org/rtskg/ontology/objectproperty/block_intersects_station_area> <https://w3id.org/rtskg/new_york_city/instance/station_area_699> .
<https://w3id.org/rtskg/new_york_city/instance/block_38140> <https://w3id.org/rtskg/ontology/objectproperty/block_intersects_station_area> <https://w3id.org/rtskg/new_york_city/instance/station_area_69> .
<https://w3id.org/rtskg/new_york_city/instance/block_38140> <https://w3id.org/rtskg/ontology/objectproperty/block_intersects_station_area> <https://w3id.org/rtskg/new_york_city/instance/station_area_700> .
<https://w3id.org/rtskg/new_york_city/instance/block_38140> <https://w3id.org/rtskg/ontology/objectproperty/block_intersects_station_area> <https://w3id.org/rtskg/new_york_city/instance/station_area_70> .
<https://w3id.org/rtskg/new_york_city/instance/block_38140> <https://w3id.org/rtskg/ontology/objectproperty/block_intersects_station_area> <https://w3id.org/rtskg/new_york_city/instance/station_area_71> .
<https://w3id.org/rtskg/new_york_city/instance/block_38140> <https://w3id.org/rtskg/ontology/objectproperty/block_locates_at_borough> <https://w3id.org/rtskg/new_york_city/instance/borough_2> .
<https://w3id.org/rtskg/new_york_city/instance/block_38140> <https://w3id.org/rtskg/ontology/objectproperty/block_locates_at_functional_area> <https://w3id.org/rtskg/new_york_city/instance/functional_area_169> .
