<https://w3id.org/rtskg/new_york_city/instance/block_664> <http://www.w3.org/1999/02/22-rdf-syntax-ns#type> <https://w3id.org/rtskg/ontology/class/block> .
<https://w3id.org/rtskg/new_york_city/instance/block_664> <https://w3id.org/rtskg/ontology/dataproperty/geometry> "POLYGON ((-73.901567 40.746836, -73.901565 40.746837, -73.901564 40.746837, -73.901563 40.746837, -73.901562 40.746838, -73.90156 40.746838, -73.901559 40.746838, -73.901558 40.746839, -73.901557 40.746839, -73.901556 40.746839, -73.901555 40.746839, -73.901554 40.746839, -73.901552 40.746839, -73.901551 40.746839, -73.90155 40.746839, -73.901548 40.746839, -73.901547 40.746839, -73.901545 40.746839, -73.901544 40.746839, -73.901543 40.746839, -73.901541 40.746838, -73.90154 40.746838, -73.901539 40.746838, -73.901538 40.746838, -73.901514 40.746832, -73.901475 40.746822, -73.901408 40.746805, -73.901396 40.746802, -73.90134 40.746788, -73.901316 40.746781, -73.901273 40.746771, -73.90125 40.746765, -73.901206 40.746754, -73.901139 40.746737, -73.901072 40.746719, -73.901005 40.746702, -73.900938 40.746685, -73.900871 40.746668, -73.90084 40.74666, -73.900829 40.746657, -73.900824 40.746655, -73.900819 40.746653, -73.900816 40.746651, -73.900815 40.746651, -73.900813 40.746649, -73.900809 40.746647, -73.900807 40.746644, -73.900804 40.746641, -73.900804 40.74664, -73.900803 40.746639, -73.900801 40.746636, -73.9008 40.746632, -73.900799 40.746629, -73.900799 40.746627, -73.900799 40.746627, -73.900799 40.746624, -73.9008 40.746618, -73.900801 40.746614, -73.900802 40.746613, -73.900803 40.74661, -73.900809 40.746596, -73.900816 40.746578, -73.900825 40.746559, -73.900861 40.746481, -73.901041 40.746073, -73.901052 40.746048, -73.901102 40.745938, -73.901109 40.745922, -73.901112 40.745916, -73.901118 40.745902, -73.90112 40.745901, -73.90112 40.745901, -73.90112 40.745901, -73.90112 40.745901, -73.901123 40.745898, -73.901127 40.745895, -73.901133 40.745891, -73.901138 40.745889, -73.901144 40.745887, -73.901144 40.745886, -73.901151 40.745885, -73.901157 40.745883, -73.901164 40.745883, -73.901164 40.745883, -73.901171 40.745883, -73.901253 40.745876, -73.901379 40.745865, -73.901795 40.745829, -73.901986 40.745813, -73.901998 40.745812, -73.902003 40.745812, -73.902008 40.745813, -73.902012 40.745815, -73.902012 40.745815, -73.902013 40.745815, -73.902016 40.745817, -73.90202 40.74582, -73.902023 40.745823, -73.902025 40.745826, -73.902026 40.745829, -73.902027 40.74583, -73.902027 40.74583, -73.902027 40.745834, -73.902027 40.745837, -73.901997 40.745903, -73.901975 40.745953, -73.901952 40.746002, -73.90193 40.746052, -73.901908 40.746102, -73.901885 40.746152, -73.901862 40.746203, -73.901854 40.746222, -73.901839 40.746254, -73.901817 40.746305, -73.901798 40.746346, -73.901794 40.746356, -73.901771 40.746407, -73.901748 40.746459, -73.901741 40.746474, -73.901725 40.74651, -73.901702 40.746561, -73.901699 40.746569, -73.901687 40.746595, -73.901679 40.746612, -73.901675 40.746622, -73.901656 40.746663, -73.901653 40.746671, -73.901641 40.746697, -73.901634 40.746714, -73.90163 40.746721, -73.901618 40.746748, -73.901611 40.746765, -73.901593 40.746806, -73.90159 40.746811, -73.901587 40.746819, -73.901587 40.746819, -73.901586 40.74682, -73.901586 40.746821, -73.901585 40.746822, -73.901585 40.746823, -73.901584 40.746824, -73.901583 40.746825, -73.901583 40.746825, -73.901582 40.746826, -73.901581 40.746827, -73.90158 40.746828, -73.901579 40.746829, -73.901578 40.74683, -73.901578 40.74683, -73.901577 40.746831, -73.901576 40.746832, -73.901575 40.746832, -73.901575 40.746832, -73.901573 40.746833, -73.901572 40.746834, -73.901571 40.746834, -73.90157 40.746835, -73.901569 40.746835, -73.901568 40.746836, -73.901567 40.746836))"^^<http://www.opengis.net/ont/geosparql#wktLiteral> .
<https://w3id.org/rtskg/new_york_city/instance/block_664> <https://w3id.org/rtskg/ontology/objectproperty/block_intersects_station_area> <https://w3id.org/rtskg/new_york_city/instance/station_area_155> .
<https://w3id.org/rtskg/new_york_city/instance/block_664> <https://w3id.org/rtskg/ontology/objectproperty/block_intersects_station_area> <https://w3id.org/rtskg/new_york_city/instance/station_area_169> .
<https://w3id.org/rtskg/new_york_city/instance/block_664> <https://w3id.org/rtskg/ontology/objectproperty/block_intersects_station_area> <https://w3id.org/rtskg/new_york_city/instance/station_area_170> .
<https://w3id.org/rtskg/new_york_city/instance/block_664> <https://w3id.org/rtskg/ontology/objectproperty/block_intersects_station_area> <https://w3id.org/rtskg/new_york_city/instance/station_area_175> .
<https://w3id.org/rtskg/new_york_city/instance/block_664> <https://w3id.org/rtskg/ontology/objectproperty/block_intersects_station_area> <https://w3id.org/rtskg/new_york_city/instance/station_area_183> .
<https://w3id.org/rtskg/new_york_city/instance/block_664> <https://w3id.org/rtskg/ontology/objectproperty/block_intersects_station_area> <https://w3id.org/rtskg/new_york_city/instance/station_area_184> .
<https://w3id.org/rtskg/new_york_city/instance/block_664> <https://w3id.org/rtskg/ontology/objectproperty/block_intersects_station_area> <https://w3id.org/rtskg/new_york_city/instance/station_area_503> .
<https://w3id.org/rtskg/new_york_city/instance/block_664> <https://w3id.org/rtskg/ontology/objectproperty/block_locates_at_borough> <https://w3id.org/rtskg/new_york_city/instance/borough_4> .
<https://w3id.org/rtskg/new_york_city/instance/block_664> <https://w3id.org/rtskg/ontology/objectproperty/block_locates_at_functional_area> <https://w3id.org/rtskg/new_york_city/instance/functional_area_260> .
