<https://w3id.org/rtskg/new_york_city/instance/block_40819> <http://www.w3.org/1999/02/22-rdf-syntax-ns#type> <https://w3id.org/rtskg/ontology/class/block> .
<https://w3id.org/rtskg/new_york_city/instance/block_40819> <https://w3id.org/rtskg/ontology/dataproperty/geometry> "POLYGON ((-73.914904 40.742575, -73.914904 40.742576, -73.914905 40.742576, -73.914906 40.742576, -73.914907 40.742576, -73.914908 40.742577, -73.914909 40.742577, -73.914909 40.742577, -73.91491 40.742577, -73.914911 40.742578, -73.914911 40.742578, -73.914911 40.742578, -73.914912 40.742579, -73.914913 40.742579, -73.914914 40.74258, -73.914914 40.74258, -73.914915 40.742581, -73.914916 40.742581, -73.914916 40.742582, -73.914917 40.742582, -73.914918 40.742583, -73.914918 40.742583, -73.914919 40.742584, -73.914919 40.742585, -73.91492 40.742585, -73.91492 40.742586, -73.914921 40.742586, -73.914921 40.742587, -73.914921 40.742588, -73.914922 40.742588, -73.914922 40.742589, -73.914922 40.74259, -73.914923 40.742591, -73.914923 40.742591, -73.914923 40.742592, -73.914923 40.742593, -73.914923 40.742593, -73.914923 40.742594, -73.914923 40.742595, -73.914923 40.742596, -73.914923 40.742596, -73.914923 40.742597, -73.914923 40.742598, -73.914923 40.742599, -73.914923 40.742599, -73.914923 40.7426, -73.914923 40.742601, -73.914922 40.742601, -73.914922 40.742602, -73.914922 40.742603, -73.914921 40.742603, -73.914921 40.742604, -73.914921 40.742605, -73.91492 40.742605, -73.91492 40.742606, -73.914919 40.742607, -73.914919 40.742607, -73.914918 40.742608, -73.914918 40.742609, -73.914917 40.742609, -73.914916 40.74261, -73.914916 40.74261, -73.914915 40.742611, -73.914914 40.742611, -73.914914 40.742612, -73.914913 40.742612, -73.914912 40.742613, -73.914911 40.742613, -73.914911 40.742613, -73.91491 40.742614, -73.914909 40.742614, -73.914908 40.742615, -73.914907 40.742615, -73.914906 40.742615, -73.914905 40.742615, -73.914905 40.742616, -73.914896 40.742615, -73.914351 40.742553, -73.914182 40.742533, -73.91409 40.742522, -73.914048 40.742517, -73.913862 40.742494, -73.913802 40.742487, -73.913753 40.742481, -73.913126 40.742406, -73.913075 40.7424, -73.913057 40.742398, -73.913057 40.742398, -73.913056 40.742398, -73.913056 40.742397, -73.913055 40.742397, -73.913055 40.742397, -73.913054 40.742397, -73.913053 40.742396, -73.913053 40.742396, -73.913052 40.742396, -73.913052 40.742395, -73.913051 40.742395, -73.913051 40.742394, -73.91305 40.742394, -73.91305 40.742393, -73.913049 40.742393, -73.913049 40.742392, -73.913048 40.742392, -73.913048 40.742391, -73.913048 40.742391, -73.913047 40.74239, -73.913047 40.74239, -73.913047 40.742389, -73.913047 40.742389, -73.913046 40.742388, -73.913046 40.742388, -73.913046 40.742387, -73.913046 40.742387, -73.913046 40.742386, -73.913045 40.742385, -73.913045 40.742385, -73.913045 40.742384, -73.913045 40.742384, -73.913045 40.742383, -73.913045 40.742383, -73.913045 40.742382, -73.913045 40.742381, -73.913046 40.742381, -73.913046 40.74238, -73.913046 40.74238, -73.913046 40.742379, -73.913046 40.742379, -73.913046 40.742378, -73.913047 40.742378, -73.913047 40.742377, -73.913047 40.742376, -73.913048 40.742376, -73.913048 40.742375, -73.913048 40.742375, -73.913049 40.742374, -73.913049 40.742374, -73.91305 40.742374, -73.91305 40.742373, -73.91305 40.742373, -73.913051 40.742372, -73.913051 40.742372, -73.913052 40.742371, -73.913053 40.742371, -73.913053 40.742371, -73.913054 40.74237, -73.913054 40.74237, -73.913055 40.74237, -73.913056 40.742369, -73.913056 40.742369, -73.913057 40.742369, -73.913058 40.742368, -73.913058 40.742368, -73.913059 40.742368, -73.913059 40.742368, -73.91306 40.742368, -73.91306 40.742368, -73.913061 40.742367, -73.913062 40.742367, -73.913063 40.742367, -73.913063 40.742367, -73.913064 40.742367, -73.913065 40.742367, -73.913065 40.742367, -73.913066 40.742367, -73.913066 40.742367, -73.913067 40.742367, -73.913068 40.742367, -73.913085 40.742369, -73.913131 40.742374, -73.913757 40.742445, -73.913813 40.742452, -73.913877 40.742459, -73.913894 40.742461, -73.913992 40.742472, -73.91406 40.74248, -73.91409 40.742483, -73.914904 40.742575))"^^<http://www.opengis.net/ont/geosparql#wktLiteral> .
<https://w3id.org/rtskg/new_york_city/instance/block_40819> <https://w3id.org/rtskg/ontology/objectproperty/block_intersects_station_area> <https://w3id.org/rtskg/new_york_city/instance/station_area_135> .
<https://w3id.org/rtskg/new_york_city/instance/block_40819> <https://w3id.org/rtskg/ontology/objectproperty/block_intersects_station_area> <https://w3id.org/rtskg/new_york_city/instance/station_area_141> .
<https://w3id.org/rtskg/new_york_city/instance/block_40819> <https://w3id.org/rtskg/ontology/objectproperty/block_intersects_station_area> <https://w3id.org/rtskg/new_york_city/instance/station_area_142> .
<https://w3id.org/rtskg/new_york_city/instance/block_40819> <https://w3id.org/rtskg/ontology/objectproperty/block_intersects_station_area> <https://w3id.org/rtskg/new_york_city/instance/station_area_155> .
<https://w3id.org/rtskg/new_york_city/instance/block_40819> <https://w3id.org/rtskg/ontology/objectproperty/block_intersects_station_area> <https://w3id.org/rtskg/new_york_city/instance/station_area_156> .
<https://w3id.org/rtskg/new_york_city/instance/block_40819> <https://w3id.org/rtskg/ontology/objectproperty/block_locates_at_borough> <https://w3id.org/rtskg/new_york_city/instance/borough_4> .
<https://w3id.org/rtskg/new_york_city/instance/block_40819> <https://w3id.org/rtskg/ontology/objectproperty/block_locates_at_functional_area> <https://w3id.org/rtskg/new_york_city/instance/functional_area_226> .
<https://w3id.org/rtskg/new_york_city/instance/block_40819> <https://w3id.org/rtskg/ontology/objectproperty/block_locates_at_functional_area> <https://w3id.org/rtskg/new_york_city/instance/functional_area_260> .
