<https://w3id.org/rtskg/new_york_city/instance/block_23471> <http://www.w3.org/1999/02/22-rdf-syntax-ns#type> <https://w3id.org/rtskg/ontology/class/block> .
<https://w3id.org/rtskg/new_york_city/instance/block_23471> <https://w3id.org/rtskg/ontology/dataproperty/geometry> "POLYGON ((-73.909209 40.844947, -73.909198 40.844947, -73.909196 40.844947, -73.909178 40.844946, -73.909112 40.844942, -73.909061 40.844939, -73.909045 40.844938, -73.909044 40.844938, -73.909036 40.844938, -73.908978 40.844934, -73.908911 40.84493, -73.908871 40.844928, -73.908844 40.844926, -73.908777 40.844922, -73.90871 40.844918, -73.908689 40.844917, -73.908643 40.844915, -73.908576 40.844911, -73.908509 40.844908, -73.908506 40.844908, -73.908442 40.844905, -73.908375 40.844901, -73.908328 40.844899, -73.908308 40.844898, -73.908242 40.844894, -73.908175 40.844891, -73.908158 40.84489, -73.908108 40.844887, -73.90804 40.844884, -73.907974 40.844881, -73.907973 40.84488, -73.907906 40.844877, -73.907839 40.844874, -73.907784 40.844871, -73.907772 40.84487, -73.907705 40.844867, -73.90768 40.844865, -73.907678 40.844865, -73.907669 40.844865, -73.907638 40.844863, -73.907628 40.844863, -73.90763 40.844843, -73.907631 40.844835, -73.907634 40.8448, -73.907634 40.844799, -73.907634 40.844798, -73.907634 40.844798, -73.907634 40.844797, -73.907634 40.844797, -73.907634 40.844796, -73.907634 40.844796, -73.907634 40.844795, -73.907634 40.844794, -73.907634 40.844794, -73.907635 40.844794, -73.907635 40.844793, -73.907635 40.844792, -73.907635 40.844792, -73.907635 40.844791, -73.907636 40.844791, -73.907636 40.84479, -73.907636 40.84479, -73.907637 40.84479, -73.907638 40.844789, -73.907642 40.844787, -73.907642 40.844786, -73.907646 40.844784, -73.907649 40.844783, -73.907651 40.844783, -73.907652 40.844782, -73.907656 40.844781, -73.907663 40.844779, -73.907671 40.844778, -73.907672 40.844778, -73.907679 40.844777, -73.907686 40.844777, -73.907694 40.844778, -73.907702 40.844779, -73.90772 40.844781, -73.907769 40.844785, -73.907799 40.844788, -73.907818 40.844789, -73.907859 40.844792, -73.90788 40.844793, -73.907943 40.844797, -73.907966 40.844798, -73.908006 40.844801, -73.908052 40.844803, -73.908068 40.844804, -73.908119 40.844807, -73.908131 40.844808, -73.908194 40.844812, -73.908263 40.844815, -73.908333 40.844818, -73.90835 40.844819, -73.908403 40.844821, -73.908473 40.844824, -73.908497 40.844826, -73.908543 40.844828, -73.90855 40.844828, -73.908613 40.844831, -73.908683 40.844834, -73.908752 40.844837, -73.908819 40.84484, -73.908822 40.84484, -73.908892 40.844843, -73.908962 40.844846, -73.909032 40.84485, -73.909102 40.844853, -73.909103 40.844853, -73.909172 40.844856, -73.909214 40.844858, -73.909228 40.844859, -73.909234 40.844859, -73.909235 40.844859, -73.909236 40.844859, -73.909237 40.84486, -73.909238 40.84486, -73.909239 40.84486, -73.90924 40.84486, -73.90924 40.84486, -73.909241 40.84486, -73.909242 40.844861, -73.909243 40.844861, -73.909244 40.844861, -73.909245 40.844861, -73.909246 40.844862, -73.909247 40.844862, -73.909248 40.844863, -73.909249 40.844863, -73.90925 40.844863, -73.90925 40.844864, -73.909251 40.844864, -73.909252 40.844865, -73.909253 40.844865, -73.909253 40.844866, -73.909254 40.844867, -73.909255 40.844867, -73.909255 40.844868, -73.909256 40.844868, -73.909256 40.844868, -73.909257 40.844869, -73.909257 40.84487, -73.909258 40.84487, -73.909258 40.844871, -73.909259 40.844872, -73.909259 40.844872, -73.90926 40.844873, -73.90926 40.844874, -73.90926 40.844875, -73.909261 40.844875, -73.909261 40.844876, -73.909261 40.844877, -73.909261 40.844878, -73.909262 40.844878, -73.909262 40.844879, -73.909261 40.844889, -73.909258 40.844923, -73.909258 40.844926, -73.909258 40.844927, -73.909258 40.844929, -73.909258 40.84493, -73.909257 40.844931, -73.909257 40.844933, -73.909257 40.844934, -73.909257 40.844935, -73.909257 40.844937, -73.909257 40.844938, -73.909257 40.84494, -73.909256 40.84495, -73.909244 40.844949, -73.909209 40.844947))"^^<http://www.opengis.net/ont/geosparql#wktLiteral> .
<https://w3id.org/rtskg/new_york_city/instance/block_23471> <https://w3id.org/rtskg/ontology/objectproperty/block_intersects_station_area> <https://w3id.org/rtskg/new_york_city/instance/station_area_53> .
<https://w3id.org/rtskg/new_york_city/instance/block_23471> <https://w3id.org/rtskg/ontology/objectproperty/block_intersects_station_area> <https://w3id.org/rtskg/new_york_city/instance/station_area_573> .
<https://w3id.org/rtskg/new_york_city/instance/block_23471> <https://w3id.org/rtskg/ontology/objectproperty/block_intersects_station_area> <https://w3id.org/rtskg/new_york_city/instance/station_area_57> .
<https://w3id.org/rtskg/new_york_city/instance/block_23471> <https://w3id.org/rtskg/ontology/objectproperty/block_intersects_station_area> <https://w3id.org/rtskg/new_york_city/instance/station_area_58> .
<https://w3id.org/rtskg/new_york_city/instance/block_23471> <https://w3id.org/rtskg/ontology/objectproperty/block_intersects_station_area> <https://w3id.org/rtskg/new_york_city/instance/station_area_61> .
<https://w3id.org/rtskg/new_york_city/instance/block_23471> <https://w3id.org/rtskg/ontology/objectproperty/block_intersects_station_area> <https://w3id.org/rtskg/new_york_city/instance/station_area_699> .
<https://w3id.org/rtskg/new_york_city/instance/block_23471> <https://w3id.org/rtskg/ontology/objectproperty/block_locates_at_borough> <https://w3id.org/rtskg/new_york_city/instance/borough_2> .
<https://w3id.org/rtskg/new_york_city/instance/block_23471> <https://w3id.org/rtskg/ontology/objectproperty/block_locates_at_functional_area> <https://w3id.org/rtskg/new_york_city/instance/functional_area_169> .
