<https://w3id.org/rtskg/new_york_city/instance/block_40512> <http://www.w3.org/1999/02/22-rdf-syntax-ns#type> <https://w3id.org/rtskg/ontology/class/block> .
<https://w3id.org/rtskg/new_york_city/instance/block_40512> <https://w3id.org/rtskg/ontology/dataproperty/geometry> "POLYGON ((-73.951129 40.743559, -73.951128 40.743561, -73.951127 40.743562, -73.951127 40.743563, -73.951126 40.743564, -73.951124 40.743566, -73.951123 40.743568, -73.951121 40.743569, -73.951119 40.743571, -73.951116 40.743572, -73.951114 40.743573, -73.951112 40.743574, -73.951112 40.743574, -73.951109 40.743575, -73.951074 40.743569, -73.951041 40.743564, -73.950979 40.74355, -73.950978 40.74355, -73.950977 40.74355, -73.950976 40.74355, -73.950975 40.74355, -73.950974 40.743549, -73.950973 40.743549, -73.950972 40.743549, -73.950971 40.743548, -73.95097 40.743548, -73.950969 40.743548, -73.950968 40.743547, -73.950967 40.743547, -73.950966 40.743546, -73.950965 40.743546, -73.950964 40.743545, -73.950964 40.743545, -73.950963 40.743544, -73.950962 40.743544, -73.950961 40.743543, -73.950961 40.743543, -73.950961 40.743542, -73.95096 40.743542, -73.950959 40.743541, -73.950959 40.74354, -73.950958 40.74354, -73.950958 40.743539, -73.950957 40.743538, -73.950957 40.743538, -73.950956 40.743537, -73.950956 40.743536, -73.950955 40.743535, -73.950955 40.743535, -73.950955 40.743534, -73.950955 40.743533, -73.950954 40.743532, -73.950954 40.743532, -73.950954 40.743531, -73.950954 40.74353, -73.950954 40.743529, -73.950954 40.743529, -73.950954 40.743528, -73.950954 40.743528, -73.950954 40.743527, -73.950954 40.743526, -73.950954 40.743525, -73.950954 40.743524, -73.950954 40.743524, -73.950954 40.743523, -73.950955 40.743522, -73.950955 40.743521, -73.950955 40.74352, -73.950956 40.74352, -73.950956 40.743519, -73.950956 40.743518, -73.950957 40.743517, -73.950957 40.743517, -73.950958 40.743516, -73.950958 40.743515, -73.950959 40.743515, -73.95096 40.743514, -73.95096 40.743513, -73.950961 40.743513, -73.950962 40.743512, -73.950962 40.743511, -73.950963 40.743511, -73.950964 40.74351, -73.950965 40.74351, -73.950965 40.743509, -73.950966 40.743509, -73.950967 40.743508, -73.950968 40.743508, -73.950969 40.743508, -73.950976 40.743504, -73.951092 40.743445, -73.951093 40.743445, -73.951094 40.743444, -73.951095 40.743444, -73.951097 40.743444, -73.951098 40.743443, -73.951099 40.743443, -73.9511 40.743443, -73.951102 40.743443, -73.951103 40.743442, -73.951104 40.743442, -73.951106 40.743442, -73.951107 40.743442, -73.951108 40.743442, -73.95111 40.743442, -73.951111 40.743442, -73.951112 40.743442, -73.951113 40.743442, -73.951114 40.743442, -73.951115 40.743442, -73.951117 40.743442, -73.951118 40.743443, -73.951119 40.743443, -73.95112 40.743443, -73.951122 40.743444, -73.951123 40.743444, -73.951124 40.743444, -73.951126 40.743445, -73.951127 40.743445, -73.951128 40.743446, -73.951129 40.743446, -73.95113 40.743447, -73.951131 40.743447, -73.951133 40.743448, -73.951134 40.743448, -73.951135 40.743449, -73.951135 40.743449, -73.951136 40.74345, -73.951137 40.74345, -73.951137 40.743451, -73.951138 40.743451, -73.951139 40.743452, -73.951139 40.743453, -73.95114 40.743453, -73.951141 40.743454, -73.951142 40.743455, -73.951143 40.743456, -73.951143 40.743457, -73.951144 40.743458, -73.951145 40.743459, -73.951145 40.74346, -73.951146 40.743461, -73.951146 40.743462, -73.951146 40.743462, -73.951147 40.743463, -73.951147 40.743464, -73.951147 40.743464, -73.951148 40.743465, -73.951148 40.743467, -73.951148 40.743468, -73.951148 40.743469, -73.951148 40.74347, -73.951149 40.743471, -73.951149 40.743472, -73.951149 40.743473, -73.951149 40.743473, -73.951148 40.743474, -73.951131 40.74355, -73.95113 40.743556, -73.951129 40.743559))"^^<http://www.opengis.net/ont/geosparql#wktLiteral> .
<https://w3id.org/rtskg/new_york_city/instance/block_40512> <https://w3id.org/rtskg/ontology/objectproperty/block_intersects_station_area> <https://w3id.org/rtskg/new_york_city/instance/station_area_379> .
<https://w3id.org/rtskg/new_york_city/instance/block_40512> <https://w3id.org/rtskg/ontology/objectproperty/block_intersects_station_area> <https://w3id.org/rtskg/new_york_city/instance/station_area_493> .
<https://w3id.org/rtskg/new_york_city/instance/block_40512> <https://w3id.org/rtskg/ontology/objectproperty/block_intersects_station_area> <https://w3id.org/rtskg/new_york_city/instance/station_area_494> .
<https://w3id.org/rtskg/new_york_city/instance/block_40512> <https://w3id.org/rtskg/ontology/objectproperty/block_intersects_station_area> <https://w3id.org/rtskg/new_york_city/instance/station_area_709> .
<https://w3id.org/rtskg/new_york_city/instance/block_40512> <https://w3id.org/rtskg/ontology/objectproperty/block_intersects_station_area> <https://w3id.org/rtskg/new_york_city/instance/station_area_710> .
<https://w3id.org/rtskg/new_york_city/instance/block_40512> <https://w3id.org/rtskg/ontology/objectproperty/block_intersects_station_area> <https://w3id.org/rtskg/new_york_city/instance/station_area_85> .
<https://w3id.org/rtskg/new_york_city/instance/block_40512> <https://w3id.org/rtskg/ontology/objectproperty/block_intersects_station_area> <https://w3id.org/rtskg/new_york_city/instance/station_area_86> .
<https://w3id.org/rtskg/new_york_city/instance/block_40512> <https://w3id.org/rtskg/ontology/objectproperty/block_locates_at_borough> <https://w3id.org/rtskg/new_york_city/instance/borough_4> .
<https://w3id.org/rtskg/new_york_city/instance/block_40512> <https://w3id.org/rtskg/ontology/objectproperty/block_locates_at_functional_area> <https://w3id.org/rtskg/new_york_city/instance/functional_area_145> .
