<https://w3id.org/rtskg/new_york_city/instance/block_18104> <http://www.w3.org/1999/02/22-rdf-syntax-ns#type> <https://w3id.org/rtskg/ontology/class/block> .
<https://w3id.org/rtskg/new_york_city/instance/block_18104> <https://w3id.org/rtskg/ontology/dataproperty/geometry> "POLYGON ((-74.007788 40.723922, -74.007793 40.723918, -74.007799 40.723913, -74.007805 40.72391, -74.007809 40.723908, -74.007815 40.723907, -74.007817 40.723907, -74.007819 40.723907, -74.00782 40.723907, -74.007822 40.723909, -74.007825 40.723912, -74.007825 40.723914, -74.007825 40.723917, -74.007823 40.723928, -74.007821 40.723937, -74.007819 40.723951, -74.007808 40.724001, -74.007786 40.724014, -74.007782 40.724046, -74.007775 40.72409, -74.007768 40.724134, -74.00776 40.724182, -74.007751 40.724229, -74.007743 40.724276, -74.007737 40.724307, -74.007734 40.724323, -74.007725 40.724375, -74.007716 40.724427, -74.007709 40.724464, -74.007706 40.724479, -74.007706 40.72448, -74.007706 40.724481, -74.007706 40.724482, -74.007706 40.724483, -74.007706 40.724484, -74.007705 40.724485, -74.007705 40.724486, -74.007705 40.724488, -74.007704 40.724489, -74.007704 40.72449, -74.007703 40.724491, -74.007702 40.724492, -74.007702 40.724493, -74.007701 40.724494, -74.0077 40.724495, -74.0077 40.724495, -74.007699 40.724496, -74.007698 40.724497, -74.007697 40.724498, -74.007696 40.724499, -74.007695 40.7245, -74.007694 40.7245, -74.007694 40.724501, -74.007693 40.724501, -74.007693 40.724501, -74.007692 40.724502, -74.007691 40.724503, -74.00769 40.724504, -74.007689 40.724504, -74.007687 40.724505, -74.007686 40.724505, -74.007685 40.724506, -74.007684 40.724506, -74.007682 40.724507, -74.007681 40.724507, -74.00768 40.724508, -74.007678 40.724508, -74.007677 40.724509, -74.007676 40.724509, -74.007675 40.724509, -74.007674 40.724509, -74.007673 40.724509, -74.00765 40.724507, -74.007605 40.724503, -74.007538 40.724498, -74.007471 40.724492, -74.007438 40.724489, -74.007403 40.724486, -74.007336 40.72448, -74.007268 40.724474, -74.007265 40.724473, -74.007262 40.724473, -74.007258 40.724472, -74.007255 40.724471, -74.007252 40.72447, -74.007249 40.724469, -74.007245 40.724468, -74.007242 40.724467, -74.007239 40.724466, -74.007236 40.724465, -74.007233 40.724463, -74.00723 40.724462, -74.007229 40.724461, -74.007227 40.724461, -74.007224 40.724459, -74.007222 40.724457, -74.007219 40.724456, -74.007216 40.724454, -74.007214 40.724452, -74.007211 40.72445, -74.007208 40.724448, -74.007204 40.724446, -74.007201 40.724444, -74.007199 40.724442, -74.007196 40.72444, -74.007193 40.724438, -74.007191 40.724436, -74.007188 40.724433, -74.007186 40.724431, -74.007183 40.724428, -74.007181 40.724426, -74.007179 40.724423, -74.007177 40.72442, -74.007176 40.724418, -74.007174 40.724415, -74.007172 40.724412, -74.007171 40.724409, -74.00717 40.724406, -74.007168 40.724403, -74.007167 40.724401, -74.007167 40.724398, -74.007167 40.724398, -74.007166 40.724395, -74.007165 40.724392, -74.007165 40.724389, -74.007164 40.724387, -74.007164 40.724385, -74.007164 40.724384, -74.007164 40.724382, -74.007164 40.724381, -74.007164 40.724379, -74.007164 40.724377, -74.007165 40.724376, -74.007165 40.724374, -74.007165 40.724373, -74.007166 40.724371, -74.007166 40.72437, -74.007167 40.724368, -74.007167 40.724366, -74.007168 40.724365, -74.007169 40.724364, -74.007169 40.724363, -74.00717 40.724362, -74.007171 40.724361, -74.007172 40.724359, -74.007172 40.724359, -74.007173 40.724358, -74.007174 40.724356, -74.007175 40.724355, -74.007176 40.724354, -74.007178 40.724353, -74.007179 40.724351, -74.00718 40.72435, -74.007182 40.724349, -74.007183 40.724348, -74.007185 40.724347, -74.007185 40.724347, -74.007195 40.724337, -74.007232 40.724304, -74.00727 40.724271, -74.007309 40.72424, -74.00735 40.724209, -74.007391 40.724179, -74.007434 40.72415, -74.007489 40.724115, -74.00754 40.724082, -74.007544 40.724079, -74.007598 40.724044, -74.007653 40.724009, -74.007688 40.723986, -74.007708 40.723973, -74.007723 40.723963, -74.007726 40.723962, -74.007741 40.723952, -74.007757 40.723942, -74.007769 40.723934, -74.007772 40.723933, -74.007783 40.723926, -74.007785 40.723925, -74.007788 40.723922))"^^<http://www.opengis.net/ont/geosparql#wktLiteral> .
<https://w3id.org/rtskg/new_york_city/instance/block_18104> <https://w3id.org/rtskg/ontology/objectproperty/block_intersects_station_area> <https://w3id.org/rtskg/new_york_city/instance/station_area_339> .
<https://w3id.org/rtskg/new_york_city/instance/block_18104> <https://w3id.org/rtskg/ontology/objectproperty/block_intersects_station_area> <https://w3id.org/rtskg/new_york_city/instance/station_area_340> .
<https://w3id.org/rtskg/new_york_city/instance/block_18104> <https://w3id.org/rtskg/ontology/objectproperty/block_intersects_station_area> <https://w3id.org/rtskg/new_york_city/instance/station_area_443> .
<https://w3id.org/rtskg/new_york_city/instance/block_18104> <https://w3id.org/rtskg/ontology/objectproperty/block_intersects_station_area> <https://w3id.org/rtskg/new_york_city/instance/station_area_483> .
<https://w3id.org/rtskg/new_york_city/instance/block_18104> <https://w3id.org/rtskg/ontology/objectproperty/block_intersects_station_area> <https://w3id.org/rtskg/new_york_city/instance/station_area_671> .
<https://w3id.org/rtskg/new_york_city/instance/block_18104> <https://w3id.org/rtskg/ontology/objectproperty/block_intersects_station_area> <https://w3id.org/rtskg/new_york_city/instance/station_area_672> .
<https://w3id.org/rtskg/new_york_city/instance/block_18104> <https://w3id.org/rtskg/ontology/objectproperty/block_locates_at_borough> <https://w3id.org/rtskg/new_york_city/instance/borough_1> .
<https://w3id.org/rtskg/new_york_city/instance/block_18104> <https://w3id.org/rtskg/ontology/objectproperty/block_locates_at_functional_area> <https://w3id.org/rtskg/new_york_city/instance/functional_area_125> .
