<https://w3id.org/rtskg/new_york_city/instance/block_12981> <http://www.w3.org/1999/02/22-rdf-syntax-ns#type> <https://w3id.org/rtskg/ontology/class/block> .
<https://w3id.org/rtskg/new_york_city/instance/block_12981> <https://w3id.org/rtskg/ontology/dataproperty/geometry> "POLYGON ((-73.907754 40.678221, -73.907754 40.678221, -73.907755 40.678221, -73.907755 40.678221, -73.907756 40.678221, -73.907756 40.678221, -73.907757 40.678221, -73.907757 40.67822, -73.907757 40.67822, -73.907758 40.67822, -73.907758 40.67822, -73.907759 40.67822, -73.907759 40.67822, -73.90776 40.67822, -73.90776 40.67822, -73.907761 40.67822, -73.907761 40.67822, -73.907762 40.67822, -73.907762 40.67822, -73.907763 40.67822, -73.907763 40.67822, -73.907764 40.67822, -73.907764 40.67822, -73.907764 40.67822, -73.907765 40.67822, -73.907765 40.678221, -73.907765 40.678221, -73.907766 40.678221, -73.907766 40.678221, -73.907767 40.678221, -73.907767 40.678221, -73.907768 40.678221, -73.907768 40.678222, -73.907768 40.678222, -73.907769 40.678222, -73.907769 40.678222, -73.90777 40.678223, -73.90777 40.678223, -73.90777 40.678223, -73.907771 40.678223, -73.907771 40.678224, -73.907771 40.678224, -73.907772 40.678224, -73.907772 40.678224, -73.907772 40.678225, -73.907772 40.678225, -73.907773 40.678225, -73.907773 40.678226, -73.907773 40.678226, -73.907773 40.678226, -73.907773 40.678227, -73.907774 40.678227, -73.907774 40.678227, -73.907774 40.678228, -73.907774 40.678228, -73.907774 40.678228, -73.907774 40.678229, -73.907774 40.678229, -73.907774 40.678229, -73.907774 40.67823, -73.907774 40.67823, -73.907774 40.67823, -73.907774 40.678231, -73.907774 40.678231, -73.907774 40.678232, -73.907774 40.678232, -73.907774 40.678232, -73.907774 40.678233, -73.907774 40.678233, -73.907774 40.678233, -73.907774 40.678234, -73.907774 40.678234, -73.907773 40.678234, -73.907773 40.678235, -73.907773 40.678235, -73.907773 40.678235, -73.907773 40.678236, -73.907772 40.678236, -73.907772 40.678236, -73.907772 40.678237, -73.907772 40.678237, -73.907771 40.678237, -73.907771 40.678237, -73.907771 40.678238, -73.90777 40.678238, -73.90777 40.678238, -73.90776 40.678246, -73.907706 40.678291, -73.907698 40.678298, -73.907602 40.678378, -73.907556 40.678415, -73.907429 40.678515, -73.907172 40.678723, -73.907163 40.67873, -73.907114 40.67877, -73.906631 40.67915, -73.906631 40.67915, -73.90663 40.67915, -73.90663 40.67915, -73.906629 40.67915, -73.906629 40.67915, -73.906628 40.67915, -73.906628 40.67915, -73.906627 40.67915, -73.906627 40.67915, -73.906626 40.67915, -73.906626 40.67915, -73.906625 40.67915, -73.906625 40.67915, -73.906624 40.67915, -73.906624 40.67915, -73.906623 40.67915, -73.906623 40.679149, -73.906623 40.679149, -73.906622 40.679149, -73.906622 40.679149, -73.906621 40.679149, -73.906621 40.679149, -73.90662 40.679148, -73.90662 40.679148, -73.906619 40.679148, -73.906619 40.679148, -73.906619 40.679148, -73.906619 40.679148, -73.906618 40.679147, -73.906618 40.679147, -73.906618 40.679147, -73.906617 40.679146, -73.906617 40.679146, -73.906617 40.679146, -73.906616 40.679146, -73.906616 40.679145, -73.906616 40.679145, -73.906615 40.679145, -73.906615 40.679144, -73.906615 40.679144, -73.906615 40.679144, -73.906615 40.679143, -73.906614 40.679143, -73.906614 40.679143, -73.906614 40.679142, -73.906614 40.679142, -73.906614 40.679141, -73.906614 40.679141, -73.906614 40.679141, -73.906613 40.67914, -73.906613 40.67914, -73.906613 40.67914, -73.906613 40.679139, -73.906613 40.679139, -73.906613 40.679138, -73.906613 40.679138, -73.906613 40.679138, -73.906614 40.679137, -73.906614 40.679137, -73.906614 40.679137, -73.906614 40.679136, -73.906614 40.679136, -73.906614 40.679135, -73.906614 40.679135, -73.906615 40.679135, -73.906615 40.679134, -73.906615 40.679134, -73.906615 40.679134, -73.906615 40.679133, -73.906616 40.679133, -73.906909 40.678898, -73.907098 40.678751, -73.907151 40.678708, -73.907164 40.678698, -73.907222 40.678651, -73.907332 40.678563, -73.907514 40.678417, -73.907544 40.678394, -73.907753 40.678222, -73.907753 40.678222, -73.907754 40.678222, -73.907754 40.678221, -73.907754 40.678221))"^^<http://www.opengis.net/ont/geosparql#wktLiteral> .
<https://w3id.org/rtskg/new_york_city/instance/block_12981> <https://w3id.org/rtskg/ontology/objectproperty/block_intersects_station_area> <https://w3id.org/rtskg/new_york_city/instance/station_area_223> .
<https://w3id.org/rtskg/new_york_city/instance/block_12981> <https://w3id.org/rtskg/ontology/objectproperty/block_intersects_station_area> <https://w3id.org/rtskg/new_york_city/instance/station_area_243> .
<https://w3id.org/rtskg/new_york_city/instance/block_12981> <https://w3id.org/rtskg/ontology/objectproperty/block_intersects_station_area> <https://w3id.org/rtskg/new_york_city/instance/station_area_319> .
<https://w3id.org/rtskg/new_york_city/instance/block_12981> <https://w3id.org/rtskg/ontology/objectproperty/block_intersects_station_area> <https://w3id.org/rtskg/new_york_city/instance/station_area_320> .
<https://w3id.org/rtskg/new_york_city/instance/block_12981> <https://w3id.org/rtskg/ontology/objectproperty/block_intersects_station_area> <https://w3id.org/rtskg/new_york_city/instance/station_area_337> .
<https://w3id.org/rtskg/new_york_city/instance/block_12981> <https://w3id.org/rtskg/ontology/objectproperty/block_intersects_station_area> <https://w3id.org/rtskg/new_york_city/instance/station_area_357> .
<https://w3id.org/rtskg/new_york_city/instance/block_12981> <https://w3id.org/rtskg/ontology/objectproperty/block_intersects_station_area> <https://w3id.org/rtskg/new_york_city/instance/station_area_651> .
<https://w3id.org/rtskg/new_york_city/instance/block_12981> <https://w3id.org/rtskg/ontology/objectproperty/block_intersects_station_area> <https://w3id.org/rtskg/new_york_city/instance/station_area_652> .
<https://w3id.org/rtskg/new_york_city/instance/block_12981> <https://w3id.org/rtskg/ontology/objectproperty/block_locates_at_borough> <https://w3id.org/rtskg/new_york_city/instance/borough_3> .
<https://w3id.org/rtskg/new_york_city/instance/block_12981> <https://w3id.org/rtskg/ontology/objectproperty/block_locates_at_functional_area> <https://w3id.org/rtskg/new_york_city/instance/functional_area_177> .
