<https://w3id.org/rtskg/new_york_city/instance/block_44327> <http://www.w3.org/1999/02/22-rdf-syntax-ns#type> <https://w3id.org/rtskg/ontology/class/block> .
<https://w3id.org/rtskg/new_york_city/instance/block_44327> <https://w3id.org/rtskg/ontology/dataproperty/geometry> "POLYGON ((-73.94167 40.838487, -73.941671 40.838488, -73.941671 40.838488, -73.941671 40.838489, -73.941672 40.83849, -73.941672 40.838491, -73.941672 40.838491, -73.941673 40.838492, -73.941673 40.838493, -73.941673 40.838494, -73.941673 40.838496, -73.941674 40.838497, -73.941674 40.838498, -73.941674 40.838499, -73.941674 40.8385, -73.941674 40.838501, -73.941674 40.838503, -73.941674 40.838504, -73.94167 40.838509, -73.941656 40.838528, -73.941647 40.83854, -73.941621 40.838576, -73.941517 40.838718, -73.941254 40.839081, -73.941243 40.839096, -73.941239 40.839101, -73.941237 40.839104, -73.941228 40.839117, -73.941226 40.839117, -73.941225 40.839118, -73.941224 40.839118, -73.941222 40.839119, -73.941221 40.839119, -73.94122 40.839119, -73.941218 40.83912, -73.941217 40.83912, -73.941217 40.83912, -73.941215 40.83912, -73.941214 40.839121, -73.941212 40.839121, -73.941211 40.839121, -73.941209 40.839121, -73.941208 40.839121, -73.941207 40.839121, -73.941205 40.839121, -73.941204 40.839121, -73.941202 40.839121, -73.941201 40.839121, -73.941199 40.839121, -73.941198 40.83912, -73.941197 40.83912, -73.941196 40.83912, -73.941195 40.83912, -73.941193 40.839119, -73.941192 40.839119, -73.941191 40.839119, -73.941191 40.839119, -73.941189 40.839118, -73.941188 40.839118, -73.941187 40.839117, -73.941185 40.839117, -73.941184 40.839116, -73.941183 40.839116, -73.941182 40.839115, -73.94118 40.839114, -73.941179 40.839114, -73.941178 40.839113, -73.941177 40.839112, -73.941176 40.839111, -73.941175 40.83911, -73.941174 40.83911, -73.941173 40.839109, -73.941172 40.839108, -73.941171 40.839107, -73.941171 40.839107, -73.94117 40.839106, -73.94117 40.839105, -73.941169 40.839104, -73.941168 40.839103, -73.941168 40.839102, -73.941167 40.839101, -73.941166 40.8391, -73.941166 40.839099, -73.941166 40.839098, -73.941166 40.839098, -73.941165 40.839097, -73.941165 40.839096, -73.941165 40.839094, -73.941164 40.839093, -73.941164 40.839092, -73.941164 40.839091, -73.941164 40.83909, -73.941164 40.839089, -73.941164 40.839088, -73.941164 40.839087, -73.941164 40.839086, -73.941164 40.839084, -73.941164 40.839083, -73.941165 40.839082, -73.941169 40.839076, -73.941175 40.839068, -73.941434 40.838715, -73.941446 40.838699, -73.941462 40.838676, -73.941501 40.838622, -73.941507 40.838614, -73.941553 40.838552, -73.941582 40.838511, -73.941593 40.838496, -73.941606 40.838478, -73.941613 40.838469, -73.941614 40.838468, -73.941616 40.838468, -73.941617 40.838468, -73.941618 40.838467, -73.941618 40.838467, -73.94162 40.838467, -73.941621 40.838467, -73.941623 40.838467, -73.941623 40.838467, -73.941624 40.838467, -73.941626 40.838466, -73.941627 40.838466, -73.941629 40.838466, -73.941631 40.838466, -73.941632 40.838466, -73.941634 40.838467, -73.941635 40.838467, -73.941637 40.838467, -73.941638 40.838467, -73.94164 40.838467, -73.941641 40.838468, -73.941643 40.838468, -73.941644 40.838468, -73.941645 40.838469, -73.941647 40.838469, -73.941648 40.83847, -73.94165 40.83847, -73.941651 40.838471, -73.941652 40.838471, -73.941654 40.838472, -73.941655 40.838472, -73.941655 40.838473, -73.941656 40.838473, -73.941657 40.838474, -73.941658 40.838475, -73.94166 40.838475, -73.941661 40.838476, -73.941662 40.838477, -73.941663 40.838478, -73.941664 40.838479, -73.941665 40.83848, -73.941666 40.838481, -73.941666 40.838482, -73.941667 40.838483, -73.941668 40.838484, -73.941669 40.838485, -73.941669 40.838486, -73.94167 40.838487))"^^<http://www.opengis.net/ont/geosparql#wktLiteral> .
<https://w3id.org/rtskg/new_york_city/instance/block_44327> <https://w3id.org/rtskg/ontology/objectproperty/block_intersects_station_area> <https://w3id.org/rtskg/new_york_city/instance/station_area_41> .
<https://w3id.org/rtskg/new_york_city/instance/block_44327> <https://w3id.org/rtskg/ontology/objectproperty/block_intersects_station_area> <https://w3id.org/rtskg/new_york_city/instance/station_area_45> .
<https://w3id.org/rtskg/new_york_city/instance/block_44327> <https://w3id.org/rtskg/ontology/objectproperty/block_intersects_station_area> <https://w3id.org/rtskg/new_york_city/instance/station_area_46> .
<https://w3id.org/rtskg/new_york_city/instance/block_44327> <https://w3id.org/rtskg/ontology/objectproperty/block_intersects_station_area> <https://w3id.org/rtskg/new_york_city/instance/station_area_49> .
<https://w3id.org/rtskg/new_york_city/instance/block_44327> <https://w3id.org/rtskg/ontology/objectproperty/block_intersects_station_area> <https://w3id.org/rtskg/new_york_city/instance/station_area_50> .
<https://w3id.org/rtskg/new_york_city/instance/block_44327> <https://w3id.org/rtskg/ontology/objectproperty/block_intersects_station_area> <https://w3id.org/rtskg/new_york_city/instance/station_area_59> .
<https://w3id.org/rtskg/new_york_city/instance/block_44327> <https://w3id.org/rtskg/ontology/objectproperty/block_locates_at_borough> <https://w3id.org/rtskg/new_york_city/instance/borough_1> .
<https://w3id.org/rtskg/new_york_city/instance/block_44327> <https://w3id.org/rtskg/ontology/objectproperty/block_locates_at_functional_area> <https://w3id.org/rtskg/new_york_city/instance/functional_area_244> .
