<https://w3id.org/rtskg/new_york_city/instance/block_15111> <http://www.w3.org/1999/02/22-rdf-syntax-ns#type> <https://w3id.org/rtskg/ontology/class/block> .
<https://w3id.org/rtskg/new_york_city/instance/block_15111> <https://w3id.org/rtskg/ontology/dataproperty/geometry> "POLYGON ((-73.994431 40.714297, -73.994428 40.714292, -73.994426 40.714287, -73.994479 40.714286, -73.994484 40.714296, -73.994486 40.714298, -73.994504 40.714332, -73.994523 40.714366, -73.994524 40.714366, -73.994524 40.714367, -73.994524 40.714367, -73.994524 40.714367, -73.994524 40.714368, -73.994525 40.714368, -73.994525 40.714369, -73.994525 40.714369, -73.994525 40.714369, -73.994525 40.71437, -73.994526 40.71437, -73.994526 40.71437, -73.994526 40.714371, -73.994526 40.714371, -73.994526 40.714371, -73.994527 40.714372, -73.994527 40.714372, -73.994527 40.714373, -73.994528 40.714374, -73.99453 40.714378, -73.994576 40.71446, -73.99471 40.714696, -73.994714 40.714703, -73.994752 40.714772, -73.994794 40.714845, -73.994847 40.714939, -73.994856 40.714955, -73.994892 40.715018, -73.99493 40.715087, -73.994938 40.7151, -73.994939 40.715102, -73.99494 40.715104, -73.994942 40.715108, -73.995002 40.715214, -73.995012 40.715232, -73.995034 40.71527, -73.995034 40.715271, -73.995039 40.715281, -73.995054 40.71531, -73.995061 40.715323, -73.995074 40.715349, -73.995075 40.715351, -73.99508 40.71536, -73.995083 40.715366, -73.995088 40.715377, -73.995094 40.715389, -73.995097 40.715394, -73.995114 40.715428, -73.995124 40.715453, -73.995132 40.715473, -73.995185 40.715596, -73.995198 40.715626, -73.995199 40.71563, -73.995203 40.715639, -73.995209 40.715652, -73.995214 40.715664, -73.995218 40.715673, -73.99522 40.715677, -73.995226 40.71569, -73.995232 40.715702, -73.995238 40.715715, -73.995244 40.715728, -73.995248 40.715736, -73.99525 40.71574, -73.995257 40.715753, -73.995263 40.715765, -73.99527 40.715778, -73.995285 40.715802, -73.995292 40.715815, -73.995303 40.715834, -73.995313 40.71585, -73.995318 40.715858, -73.995343 40.7159, -73.995343 40.715901, -73.995343 40.715902, -73.995343 40.715903, -73.995342 40.715904, -73.995342 40.715905, -73.995342 40.715906, -73.995341 40.715907, -73.99534 40.715908, -73.99534 40.715909, -73.995339 40.71591, -73.995338 40.715911, -73.995337 40.715911, -73.995336 40.715912, -73.995334 40.715912, -73.995333 40.715913, -73.995332 40.715913, -73.995331 40.715914, -73.995329 40.715914, -73.995328 40.715914, -73.995327 40.715914, -73.995325 40.715914, -73.995324 40.715914, -73.995246 40.715885, -73.995174 40.715858, -73.995159 40.715852, -73.99514 40.715846, -73.995135 40.715844, -73.995109 40.715834, -73.995095 40.715827, -73.995094 40.715826, -73.995079 40.715819, -73.995065 40.71581, -73.995052 40.715802, -73.995038 40.715793, -73.995026 40.715783, -73.995014 40.715773, -73.995002 40.715763, -73.994991 40.715752, -73.994981 40.715741, -73.994971 40.715729, -73.994962 40.715718, -73.994958 40.715711, -73.994954 40.715706, -73.994946 40.715694, -73.994939 40.715681, -73.994933 40.715668, -73.994927 40.715655, -73.994923 40.715642, -73.994919 40.71563, -73.994919 40.715629, -73.994916 40.715619, -73.994915 40.715616, -73.994913 40.715602, -73.994911 40.715589, -73.994904 40.715474, -73.994897 40.715354, -73.994895 40.715325, -73.994902 40.715266, -73.994902 40.715264, -73.994902 40.715263, -73.994892 40.715218, -73.99488 40.715174, -73.994867 40.715131, -73.994866 40.715129, -73.994863 40.715119, -73.994861 40.715114, -73.994857 40.715104, -73.994851 40.715086, -73.994833 40.715042, -73.994817 40.715006, -73.994814 40.714999, -73.994807 40.714984, -73.994793 40.714957, -73.99477 40.714915, -73.994746 40.714872, -73.994702 40.714791, -73.994657 40.71471, -73.994617 40.714638, -73.994508 40.714435, -73.994481 40.714387, -73.994481 40.714387, -73.994481 40.714386, -73.994481 40.714386, -73.994481 40.714386, -73.99448 40.714385, -73.99448 40.714385, -73.99448 40.714385, -73.99448 40.714384, -73.99448 40.714384, -73.994479 40.714384, -73.994479 40.714383, -73.994479 40.714383, -73.994479 40.714383, -73.994479 40.714382, -73.994472 40.71437, -73.994462 40.714353, -73.994461 40.714351, -73.994444 40.714321, -73.994431 40.714297))"^^<http://www.opengis.net/ont/geosparql#wktLiteral> .
<https://w3id.org/rtskg/new_york_city/instance/block_15111> <https://w3id.org/rtskg/ontology/objectproperty/block_intersects_station_area> <https://w3id.org/rtskg/new_york_city/instance/station_area_307> .
<https://w3id.org/rtskg/new_york_city/instance/block_15111> <https://w3id.org/rtskg/ontology/objectproperty/block_intersects_station_area> <https://w3id.org/rtskg/new_york_city/instance/station_area_339> .
<https://w3id.org/rtskg/new_york_city/instance/block_15111> <https://w3id.org/rtskg/ontology/objectproperty/block_intersects_station_area> <https://w3id.org/rtskg/new_york_city/instance/station_area_391> .
<https://w3id.org/rtskg/new_york_city/instance/block_15111> <https://w3id.org/rtskg/ontology/objectproperty/block_intersects_station_area> <https://w3id.org/rtskg/new_york_city/instance/station_area_409> .
<https://w3id.org/rtskg/new_york_city/instance/block_15111> <https://w3id.org/rtskg/ontology/objectproperty/block_intersects_station_area> <https://w3id.org/rtskg/new_york_city/instance/station_area_410> .
<https://w3id.org/rtskg/new_york_city/instance/block_15111> <https://w3id.org/rtskg/ontology/objectproperty/block_intersects_station_area> <https://w3id.org/rtskg/new_york_city/instance/station_area_461> .
<https://w3id.org/rtskg/new_york_city/instance/block_15111> <https://w3id.org/rtskg/ontology/objectproperty/block_intersects_station_area> <https://w3id.org/rtskg/new_york_city/instance/station_area_462> .
<https://w3id.org/rtskg/new_york_city/instance/block_15111> <https://w3id.org/rtskg/ontology/objectproperty/block_locates_at_borough> <https://w3id.org/rtskg/new_york_city/instance/borough_1> .
<https://w3id.org/rtskg/new_york_city/instance/block_15111> <https://w3id.org/rtskg/ontology/objectproperty/block_locates_at_functional_area> <https://w3id.org/rtskg/new_york_city/instance/functional_area_148> .
