<https://w3id.org/rtskg/new_york_city/instance/block_318> <http://www.w3.org/1999/02/22-rdf-syntax-ns#type> <https://w3id.org/rtskg/ontology/class/block> .
<https://w3id.org/rtskg/new_york_city/instance/block_318> <https://w3id.org/rtskg/ontology/dataproperty/geometry> "POLYGON ((-73.895499 40.748494, -73.895501 40.748497, -73.895502 40.748499, -73.895503 40.748502, -73.895503 40.748502, -73.895503 40.748505, -73.895502 40.748508, -73.8955 40.74851, -73.895498 40.748512, -73.895498 40.748512, -73.895495 40.748514, -73.895492 40.748516, -73.895488 40.748517, -73.895484 40.748517, -73.895474 40.748518, -73.895435 40.748522, -73.895386 40.748526, -73.895336 40.748531, -73.895287 40.748537, -73.895238 40.748542, -73.895189 40.748548, -73.895169 40.74855, -73.894967 40.748571, -73.894082 40.748663, -73.894079 40.748663, -73.89407 40.748664, -73.894065 40.748664, -73.894062 40.748664, -73.89406 40.748664, -73.894056 40.748662, -73.894051 40.748661, -73.894048 40.748658, -73.894044 40.748656, -73.894042 40.748652, -73.894041 40.748651, -73.89404 40.748649, -73.894037 40.748636, -73.893973 40.748352, -73.893971 40.748343, -73.893962 40.74829, -73.893952 40.748237, -73.893943 40.748185, -73.893933 40.748131, -73.893922 40.748078, -73.893912 40.748024, -73.893907 40.747995, -73.893902 40.747971, -73.893892 40.747917, -73.893882 40.747866, -73.893882 40.747865, -73.893882 40.747864, -73.893882 40.747863, -73.893882 40.747862, -73.893882 40.74786, -73.893882 40.747859, -73.893882 40.747858, -73.893882 40.747857, -73.893883 40.747856, -73.893883 40.747855, -73.893883 40.747854, -73.893883 40.747853, -73.893884 40.747852, -73.893884 40.747851, -73.893885 40.74785, -73.893885 40.747849, -73.893885 40.747849, -73.893886 40.747848, -73.893887 40.747847, -73.893887 40.747846, -73.893888 40.747845, -73.893889 40.747844, -73.89389 40.747843, -73.893891 40.747842, -73.893891 40.747841, -73.893892 40.74784, -73.893893 40.74784, -73.893894 40.747839, -73.893895 40.747838, -73.893895 40.747838, -73.893897 40.747837, -73.893898 40.747837, -73.893899 40.747836, -73.8939 40.747835, -73.893901 40.747835, -73.893902 40.747834, -73.893903 40.747834, -73.893904 40.747833, -73.893905 40.747833, -73.893906 40.747832, -73.893908 40.747832, -73.893909 40.747832, -73.89391 40.747831, -73.893912 40.747831, -73.893913 40.747831, -73.893915 40.74783, -73.893916 40.74783, -73.893917 40.74783, -73.893919 40.74783, -73.89392 40.74783, -73.89392 40.74783, -73.893922 40.74783, -73.893923 40.74783, -73.893925 40.74783, -73.893926 40.74783, -73.893927 40.74783, -73.893929 40.74783, -73.89393 40.74783, -73.893932 40.74783, -73.893933 40.74783, -73.893935 40.747831, -73.893936 40.747831, -73.893936 40.747831, -73.893937 40.747831, -73.893939 40.747832, -73.89394 40.747832, -73.893941 40.747833, -73.893943 40.747833, -73.893944 40.747834, -73.894005 40.747859, -73.894065 40.747884, -73.89412 40.747907, -73.894125 40.747909, -73.894165 40.747926, -73.894177 40.747931, -73.894184 40.747934, -73.894218 40.747948, -73.894244 40.747959, -73.894304 40.747984, -73.894363 40.748009, -73.894364 40.74801, -73.894392 40.748021, -73.894403 40.748026, -73.894423 40.748034, -73.894483 40.748059, -73.894543 40.748084, -73.894602 40.748109, -73.894662 40.748134, -73.894722 40.748159, -73.894777 40.748183, -73.894832 40.748207, -73.894863 40.74822, -73.894888 40.74823, -73.894943 40.748254, -73.894999 40.748278, -73.895054 40.748301, -73.895109 40.748325, -73.895165 40.748349, -73.895225 40.748375, -73.895244 40.748384, -73.895255 40.748389, -73.895308 40.748412, -73.895387 40.748445, -73.895494 40.74849, -73.895497 40.748492, -73.895499 40.748494))"^^<http://www.opengis.net/ont/geosparql#wktLiteral> .
<https://w3id.org/rtskg/new_york_city/instance/block_318> <https://w3id.org/rtskg/ontology/objectproperty/block_intersects_station_area> <https://w3id.org/rtskg/new_york_city/instance/station_area_169> .
<https://w3id.org/rtskg/new_york_city/instance/block_318> <https://w3id.org/rtskg/ontology/objectproperty/block_intersects_station_area> <https://w3id.org/rtskg/new_york_city/instance/station_area_175> .
<https://w3id.org/rtskg/new_york_city/instance/block_318> <https://w3id.org/rtskg/ontology/objectproperty/block_intersects_station_area> <https://w3id.org/rtskg/new_york_city/instance/station_area_176> .
<https://w3id.org/rtskg/new_york_city/instance/block_318> <https://w3id.org/rtskg/ontology/objectproperty/block_intersects_station_area> <https://w3id.org/rtskg/new_york_city/instance/station_area_183> .
<https://w3id.org/rtskg/new_york_city/instance/block_318> <https://w3id.org/rtskg/ontology/objectproperty/block_intersects_station_area> <https://w3id.org/rtskg/new_york_city/instance/station_area_184> .
<https://w3id.org/rtskg/new_york_city/instance/block_318> <https://w3id.org/rtskg/ontology/objectproperty/block_intersects_station_area> <https://w3id.org/rtskg/new_york_city/instance/station_area_503> .
<https://w3id.org/rtskg/new_york_city/instance/block_318> <https://w3id.org/rtskg/ontology/objectproperty/block_intersects_station_area> <https://w3id.org/rtskg/new_york_city/instance/station_area_504> .
<https://w3id.org/rtskg/new_york_city/instance/block_318> <https://w3id.org/rtskg/ontology/objectproperty/block_locates_at_borough> <https://w3id.org/rtskg/new_york_city/instance/borough_4> .
<https://w3id.org/rtskg/new_york_city/instance/block_318> <https://w3id.org/rtskg/ontology/objectproperty/block_locates_at_functional_area> <https://w3id.org/rtskg/new_york_city/instance/functional_area_129> .
