<https://w3id.org/rtskg/new_york_city/instance/block_305> <http://www.w3.org/1999/02/22-rdf-syntax-ns#type> <https://w3id.org/rtskg/ontology/class/block> .
<https://w3id.org/rtskg/new_york_city/instance/block_305> <https://w3id.org/rtskg/ontology/dataproperty/geometry> "POLYGON ((-73.902556 40.747634, -73.902557 40.747634, -73.902579 40.747584, -73.902602 40.747533, -73.902625 40.747482, -73.902626 40.747479, -73.902647 40.747431, -73.90267 40.747381, -73.902693 40.74733, -73.90271 40.747291, -73.902712 40.747288, -73.902716 40.74728, -73.902716 40.747279, -73.902716 40.747278, -73.902717 40.747278, -73.902717 40.747277, -73.902718 40.747276, -73.902718 40.747276, -73.902718 40.747276, -73.902719 40.747275, -73.902719 40.747274, -73.90272 40.747274, -73.90272 40.747273, -73.902721 40.747272, -73.902722 40.747272, -73.902722 40.747271, -73.902723 40.747271, -73.902724 40.74727, -73.902725 40.74727, -73.902725 40.747269, -73.902726 40.747269, -73.902727 40.747268, -73.902728 40.747268, -73.902729 40.747268, -73.902729 40.747267, -73.90273 40.747267, -73.90273 40.747267, -73.902731 40.747267, -73.902732 40.747266, -73.902733 40.747266, -73.902734 40.747266, -73.902735 40.747266, -73.902736 40.747265, -73.902737 40.747265, -73.902738 40.747265, -73.902739 40.747265, -73.90274 40.747265, -73.90274 40.747265, -73.902741 40.747265, -73.902742 40.747265, -73.902743 40.747265, -73.902744 40.747265, -73.902745 40.747265, -73.902746 40.747265, -73.902747 40.747265, -73.902748 40.747265, -73.902749 40.747265, -73.90275 40.747265, -73.902751 40.747265, -73.902752 40.747266, -73.902753 40.747266, -73.902761 40.747268, -73.902783 40.747274, -73.902819 40.747283, -73.902819 40.747283, -73.902885 40.747301, -73.902897 40.747304, -73.902951 40.747318, -73.902951 40.747318, -73.902997 40.747331, -73.903017 40.747336, -73.903031 40.747339, -73.903083 40.747353, -73.9031 40.747358, -73.903149 40.747371, -73.903215 40.747388, -73.903247 40.747396, -73.903274 40.747403, -73.903281 40.747405, -73.903347 40.747423, -73.903413 40.74744, -73.903459 40.747452, -73.903471 40.747456, -73.903475 40.747457, -73.903477 40.747458, -73.903484 40.747461, -73.903486 40.747462, -73.903488 40.747464, -73.90349 40.747465, -73.903491 40.747466, -73.903493 40.747468, -73.903495 40.74747, -73.903496 40.747472, -73.903497 40.747474, -73.903498 40.747478, -73.903498 40.74748, -73.903499 40.747481, -73.903499 40.747484, -73.903497 40.747489, -73.903495 40.747494, -73.90349 40.747506, -73.903352 40.747816, -73.903346 40.747827, -73.903345 40.74783, -73.903343 40.747832, -73.903339 40.747838, -73.903338 40.747839, -73.903335 40.747842, -73.903334 40.747843, -73.903331 40.747845, -73.903328 40.747847, -73.903325 40.747848, -73.903324 40.747849, -73.90332 40.747851, -73.903316 40.747852, -73.903314 40.747853, -73.903313 40.747853, -73.90331 40.747854, -73.903304 40.747854, -73.903298 40.747855, -73.903295 40.747854, -73.903295 40.747854, -73.903291 40.747854, -73.903281 40.747851, -73.903258 40.747845, -73.903233 40.747839, -73.903167 40.747821, -73.903102 40.747804, -73.903036 40.747787, -73.902971 40.74777, -73.902905 40.747752, -73.902839 40.747735, -73.902774 40.747718, -73.902708 40.747701, -73.902643 40.747683, -73.902585 40.747668, -73.902579 40.747666, -73.902579 40.747666, -73.902578 40.747666, -73.902577 40.747666, -73.902576 40.747665, -73.902575 40.747665, -73.902574 40.747665, -73.902573 40.747664, -73.902572 40.747664, -73.902571 40.747663, -73.90257 40.747663, -73.902569 40.747662, -73.902568 40.747661, -73.902567 40.747661, -73.902566 40.74766, -73.902565 40.747659, -73.902564 40.747659, -73.902564 40.747659, -73.902564 40.747658, -73.902563 40.747657, -73.902562 40.747657, -73.902561 40.747656, -73.902561 40.747655, -73.90256 40.747654, -73.902559 40.747653, -73.902559 40.747653, -73.902558 40.747652, -73.902558 40.747651, -73.902557 40.74765, -73.902557 40.747649, -73.902557 40.747648, -73.902556 40.747647, -73.902556 40.747646, -73.902556 40.747645, -73.902556 40.747645, -73.902556 40.747644, -73.902555 40.747643, -73.902555 40.747642, -73.902555 40.747641, -73.902555 40.74764, -73.902555 40.747639, -73.902556 40.747638, -73.902556 40.747637, -73.902556 40.747636, -73.902556 40.747635, -73.902556 40.747634))"^^<http://www.opengis.net/ont/geosparql#wktLiteral> .
<https://w3id.org/rtskg/new_york_city/instance/block_305> <https://w3id.org/rtskg/ontology/objectproperty/block_intersects_station_area> <https://w3id.org/rtskg/new_york_city/instance/station_area_155> .
<https://w3id.org/rtskg/new_york_city/instance/block_305> <https://w3id.org/rtskg/ontology/objectproperty/block_intersects_station_area> <https://w3id.org/rtskg/new_york_city/instance/station_area_169> .
<https://w3id.org/rtskg/new_york_city/instance/block_305> <https://w3id.org/rtskg/ontology/objectproperty/block_intersects_station_area> <https://w3id.org/rtskg/new_york_city/instance/station_area_170> .
<https://w3id.org/rtskg/new_york_city/instance/block_305> <https://w3id.org/rtskg/ontology/objectproperty/block_intersects_station_area> <https://w3id.org/rtskg/new_york_city/instance/station_area_175> .
<https://w3id.org/rtskg/new_york_city/instance/block_305> <https://w3id.org/rtskg/ontology/objectproperty/block_intersects_station_area> <https://w3id.org/rtskg/new_york_city/instance/station_area_183> .
<https://w3id.org/rtskg/new_york_city/instance/block_305> <https://w3id.org/rtskg/ontology/objectproperty/block_intersects_station_area> <https://w3id.org/rtskg/new_york_city/instance/station_area_599> .
<https://w3id.org/rtskg/new_york_city/instance/block_305> <https://w3id.org/rtskg/ontology/objectproperty/block_locates_at_borough> <https://w3id.org/rtskg/new_york_city/instance/borough_4> .
<https://w3id.org/rtskg/new_york_city/instance/block_305> <https://w3id.org/rtskg/ontology/objectproperty/block_locates_at_functional_area> <https://w3id.org/rtskg/new_york_city/instance/functional_area_260> .
