<https://w3id.org/rtskg/new_york_city/instance/block_17669> <http://www.w3.org/1999/02/22-rdf-syntax-ns#type> <https://w3id.org/rtskg/ontology/class/block> .
<https://w3id.org/rtskg/new_york_city/instance/block_17669> <https://w3id.org/rtskg/ontology/dataproperty/geometry> "POLYGON ((-74.007127 40.703775, -74.007128 40.703774, -74.007128 40.703773, -74.007129 40.703773, -74.007129 40.703772, -74.00713 40.703771, -74.007131 40.70377, -74.007131 40.70377, -74.007131 40.703769, -74.007132 40.703769, -74.007133 40.703768, -74.007142 40.703763, -74.007152 40.703756, -74.007203 40.703726, -74.007247 40.703699, -74.007253 40.703695, -74.007291 40.703672, -74.007307 40.703663, -74.007361 40.70363, -74.007415 40.703598, -74.007437 40.703585, -74.007469 40.703565, -74.007506 40.703543, -74.007523 40.703533, -74.007577 40.7035, -74.007632 40.703468, -74.007686 40.703435, -74.00774 40.703403, -74.00774 40.703403, -74.007741 40.703402, -74.007742 40.703402, -74.007743 40.703401, -74.007744 40.703401, -74.007745 40.7034, -74.007746 40.7034, -74.007747 40.703399, -74.007749 40.703399, -74.007749 40.703399, -74.00775 40.703399, -74.007751 40.703398, -74.007752 40.703398, -74.007753 40.703398, -74.007755 40.703398, -74.007756 40.703397, -74.007757 40.703397, -74.007758 40.703397, -74.00776 40.703397, -74.007761 40.703397, -74.007762 40.703397, -74.007763 40.703397, -74.007763 40.703397, -74.007765 40.703397, -74.007766 40.703397, -74.007767 40.703397, -74.007768 40.703398, -74.00777 40.703398, -74.007771 40.703398, -74.007772 40.703398, -74.007773 40.703399, -74.007774 40.703399, -74.007775 40.703399, -74.007775 40.703399, -74.007777 40.7034, -74.007778 40.7034, -74.007779 40.7034, -74.00778 40.703401, -74.007781 40.703401, -74.007782 40.703402, -74.007783 40.703403, -74.007784 40.703403, -74.007785 40.703404, -74.007786 40.703404, -74.007787 40.703405, -74.007787 40.703405, -74.007788 40.703406, -74.007789 40.703406, -74.007833 40.703445, -74.007834 40.703446, -74.007871 40.703478, -74.007882 40.703487, -74.007929 40.703528, -74.007976 40.703569, -74.008023 40.70361, -74.00807 40.703651, -74.008118 40.703692, -74.008163 40.70373, -74.008204 40.703764, -74.008209 40.703768, -74.008244 40.703797, -74.008246 40.703799, -74.008253 40.703805, -74.008255 40.703806, -74.008255 40.703807, -74.008255 40.703808, -74.008255 40.703809, -74.008255 40.70381, -74.008255 40.703811, -74.008255 40.703812, -74.008255 40.703813, -74.008255 40.703815, -74.008255 40.703816, -74.008255 40.703817, -74.008255 40.703818, -74.008254 40.703819, -74.008254 40.70382, -74.008254 40.703821, -74.008253 40.703822, -74.008253 40.703823, -74.008252 40.703823, -74.008252 40.703824, -74.008251 40.703825, -74.008251 40.703826, -74.00825 40.703827, -74.008249 40.703828, -74.008249 40.703829, -74.008248 40.70383, -74.008247 40.703831, -74.008247 40.703831, -74.008246 40.703831, -74.008245 40.703832, -74.008244 40.703833, -74.008243 40.703834, -74.008242 40.703834, -74.008216 40.703853, -74.00769 40.704219, -74.007681 40.704225, -74.007679 40.704227, -74.007657 40.704242, -74.007656 40.704242, -74.007644 40.704231, -74.007634 40.704222, -74.007595 40.704188, -74.007552 40.70415, -74.007508 40.704112, -74.007465 40.704074, -74.007422 40.704036, -74.007379 40.703998, -74.007329 40.703959, -74.00728 40.70392, -74.007231 40.70388, -74.007181 40.703841, -74.007136 40.703805, -74.007134 40.703803, -74.007133 40.703803, -74.007133 40.703802, -74.007132 40.703801, -74.007131 40.7038, -74.00713 40.7038, -74.00713 40.703799, -74.007129 40.703798, -74.007129 40.703797, -74.007128 40.703797, -74.007128 40.703796, -74.007128 40.703796, -74.007127 40.703795, -74.007127 40.703794, -74.007126 40.703793, -74.007126 40.703792, -74.007126 40.703791, -74.007125 40.70379, -74.007125 40.703789, -74.007125 40.703789, -74.007125 40.703788, -74.007125 40.703787, -74.007125 40.703786, -74.007125 40.703785, -74.007125 40.703784, -74.007125 40.703783, -74.007125 40.703782, -74.007125 40.703781, -74.007125 40.70378, -74.007125 40.703779, -74.007126 40.703779, -74.007126 40.703778, -74.007126 40.703777, -74.007127 40.703776, -74.007127 40.703775))"^^<http://www.opengis.net/ont/geosparql#wktLiteral> .
<https://w3id.org/rtskg/new_york_city/instance/block_17669> <https://w3id.org/rtskg/ontology/objectproperty/block_intersects_station_area> <https://w3id.org/rtskg/new_york_city/instance/station_area_309> .
<https://w3id.org/rtskg/new_york_city/instance/block_17669> <https://w3id.org/rtskg/ontology/objectproperty/block_intersects_station_area> <https://w3id.org/rtskg/new_york_city/instance/station_area_317> .
<https://w3id.org/rtskg/new_york_city/instance/block_17669> <https://w3id.org/rtskg/ontology/objectproperty/block_intersects_station_area> <https://w3id.org/rtskg/new_york_city/instance/station_area_318> .
<https://w3id.org/rtskg/new_york_city/instance/block_17669> <https://w3id.org/rtskg/ontology/objectproperty/block_intersects_station_area> <https://w3id.org/rtskg/new_york_city/instance/station_area_355> .
<https://w3id.org/rtskg/new_york_city/instance/block_17669> <https://w3id.org/rtskg/ontology/objectproperty/block_intersects_station_area> <https://w3id.org/rtskg/new_york_city/instance/station_area_449> .
<https://w3id.org/rtskg/new_york_city/instance/block_17669> <https://w3id.org/rtskg/ontology/objectproperty/block_intersects_station_area> <https://w3id.org/rtskg/new_york_city/instance/station_area_647> .
<https://w3id.org/rtskg/new_york_city/instance/block_17669> <https://w3id.org/rtskg/ontology/objectproperty/block_intersects_station_area> <https://w3id.org/rtskg/new_york_city/instance/station_area_719> .
<https://w3id.org/rtskg/new_york_city/instance/block_17669> <https://w3id.org/rtskg/ontology/objectproperty/block_intersects_station_area> <https://w3id.org/rtskg/new_york_city/instance/station_area_720> .
<https://w3id.org/rtskg/new_york_city/instance/block_17669> <https://w3id.org/rtskg/ontology/objectproperty/block_intersects_station_area> <https://w3id.org/rtskg/new_york_city/instance/station_area_725> .
<https://w3id.org/rtskg/new_york_city/instance/block_17669> <https://w3id.org/rtskg/ontology/objectproperty/block_locates_at_borough> <https://w3id.org/rtskg/new_york_city/instance/borough_1> .
<https://w3id.org/rtskg/new_york_city/instance/block_17669> <https://w3id.org/rtskg/ontology/objectproperty/block_locates_at_functional_area> <https://w3id.org/rtskg/new_york_city/instance/functional_area_87> .
