<https://w3id.org/rtskg/new_york_city/instance/block_40343> <http://www.w3.org/1999/02/22-rdf-syntax-ns#type> <https://w3id.org/rtskg/ontology/class/block> .
<https://w3id.org/rtskg/new_york_city/instance/block_40343> <https://w3id.org/rtskg/ontology/dataproperty/geometry> "POLYGON ((-73.933465 40.754623, -73.933465 40.754623, -73.933465 40.754624, -73.933466 40.754625, -73.933466 40.754626, -73.933467 40.754627, -73.933467 40.754628, -73.933467 40.754629, -73.933468 40.75463, -73.933468 40.754631, -73.933468 40.754632, -73.933468 40.754633, -73.933468 40.754633, -73.933468 40.754634, -73.933468 40.754635, -73.933468 40.754637, -73.933468 40.754638, -73.933468 40.754639, -73.933468 40.75464, -73.933467 40.754641, -73.933467 40.754642, -73.933467 40.754643, -73.933467 40.754644, -73.933466 40.754645, -73.933466 40.754646, -73.933465 40.754647, -73.933465 40.754648, -73.933464 40.754649, -73.933462 40.754651, -73.93345 40.754666, -73.933431 40.754691, -73.933397 40.754733, -73.933364 40.754774, -73.93333 40.754816, -73.933297 40.754858, -73.933263 40.7549, -73.93323 40.754942, -73.933197 40.754984, -73.933195 40.754986, -73.933185 40.754998, -73.933163 40.755026, -73.933153 40.755038, -73.933129 40.755068, -73.933095 40.75511, -73.933061 40.755152, -73.933027 40.755194, -73.932993 40.755235, -73.932959 40.755277, -73.932926 40.755319, -73.932891 40.755361, -73.932857 40.755403, -73.932823 40.755445, -73.932804 40.755469, -73.932789 40.755487, -73.932776 40.755503, -73.932754 40.75553, -73.932731 40.755558, -73.93272 40.755572, -73.932706 40.755589, -73.932686 40.755614, -73.932653 40.755654, -73.932619 40.755694, -73.932592 40.755727, -73.932586 40.755734, -73.932585 40.755734, -73.932584 40.755735, -73.932582 40.755736, -73.932581 40.755736, -73.93258 40.755737, -73.932579 40.755738, -73.932578 40.755738, -73.932577 40.755738, -73.932576 40.755739, -73.932574 40.755739, -73.932573 40.75574, -73.932572 40.75574, -73.93257 40.75574, -73.932569 40.75574, -73.932569 40.755741, -73.932567 40.755741, -73.932566 40.755741, -73.932564 40.755741, -73.932563 40.755741, -73.932561 40.755742, -73.93256 40.755742, -73.932558 40.755742, -73.932557 40.755742, -73.932557 40.755742, -73.932555 40.755742, -73.932554 40.755742, -73.932552 40.755741, -73.932551 40.755741, -73.932549 40.755741, -73.932548 40.755741, -73.932546 40.75574, -73.932545 40.75574, -73.932544 40.75574, -73.932542 40.755739, -73.932541 40.755739, -73.932539 40.755739, -73.932538 40.755738, -73.932537 40.755737, -73.932535 40.755737, -73.932534 40.755736, -73.932534 40.755736, -73.932533 40.755736, -73.932532 40.755735, -73.932531 40.755734, -73.932529 40.755734, -73.932516 40.755726, -73.932483 40.755707, -73.932456 40.755692, -73.932436 40.75568, -73.932412 40.755667, -73.932389 40.755654, -73.932342 40.755627, -73.932327 40.755619, -73.932295 40.755601, -73.932238 40.755569, -73.932192 40.755543, -73.932237 40.755508, -73.932237 40.755508, -73.932283 40.755472, -73.932328 40.755437, -73.932373 40.755402, -73.932419 40.755366, -73.932433 40.755355, -73.932464 40.755331, -73.93251 40.755296, -73.932555 40.75526, -73.932575 40.755237, -73.932594 40.755214, -73.932633 40.755184, -73.932672 40.755154, -73.932711 40.755125, -73.932749 40.755095, -73.932776 40.755073, -73.932825 40.755033, -73.933017 40.754879, -73.933066 40.754842, -73.933114 40.754806, -73.933163 40.754769, -73.933211 40.754732, -73.93326 40.754696, -73.933308 40.754659, -73.933309 40.754659, -73.933356 40.754622, -73.933373 40.75461, -73.933405 40.754586, -73.933424 40.754596, -73.933446 40.754608, -73.933448 40.754609, -73.933455 40.754613, -73.933456 40.754614, -73.933457 40.754614, -73.933458 40.754615, -73.933459 40.754616, -73.93346 40.754617, -73.933461 40.754618, -73.933461 40.754619, -73.933462 40.754619, -73.933463 40.75462, -73.933464 40.754621, -73.933464 40.754622, -73.933465 40.754623))"^^<http://www.opengis.net/ont/geosparql#wktLiteral> .
<https://w3id.org/rtskg/new_york_city/instance/block_40343> <https://w3id.org/rtskg/ontology/objectproperty/block_intersects_station_area> <https://w3id.org/rtskg/new_york_city/instance/station_area_127> .
<https://w3id.org/rtskg/new_york_city/instance/block_40343> <https://w3id.org/rtskg/ontology/objectproperty/block_intersects_station_area> <https://w3id.org/rtskg/new_york_city/instance/station_area_128> .
<https://w3id.org/rtskg/new_york_city/instance/block_40343> <https://w3id.org/rtskg/ontology/objectproperty/block_intersects_station_area> <https://w3id.org/rtskg/new_york_city/instance/station_area_129> .
<https://w3id.org/rtskg/new_york_city/instance/block_40343> <https://w3id.org/rtskg/ontology/objectproperty/block_intersects_station_area> <https://w3id.org/rtskg/new_york_city/instance/station_area_131> .
<https://w3id.org/rtskg/new_york_city/instance/block_40343> <https://w3id.org/rtskg/ontology/objectproperty/block_intersects_station_area> <https://w3id.org/rtskg/new_york_city/instance/station_area_132> .
<https://w3id.org/rtskg/new_york_city/instance/block_40343> <https://w3id.org/rtskg/ontology/objectproperty/block_intersects_station_area> <https://w3id.org/rtskg/new_york_city/instance/station_area_641> .
<https://w3id.org/rtskg/new_york_city/instance/block_40343> <https://w3id.org/rtskg/ontology/objectproperty/block_intersects_station_area> <https://w3id.org/rtskg/new_york_city/instance/station_area_643> .
<https://w3id.org/rtskg/new_york_city/instance/block_40343> <https://w3id.org/rtskg/ontology/objectproperty/block_locates_at_borough> <https://w3id.org/rtskg/new_york_city/instance/borough_4> .
<https://w3id.org/rtskg/new_york_city/instance/block_40343> <https://w3id.org/rtskg/ontology/objectproperty/block_locates_at_functional_area> <https://w3id.org/rtskg/new_york_city/instance/functional_area_146> .
