<https://w3id.org/rtskg/new_york_city/instance/block_17166> <http://www.w3.org/1999/02/22-rdf-syntax-ns#type> <https://w3id.org/rtskg/ontology/class/block> .
<https://w3id.org/rtskg/new_york_city/instance/block_17166> <https://w3id.org/rtskg/ontology/dataproperty/geometry> "POLYGON ((-73.98766 40.671596, -73.98766 40.671596, -73.987661 40.671596, -73.987661 40.671596, -73.987661 40.671596, -73.987661 40.671596, -73.987661 40.671596, -73.987662 40.671596, -73.987662 40.671596, -73.987662 40.671596, -73.987662 40.671597, -73.987662 40.671597, -73.987663 40.671597, -73.987663 40.671597, -73.987663 40.671597, -73.987663 40.671597, -73.987663 40.671597, -73.987663 40.671597, -73.987663 40.671597, -73.987663 40.671597, -73.987664 40.671597, -73.987664 40.671597, -73.987664 40.671598, -73.987664 40.671598, -73.987664 40.671598, -73.987664 40.671598, -73.987664 40.671598, -73.987664 40.671598, -73.987665 40.671598, -73.987665 40.671598, -73.987665 40.671599, -73.987665 40.671599, -73.987665 40.671599, -73.987665 40.671599, -73.987665 40.671599, -73.987665 40.671599, -73.987665 40.671599, -73.987665 40.6716, -73.987665 40.6716, -73.987665 40.6716, -73.987665 40.6716, -73.987665 40.6716, -73.987665 40.6716, -73.987665 40.671601, -73.987665 40.671601, -73.987665 40.671601, -73.987665 40.671601, -73.987665 40.671601, -73.987665 40.671601, -73.987665 40.671601, -73.987665 40.671602, -73.987665 40.671602, -73.987665 40.671602, -73.987665 40.671602, -73.987665 40.671602, -73.987665 40.671602, -73.987665 40.671602, -73.987664 40.671603, -73.987664 40.671603, -73.987664 40.671603, -73.987664 40.671603, -73.987664 40.671603, -73.987664 40.671603, -73.98766 40.671607, -73.987646 40.671624, -73.987644 40.671626, -73.987596 40.671684, -73.987595 40.671685, -73.987593 40.671687, -73.987592 40.67169, -73.98759 40.671692, -73.987588 40.671695, -73.987587 40.671697, -73.987586 40.6717, -73.987585 40.671702, -73.987583 40.671705, -73.987582 40.671708, -73.987582 40.671711, -73.987581 40.671713, -73.98758 40.671716, -73.98758 40.671718, -73.98758 40.671719, -73.98758 40.671721, -73.987579 40.671724, -73.98758 40.671726, -73.98758 40.671728, -73.98758 40.67173, -73.98758 40.671731, -73.98758 40.671733, -73.98758 40.671735, -73.98758 40.671737, -73.98758 40.671739, -73.987579 40.671741, -73.987579 40.671742, -73.987578 40.671744, -73.987578 40.671746, -73.987577 40.671748, -73.987576 40.671749, -73.987576 40.671751, -73.987575 40.671753, -73.987501 40.67184, -73.987495 40.671848, -73.987459 40.671832, -73.987465 40.671825, -73.987587 40.67168, -73.987633 40.671624, -73.987637 40.671619, -73.987651 40.671603, -73.987654 40.671599, -73.987654 40.671599, -73.987654 40.671598, -73.987654 40.671598, -73.987654 40.671598, -73.987654 40.671598, -73.987655 40.671598, -73.987655 40.671598, -73.987655 40.671598, -73.987655 40.671597, -73.987655 40.671597, -73.987655 40.671597, -73.987655 40.671597, -73.987656 40.671597, -73.987656 40.671597, -73.987656 40.671597, -73.987656 40.671597, -73.987656 40.671597, -73.987656 40.671597, -73.987657 40.671597, -73.987657 40.671596, -73.987657 40.671596, -73.987657 40.671596, -73.987657 40.671596, -73.987657 40.671596, -73.987658 40.671596, -73.987658 40.671596, -73.987658 40.671596, -73.987658 40.671596, -73.987658 40.671596, -73.987659 40.671596, -73.987659 40.671596, -73.987659 40.671596, -73.987659 40.671596, -73.987659 40.671596, -73.98766 40.671596, -73.98766 40.671596, -73.98766 40.671596, -73.98766 40.671596))"^^<http://www.opengis.net/ont/geosparql#wktLiteral> .
<https://w3id.org/rtskg/new_york_city/instance/block_17166> <https://w3id.org/rtskg/ontology/objectproperty/block_intersects_station_area> <https://w3id.org/rtskg/new_york_city/instance/station_area_133> .
<https://w3id.org/rtskg/new_york_city/instance/block_17166> <https://w3id.org/rtskg/ontology/objectproperty/block_intersects_station_area> <https://w3id.org/rtskg/new_york_city/instance/station_area_134> .
<https://w3id.org/rtskg/new_york_city/instance/block_17166> <https://w3id.org/rtskg/ontology/objectproperty/block_intersects_station_area> <https://w3id.org/rtskg/new_york_city/instance/station_area_185> .
<https://w3id.org/rtskg/new_york_city/instance/block_17166> <https://w3id.org/rtskg/ontology/objectproperty/block_intersects_station_area> <https://w3id.org/rtskg/new_york_city/instance/station_area_637> .
<https://w3id.org/rtskg/new_york_city/instance/block_17166> <https://w3id.org/rtskg/ontology/objectproperty/block_intersects_station_area> <https://w3id.org/rtskg/new_york_city/instance/station_area_701> .
<https://w3id.org/rtskg/new_york_city/instance/block_17166> <https://w3id.org/rtskg/ontology/objectproperty/block_locates_at_borough> <https://w3id.org/rtskg/new_york_city/instance/borough_3> .
<https://w3id.org/rtskg/new_york_city/instance/block_17166> <https://w3id.org/rtskg/ontology/objectproperty/block_locates_at_functional_area> <https://w3id.org/rtskg/new_york_city/instance/functional_area_106> .
<https://w3id.org/rtskg/new_york_city/instance/block_17166> <https://w3id.org/rtskg/ontology/objectproperty/block_locates_at_functional_area> <https://w3id.org/rtskg/new_york_city/instance/functional_area_181> .
