<https://w3id.org/rtskg/new_york_city/instance/block_7755> <http://www.w3.org/1999/02/22-rdf-syntax-ns#type> <https://w3id.org/rtskg/ontology/class/block> .
<https://w3id.org/rtskg/new_york_city/instance/block_7755> <https://w3id.org/rtskg/ontology/dataproperty/geometry> "POLYGON ((-73.908208 40.675437, -73.908208 40.675437, -73.908208 40.675438, -73.908208 40.675438, -73.908208 40.675439, -73.908208 40.675439, -73.908208 40.675439, -73.908208 40.67544, -73.908208 40.67544, -73.908208 40.67544, -73.908207 40.675441, -73.908207 40.675441, -73.908207 40.675441, -73.908207 40.675442, -73.908207 40.675442, -73.908206 40.675442, -73.908206 40.675443, -73.908204 40.675446, -73.908203 40.675447, -73.9082 40.675451, -73.908195 40.67546, -73.90819 40.675469, -73.908188 40.675473, -73.908188 40.675473, -73.908185 40.675478, -73.908181 40.675487, -73.908177 40.675497, -73.908173 40.675506, -73.90817 40.675515, -73.908167 40.675525, -73.908165 40.675535, -73.908163 40.675544, -73.908162 40.675554, -73.908161 40.675564, -73.908161 40.675573, -73.908149 40.675693, -73.908148 40.675706, -73.908125 40.675944, -73.908118 40.676012, -73.908117 40.676018, -73.908117 40.676018, -73.908117 40.676021, -73.908114 40.676041, -73.908113 40.676044, -73.908113 40.676046, -73.908112 40.676047, -73.90811 40.676049, -73.90811 40.676049, -73.908107 40.676051, -73.908105 40.676052, -73.908103 40.676052, -73.908101 40.676052, -73.908099 40.676051, -73.908097 40.67605, -73.908094 40.676049, -73.908094 40.676048, -73.908093 40.676047, -73.908092 40.676043, -73.908092 40.67604, -73.908093 40.67602, -73.908093 40.676018, -73.908093 40.676016, -73.908093 40.676012, -73.908099 40.675943, -73.908117 40.675767, -73.908122 40.675704, -73.908135 40.675546, -73.908139 40.675531, -73.908144 40.675516, -73.908149 40.675501, -73.908155 40.675486, -73.908161 40.675472, -73.908161 40.675472, -73.908165 40.675464, -73.908169 40.675457, -73.908175 40.675445, -73.908176 40.675444, -73.908176 40.675443, -73.90818 40.675437, -73.908185 40.675429, -73.908185 40.675429, -73.908185 40.675429, -73.908186 40.675428, -73.908186 40.675428, -73.908186 40.675428, -73.908187 40.675428, -73.908187 40.675428, -73.908188 40.675428, -73.908188 40.675427, -73.908188 40.675427, -73.908189 40.675427, -73.908189 40.675427, -73.90819 40.675427, -73.90819 40.675427, -73.908191 40.675427, -73.908191 40.675427, -73.908192 40.675426, -73.908192 40.675426, -73.908193 40.675426, -73.908193 40.675426, -73.908194 40.675426, -73.908194 40.675426, -73.908195 40.675426, -73.908195 40.675426, -73.908196 40.675426, -73.908196 40.675426, -73.908197 40.675426, -73.908197 40.675427, -73.908198 40.675427, -73.908198 40.675427, -73.908199 40.675427, -73.908199 40.675427, -73.908199 40.675427, -73.9082 40.675427, -73.9082 40.675427, -73.908201 40.675428, -73.908201 40.675428, -73.908202 40.675428, -73.908202 40.675428, -73.908202 40.675428, -73.908203 40.675429, -73.908203 40.675429, -73.908204 40.675429, -73.908204 40.675429, -73.908204 40.67543, -73.908205 40.67543, -73.908205 40.67543, -73.908205 40.67543, -73.908206 40.675431, -73.908206 40.675431, -73.908206 40.675431, -73.908206 40.675432, -73.908207 40.675432, -73.908207 40.675432, -73.908207 40.675433, -73.908207 40.675433, -73.908207 40.675433, -73.908208 40.675434, -73.908208 40.675434, -73.908208 40.675434, -73.908208 40.675435, -73.908208 40.675435, -73.908208 40.675436, -73.908208 40.675436, -73.908208 40.675436, -73.908208 40.675437, -73.908208 40.675437))"^^<http://www.opengis.net/ont/geosparql#wktLiteral> .
<https://w3id.org/rtskg/new_york_city/instance/block_7755> <https://w3id.org/rtskg/ontology/objectproperty/block_intersects_station_area> <https://w3id.org/rtskg/new_york_city/instance/station_area_223> .
<https://w3id.org/rtskg/new_york_city/instance/block_7755> <https://w3id.org/rtskg/ontology/objectproperty/block_intersects_station_area> <https://w3id.org/rtskg/new_york_city/instance/station_area_243> .
<https://w3id.org/rtskg/new_york_city/instance/block_7755> <https://w3id.org/rtskg/ontology/objectproperty/block_intersects_station_area> <https://w3id.org/rtskg/new_york_city/instance/station_area_319> .
<https://w3id.org/rtskg/new_york_city/instance/block_7755> <https://w3id.org/rtskg/ontology/objectproperty/block_intersects_station_area> <https://w3id.org/rtskg/new_york_city/instance/station_area_337> .
<https://w3id.org/rtskg/new_york_city/instance/block_7755> <https://w3id.org/rtskg/ontology/objectproperty/block_intersects_station_area> <https://w3id.org/rtskg/new_york_city/instance/station_area_651> .
<https://w3id.org/rtskg/new_york_city/instance/block_7755> <https://w3id.org/rtskg/ontology/objectproperty/block_intersects_station_area> <https://w3id.org/rtskg/new_york_city/instance/station_area_652> .
<https://w3id.org/rtskg/new_york_city/instance/block_7755> <https://w3id.org/rtskg/ontology/objectproperty/block_locates_at_borough> <https://w3id.org/rtskg/new_york_city/instance/borough_3> .
<https://w3id.org/rtskg/new_york_city/instance/block_7755> <https://w3id.org/rtskg/ontology/objectproperty/block_locates_at_functional_area> <https://w3id.org/rtskg/new_york_city/instance/functional_area_177> .
