<https://w3id.org/rtskg/new_york_city/instance/block_19496> <http://www.w3.org/1999/02/22-rdf-syntax-ns#type> <https://w3id.org/rtskg/ontology/class/block> .
<https://w3id.org/rtskg/new_york_city/instance/block_19496> <https://w3id.org/rtskg/ontology/dataproperty/geometry> "POLYGON ((-73.983149 40.695809, -73.983149 40.695809, -73.983149 40.695809, -73.983147 40.69581, -73.983146 40.69581, -73.983145 40.695811, -73.983144 40.695812, -73.983143 40.695812, -73.983142 40.695813, -73.98314 40.695813, -73.983139 40.695814, -73.983138 40.695814, -73.983136 40.695815, -73.983135 40.695815, -73.983134 40.695815, -73.983132 40.695816, -73.983131 40.695816, -73.98313 40.695816, -73.983128 40.695816, -73.983127 40.695816, -73.983125 40.695817, -73.983124 40.695817, -73.983123 40.695817, -73.983121 40.695817, -73.98312 40.695817, -73.983118 40.695817, -73.983117 40.695817, -73.983115 40.695816, -73.983107 40.695816, -73.983092 40.695816, -73.983088 40.695815, -73.983045 40.695814, -73.983043 40.695814, -73.982975 40.695811, -73.982937 40.69581, -73.982904 40.695808, -73.982863 40.695807, -73.982834 40.695806, -73.982763 40.695803, -73.982758 40.695803, -73.982718 40.695801, -73.982693 40.6958, -73.982623 40.695797, -73.982598 40.695796, -73.982552 40.695795, -73.982482 40.695792, -73.982477 40.695792, -73.982476 40.695792, -73.982475 40.695792, -73.982474 40.695792, -73.982473 40.695792, -73.982472 40.695792, -73.982471 40.695792, -73.98247 40.695791, -73.982469 40.695791, -73.982468 40.695791, -73.982467 40.695791, -73.982466 40.695791, -73.982465 40.69579, -73.982464 40.69579, -73.982463 40.69579, -73.982463 40.695789, -73.982462 40.695789, -73.982461 40.695788, -73.98246 40.695788, -73.982459 40.695788, -73.982458 40.695787, -73.982458 40.695787, -73.982457 40.695786, -73.982456 40.695786, -73.982455 40.695785, -73.982455 40.695784, -73.982454 40.695784, -73.982453 40.695783, -73.982453 40.695783, -73.982452 40.695782, -73.982452 40.695781, -73.982451 40.695781, -73.982451 40.69578, -73.98245 40.695779, -73.98245 40.695779, -73.982449 40.695778, -73.982449 40.695777, -73.982449 40.695777, -73.982448 40.695776, -73.982448 40.695775, -73.982448 40.695774, -73.982448 40.695774, -73.982448 40.695773, -73.982447 40.695772, -73.982447 40.695771, -73.982447 40.69577, -73.982447 40.69577, -73.982447 40.695769, -73.982448 40.69576, -73.98245 40.695716, -73.982452 40.695661, -73.982455 40.695607, -73.982457 40.695555, -73.982457 40.695553, -73.982459 40.695522, -73.98246 40.695499, -73.982462 40.695445, -73.982465 40.695393, -73.982465 40.695391, -73.982467 40.695337, -73.98247 40.695283, -73.982472 40.695229, -73.982473 40.695211, -73.982474 40.695192, -73.982484 40.695192, -73.982492 40.695193, -73.982516 40.695193, -73.982533 40.695194, -73.982587 40.695195, -73.982591 40.695195, -73.982651 40.695197, -73.982709 40.695198, -73.98272 40.695199, -73.982742 40.6952, -73.982778 40.695202, -73.982847 40.695203, -73.982916 40.695205, -73.982985 40.695207, -73.983054 40.69521, -73.983123 40.695212, -73.983131 40.695212, -73.983136 40.695212, -73.983179 40.695214, -73.983192 40.695214, -73.983192 40.695224, -73.983191 40.695229, -73.983189 40.695275, -73.983186 40.695327, -73.983184 40.695378, -73.983181 40.69543, -73.983178 40.695481, -73.983177 40.695507, -73.983176 40.695533, -73.983173 40.695584, -73.98317 40.695636, -73.983168 40.695687, -73.983165 40.695739, -73.983165 40.695739, -73.983162 40.695787, -73.983162 40.695788, -73.983162 40.695789, -73.983162 40.69579, -73.983162 40.695791, -73.983161 40.695792, -73.983161 40.695793, -73.983161 40.695794, -73.98316 40.695795, -73.98316 40.695796, -73.983159 40.695797, -73.983159 40.695798, -73.983158 40.695799, -73.983157 40.6958, -73.983157 40.695801, -73.983156 40.695802, -73.983155 40.695803, -73.983155 40.695803, -73.983154 40.695804, -73.983153 40.695805, -73.983153 40.695806, -73.983152 40.695807, -73.983151 40.695807, -73.98315 40.695808, -73.983149 40.695809))"^^<http://www.opengis.net/ont/geosparql#wktLiteral> .
<https://w3id.org/rtskg/new_york_city/instance/block_19496> <https://w3id.org/rtskg/ontology/objectproperty/block_intersects_station_area> <https://w3id.org/rtskg/new_york_city/instance/station_area_305> .
<https://w3id.org/rtskg/new_york_city/instance/block_19496> <https://w3id.org/rtskg/ontology/objectproperty/block_intersects_station_area> <https://w3id.org/rtskg/new_york_city/instance/station_area_389> .
<https://w3id.org/rtskg/new_york_city/instance/block_19496> <https://w3id.org/rtskg/ontology/objectproperty/block_intersects_station_area> <https://w3id.org/rtskg/new_york_city/instance/station_area_390> .
<https://w3id.org/rtskg/new_york_city/instance/block_19496> <https://w3id.org/rtskg/ontology/objectproperty/block_intersects_station_area> <https://w3id.org/rtskg/new_york_city/instance/station_area_481> .
<https://w3id.org/rtskg/new_york_city/instance/block_19496> <https://w3id.org/rtskg/ontology/objectproperty/block_intersects_station_area> <https://w3id.org/rtskg/new_york_city/instance/station_area_487> .
<https://w3id.org/rtskg/new_york_city/instance/block_19496> <https://w3id.org/rtskg/ontology/objectproperty/block_intersects_station_area> <https://w3id.org/rtskg/new_york_city/instance/station_area_511> .
<https://w3id.org/rtskg/new_york_city/instance/block_19496> <https://w3id.org/rtskg/ontology/objectproperty/block_intersects_station_area> <https://w3id.org/rtskg/new_york_city/instance/station_area_589> .
<https://w3id.org/rtskg/new_york_city/instance/block_19496> <https://w3id.org/rtskg/ontology/objectproperty/block_intersects_station_area> <https://w3id.org/rtskg/new_york_city/instance/station_area_737> .
<https://w3id.org/rtskg/new_york_city/instance/block_19496> <https://w3id.org/rtskg/ontology/objectproperty/block_locates_at_borough> <https://w3id.org/rtskg/new_york_city/instance/borough_3> .
<https://w3id.org/rtskg/new_york_city/instance/block_19496> <https://w3id.org/rtskg/ontology/objectproperty/block_locates_at_functional_area> <https://w3id.org/rtskg/new_york_city/instance/functional_area_65> .
