<https://w3id.org/rtskg/new_york_city/instance/block_39152> <http://www.w3.org/1999/02/22-rdf-syntax-ns#type> <https://w3id.org/rtskg/ontology/class/block> .
<https://w3id.org/rtskg/new_york_city/instance/block_39152> <https://w3id.org/rtskg/ontology/dataproperty/geometry> "POLYGON ((-73.886303 40.875336, -73.886309 40.875323, -73.886314 40.875311, -73.886315 40.875308, -73.886377 40.87517, -73.886384 40.875155, -73.886457 40.874993, -73.886508 40.874881, -73.886511 40.874873, -73.886513 40.874869, -73.886518 40.874859, -73.886521 40.87485, -73.886522 40.874848, -73.886523 40.874847, -73.886523 40.874847, -73.886523 40.874846, -73.886523 40.874846, -73.886524 40.874846, -73.886524 40.874845, -73.886524 40.874845, -73.886525 40.874844, -73.886525 40.874844, -73.886526 40.874844, -73.886526 40.874843, -73.886526 40.874843, -73.886527 40.874843, -73.886527 40.874842, -73.886528 40.874842, -73.886528 40.874842, -73.886529 40.874842, -73.886529 40.874841, -73.88653 40.874841, -73.88653 40.874841, -73.886531 40.874841, -73.886531 40.87484, -73.886532 40.87484, -73.886533 40.87484, -73.886533 40.87484, -73.886534 40.87484, -73.886534 40.874839, -73.886535 40.874839, -73.886536 40.874839, -73.886536 40.874839, -73.886537 40.874839, -73.886537 40.874839, -73.886538 40.874839, -73.886539 40.874839, -73.886539 40.874839, -73.88654 40.874839, -73.886541 40.874839, -73.886541 40.874839, -73.886542 40.874839, -73.886542 40.874839, -73.886543 40.874839, -73.886544 40.874839, -73.886544 40.87484, -73.886545 40.87484, -73.886545 40.87484, -73.886546 40.87484, -73.886547 40.87484, -73.886547 40.87484, -73.886548 40.874841, -73.886548 40.874841, -73.886549 40.874841, -73.886549 40.874841, -73.88655 40.874842, -73.88655 40.874842, -73.886551 40.874842, -73.886551 40.874842, -73.886552 40.874843, -73.886552 40.874843, -73.886553 40.874843, -73.886553 40.874844, -73.886553 40.874844, -73.886554 40.874845, -73.886554 40.874845, -73.886554 40.874845, -73.886555 40.874846, -73.886555 40.874846, -73.886555 40.874847, -73.886556 40.874847, -73.886556 40.874847, -73.886556 40.874848, -73.886556 40.874848, -73.886556 40.874848, -73.886556 40.874849, -73.886557 40.874849, -73.886557 40.87485, -73.886557 40.87485, -73.886557 40.874851, -73.886557 40.874851, -73.886557 40.874851, -73.886557 40.874852, -73.886557 40.874852, -73.886557 40.874853, -73.886557 40.874853, -73.886557 40.874854, -73.886557 40.874854, -73.886557 40.874855, -73.886557 40.874855, -73.886557 40.874856, -73.886557 40.874856, -73.886556 40.874857, -73.886556 40.874857, -73.886556 40.874858, -73.886556 40.874858, -73.886556 40.874858, -73.886552 40.874867, -73.886547 40.874877, -73.886545 40.874882, -73.886542 40.874889, -73.886497 40.874991, -73.886423 40.875158, -73.886407 40.875193, -73.886353 40.875315, -73.88635 40.875321, -73.886344 40.875334, -73.88634 40.875343, -73.886335 40.875355, -73.886334 40.875358, -73.886327 40.875372, -73.886311 40.875409, -73.886294 40.875447, -73.886288 40.875459, -73.886282 40.875473, -73.88628 40.875477, -73.886279 40.875479, -73.886277 40.875485, -73.886273 40.875493, -73.886272 40.875494, -73.88627 40.875499, -73.886266 40.875507, -73.886236 40.875574, -73.88614 40.875782, -73.88618 40.875628, -73.886185 40.875611, -73.88619 40.875594, -73.886196 40.875577, -73.886202 40.875562, -73.886203 40.87556, -73.88623 40.875498, -73.886233 40.875492, -73.886236 40.875486, -73.886236 40.875485, -73.886243 40.875471, -73.886243 40.87547, -73.886245 40.875466, -73.886251 40.875453, -73.886257 40.875439, -73.886274 40.875402, -73.886294 40.875357, -73.886296 40.875351, -73.886297 40.875349, -73.886303 40.875336))"^^<http://www.opengis.net/ont/geosparql#wktLiteral> .
<https://w3id.org/rtskg/new_york_city/instance/block_39152> <https://w3id.org/rtskg/ontology/objectproperty/block_intersects_station_area> <https://w3id.org/rtskg/new_york_city/instance/station_area_293> .
<https://w3id.org/rtskg/new_york_city/instance/block_39152> <https://w3id.org/rtskg/ontology/objectproperty/block_intersects_station_area> <https://w3id.org/rtskg/new_york_city/instance/station_area_295> .
<https://w3id.org/rtskg/new_york_city/instance/block_39152> <https://w3id.org/rtskg/ontology/objectproperty/block_intersects_station_area> <https://w3id.org/rtskg/new_york_city/instance/station_area_296> .
<https://w3id.org/rtskg/new_york_city/instance/block_39152> <https://w3id.org/rtskg/ontology/objectproperty/block_intersects_station_area> <https://w3id.org/rtskg/new_york_city/instance/station_area_571> .
<https://w3id.org/rtskg/new_york_city/instance/block_39152> <https://w3id.org/rtskg/ontology/objectproperty/block_intersects_station_area> <https://w3id.org/rtskg/new_york_city/instance/station_area_572> .
<https://w3id.org/rtskg/new_york_city/instance/block_39152> <https://w3id.org/rtskg/ontology/objectproperty/block_intersects_station_area> <https://w3id.org/rtskg/new_york_city/instance/station_area_603> .
<https://w3id.org/rtskg/new_york_city/instance/block_39152> <https://w3id.org/rtskg/ontology/objectproperty/block_locates_at_borough> <https://w3id.org/rtskg/new_york_city/instance/borough_2> .
<https://w3id.org/rtskg/new_york_city/instance/block_39152> <https://w3id.org/rtskg/ontology/objectproperty/block_locates_at_functional_area> <https://w3id.org/rtskg/new_york_city/instance/functional_area_18> .
