<https://w3id.org/rtskg/new_york_city/instance/block_17811> <http://www.w3.org/1999/02/22-rdf-syntax-ns#type> <https://w3id.org/rtskg/ontology/class/block> .
<https://w3id.org/rtskg/new_york_city/instance/block_17811> <https://w3id.org/rtskg/ontology/dataproperty/geometry> "POLYGON ((-73.99242 40.701786, -73.992419 40.701785, -73.992417 40.701784, -73.992416 40.701784, -73.992414 40.701783, -73.992413 40.701782, -73.992412 40.701781, -73.99241 40.701781, -73.992409 40.70178, -73.992408 40.701779, -73.992407 40.701778, -73.992362 40.701742, -73.992361 40.701741, -73.992356 40.701737, -73.992406 40.701732, -73.992456 40.701726, -73.992555 40.701712, -73.992654 40.701696, -73.992752 40.701678, -73.992806 40.701667, -73.992928 40.701642, -73.993051 40.701614, -73.993102 40.701602, -73.993214 40.701573, -73.993274 40.701558, -73.993368 40.701532, -73.993399 40.701523, -73.99346 40.701506, -73.993469 40.701503, -73.993644 40.70145, -73.993825 40.701391, -73.994 40.701331, -73.994 40.701331, -73.994001 40.70133, -73.994063 40.701308, -73.994063 40.701308, -73.994063 40.701308, -73.994063 40.701308, -73.994063 40.701308, -73.994063 40.701308, -73.994064 40.701308, -73.994064 40.701308, -73.994064 40.701308, -73.994064 40.701308, -73.994064 40.701308, -73.994064 40.701308, -73.994065 40.701307, -73.994065 40.701307, -73.994065 40.701307, -73.994065 40.701308, -73.994065 40.701308, -73.994065 40.701308, -73.994066 40.701308, -73.994066 40.701308, -73.994066 40.701308, -73.994066 40.701308, -73.994066 40.701308, -73.994066 40.701308, -73.994066 40.701308, -73.994067 40.701308, -73.994067 40.701308, -73.994067 40.701308, -73.994067 40.701308, -73.994067 40.701308, -73.994067 40.701308, -73.994068 40.701308, -73.994068 40.701308, -73.994068 40.701308, -73.994068 40.701308, -73.994068 40.701309, -73.994068 40.701309, -73.994068 40.701309, -73.994068 40.701309, -73.994068 40.701309, -73.994069 40.701309, -73.994069 40.701309, -73.994069 40.701309, -73.994069 40.701309, -73.994069 40.701309, -73.994069 40.70131, -73.994069 40.701312, -73.994069 40.701312, -73.994069 40.701312, -73.994069 40.701312, -73.994069 40.701312, -73.994069 40.701312, -73.994069 40.701312, -73.994069 40.701312, -73.994069 40.701312, -73.994069 40.701313, -73.994069 40.701313, -73.994069 40.701313, -73.994069 40.701313, -73.994069 40.701313, -73.994069 40.701313, -73.994069 40.701313, -73.994068 40.701313, -73.994068 40.701313, -73.994068 40.701314, -73.994068 40.701314, -73.994068 40.701314, -73.994068 40.701314, -73.994068 40.701314, -73.994068 40.701314, -73.994067 40.701314, -73.994067 40.701314, -73.994067 40.701314, -73.994067 40.701314, -73.994067 40.701314, -73.994067 40.701314, -73.99406 40.701317, -73.994003 40.701338, -73.993883 40.701381, -73.993697 40.701445, -73.993537 40.701495, -73.993517 40.701502, -73.993453 40.70152, -73.993416 40.701531, -73.99338 40.701541, -73.993335 40.701554, -73.993268 40.701572, -73.993233 40.701581, -73.993201 40.70159, -73.993171 40.701598, -73.993133 40.701608, -73.993087 40.70162, -73.993066 40.701626, -73.992999 40.701644, -73.992931 40.701662, -73.992864 40.70168, -73.992863 40.70168, -73.992796 40.701697, -73.992729 40.701715, -73.992661 40.701733, -73.992639 40.701739, -73.992617 40.701745, -73.992594 40.701751, -73.992527 40.701769, -73.992469 40.701784, -73.992458 40.701787, -73.992456 40.701788, -73.992455 40.701788, -73.992453 40.701789, -73.992451 40.701789, -73.99245 40.701789, -73.992449 40.701789, -73.992448 40.701789, -73.992446 40.701789, -73.992445 40.701789, -73.992443 40.701789, -73.992441 40.701789, -73.99244 40.701789, -73.992438 40.701789, -73.992436 40.701789, -73.992435 40.701789, -73.992433 40.701789, -73.992431 40.701789, -73.99243 40.701788, -73.992428 40.701788, -73.992426 40.701788, -73.992425 40.701787, -73.992423 40.701787, -73.992422 40.701786, -73.99242 40.701786))"^^<http://www.opengis.net/ont/geosparql#wktLiteral> .
<https://w3id.org/rtskg/new_york_city/instance/block_17811> <https://w3id.org/rtskg/ontology/objectproperty/block_intersects_station_area> <https://w3id.org/rtskg/new_york_city/instance/station_area_305> .
<https://w3id.org/rtskg/new_york_city/instance/block_17811> <https://w3id.org/rtskg/ontology/objectproperty/block_intersects_station_area> <https://w3id.org/rtskg/new_york_city/instance/station_area_365> .
<https://w3id.org/rtskg/new_york_city/instance/block_17811> <https://w3id.org/rtskg/ontology/objectproperty/block_intersects_station_area> <https://w3id.org/rtskg/new_york_city/instance/station_area_366> .
<https://w3id.org/rtskg/new_york_city/instance/block_17811> <https://w3id.org/rtskg/ontology/objectproperty/block_intersects_station_area> <https://w3id.org/rtskg/new_york_city/instance/station_area_481> .
<https://w3id.org/rtskg/new_york_city/instance/block_17811> <https://w3id.org/rtskg/ontology/objectproperty/block_intersects_station_area> <https://w3id.org/rtskg/new_york_city/instance/station_area_482> .
<https://w3id.org/rtskg/new_york_city/instance/block_17811> <https://w3id.org/rtskg/ontology/objectproperty/block_intersects_station_area> <https://w3id.org/rtskg/new_york_city/instance/station_area_737> .
<https://w3id.org/rtskg/new_york_city/instance/block_17811> <https://w3id.org/rtskg/ontology/objectproperty/block_locates_at_borough> <https://w3id.org/rtskg/new_york_city/instance/borough_3> .
<https://w3id.org/rtskg/new_york_city/instance/block_17811> <https://w3id.org/rtskg/ontology/objectproperty/block_locates_at_functional_area> <https://w3id.org/rtskg/new_york_city/instance/functional_area_33> .
