<https://w3id.org/rtskg/new_york_city/instance/block_43738> <http://www.w3.org/1999/02/22-rdf-syntax-ns#type> <https://w3id.org/rtskg/ontology/class/block> .
<https://w3id.org/rtskg/new_york_city/instance/block_43738> <https://w3id.org/rtskg/ontology/dataproperty/geometry> "POLYGON ((-73.926657 40.811587, -73.926655 40.811587, -73.926654 40.811588, -73.926653 40.811589, -73.926651 40.811589, -73.926649 40.81159, -73.926648 40.81159, -73.926646 40.811591, -73.926646 40.811591, -73.926645 40.811591, -73.926643 40.811592, -73.926641 40.811592, -73.92664 40.811592, -73.926638 40.811592, -73.926636 40.811593, -73.926635 40.811593, -73.926633 40.811593, -73.926631 40.811593, -73.92663 40.811593, -73.926628 40.811593, -73.926626 40.811593, -73.926626 40.811593, -73.926624 40.811593, -73.926623 40.811593, -73.926621 40.811593, -73.926619 40.811592, -73.926618 40.811592, -73.926616 40.811592, -73.926614 40.811591, -73.926613 40.811591, -73.926611 40.811591, -73.92661 40.81159, -73.926608 40.81159, -73.926606 40.811589, -73.926605 40.811588, -73.926604 40.811588, -73.926603 40.811588, -73.926602 40.811587, -73.926601 40.811586, -73.926599 40.811586, -73.926505 40.811509, -73.926491 40.811497, -73.926484 40.811492, -73.926483 40.811491, -73.926482 40.811489, -73.926482 40.811488, -73.926481 40.811487, -73.926481 40.811486, -73.92648 40.811485, -73.92648 40.811483, -73.92648 40.811482, -73.926479 40.811481, -73.926479 40.81148, -73.926479 40.811479, -73.926479 40.811477, -73.926479 40.811476, -73.926479 40.811475, -73.926479 40.811474, -73.926479 40.811472, -73.92648 40.811471, -73.92648 40.81147, -73.92648 40.811469, -73.926481 40.811467, -73.926481 40.811466, -73.926481 40.811465, -73.926482 40.811464, -73.926483 40.811463, -73.926483 40.811461, -73.926484 40.81146, -73.926485 40.811459, -73.926485 40.811459, -73.926485 40.811458, -73.926486 40.811457, -73.926487 40.811456, -73.926488 40.811455, -73.926489 40.811454, -73.92649 40.811453, -73.926491 40.811452, -73.926492 40.811452, -73.926492 40.811451, -73.926494 40.81145, -73.926495 40.811449, -73.926693 40.811336, -73.926736 40.811311, -73.926782 40.811285, -73.92687 40.811234, -73.92687 40.811234, -73.926871 40.811234, -73.926871 40.811234, -73.926872 40.811233, -73.926872 40.811233, -73.926873 40.811233, -73.926873 40.811233, -73.926874 40.811232, -73.926874 40.811232, -73.926875 40.811232, -73.926876 40.811232, -73.926876 40.811232, -73.926877 40.811232, -73.926878 40.811232, -73.926878 40.811231, -73.926879 40.811231, -73.926879 40.811231, -73.92688 40.811231, -73.926881 40.811231, -73.926881 40.811231, -73.926882 40.811231, -73.926883 40.811231, -73.926883 40.811231, -73.926884 40.811231, -73.926884 40.811232, -73.926885 40.811232, -73.926886 40.811232, -73.926886 40.811232, -73.926887 40.811232, -73.926887 40.811232, -73.926888 40.811232, -73.926889 40.811233, -73.926889 40.811233, -73.92689 40.811233, -73.92689 40.811233, -73.926891 40.811233, -73.926891 40.811234, -73.926892 40.811234, -73.926892 40.811234, -73.926893 40.811235, -73.926893 40.811235, -73.926894 40.811235, -73.926894 40.811236, -73.926895 40.811236, -73.926895 40.811236, -73.926896 40.811237, -73.926896 40.811237, -73.926896 40.811237, -73.926897 40.811238, -73.926897 40.811238, -73.926897 40.811239, -73.926898 40.811239, -73.926898 40.81124, -73.926898 40.81124, -73.926898 40.81124, -73.926898 40.811241, -73.926899 40.811241, -73.926899 40.811242, -73.926899 40.811242, -73.926899 40.811243, -73.926899 40.811243, -73.926899 40.811244, -73.926899 40.811244, -73.926899 40.811245, -73.926899 40.811245, -73.926899 40.811246, -73.926899 40.811246, -73.926899 40.811247, -73.926899 40.811247, -73.926899 40.811248, -73.926899 40.811248, -73.926899 40.811249, -73.926899 40.811249, -73.926898 40.811249, -73.926898 40.81125, -73.926898 40.81125, -73.926898 40.811251, -73.926898 40.811251, -73.926897 40.811252, -73.926897 40.811252, -73.926897 40.811253, -73.926896 40.811253, -73.926896 40.811253, -73.926665 40.811575, -73.926659 40.811583, -73.926657 40.811587))"^^<http://www.opengis.net/ont/geosparql#wktLiteral> .
<https://w3id.org/rtskg/new_york_city/instance/block_43738> <https://w3id.org/rtskg/ontology/objectproperty/block_intersects_station_area> <https://w3id.org/rtskg/new_york_city/instance/station_area_107> .
<https://w3id.org/rtskg/new_york_city/instance/block_43738> <https://w3id.org/rtskg/ontology/objectproperty/block_intersects_station_area> <https://w3id.org/rtskg/new_york_city/instance/station_area_108> .
<https://w3id.org/rtskg/new_york_city/instance/block_43738> <https://w3id.org/rtskg/ontology/objectproperty/block_intersects_station_area> <https://w3id.org/rtskg/new_york_city/instance/station_area_25> .
<https://w3id.org/rtskg/new_york_city/instance/block_43738> <https://w3id.org/rtskg/ontology/objectproperty/block_intersects_station_area> <https://w3id.org/rtskg/new_york_city/instance/station_area_26> .
<https://w3id.org/rtskg/new_york_city/instance/block_43738> <https://w3id.org/rtskg/ontology/objectproperty/block_intersects_station_area> <https://w3id.org/rtskg/new_york_city/instance/station_area_327> .
<https://w3id.org/rtskg/new_york_city/instance/block_43738> <https://w3id.org/rtskg/ontology/objectproperty/block_intersects_station_area> <https://w3id.org/rtskg/new_york_city/instance/station_area_35> .
<https://w3id.org/rtskg/new_york_city/instance/block_43738> <https://w3id.org/rtskg/ontology/objectproperty/block_locates_at_borough> <https://w3id.org/rtskg/new_york_city/instance/borough_2> .
<https://w3id.org/rtskg/new_york_city/instance/block_43738> <https://w3id.org/rtskg/ontology/objectproperty/block_locates_at_functional_area> <https://w3id.org/rtskg/new_york_city/instance/functional_area_168> .
