<https://w3id.org/rtskg/new_york_city/instance/block_21114> <http://www.w3.org/1999/02/22-rdf-syntax-ns#type> <https://w3id.org/rtskg/ontology/class/block> .
<https://w3id.org/rtskg/new_york_city/instance/block_21114> <https://w3id.org/rtskg/ontology/dataproperty/geometry> "POLYGON ((-73.995458 40.754755, -73.995459 40.754755, -73.995459 40.754755, -73.995461 40.754755, -73.995462 40.754756, -73.995464 40.754756, -73.995465 40.754756, -73.995467 40.754757, -73.99547 40.754758, -73.995477 40.754761, -73.995718 40.754861, -73.995994 40.754979, -73.996207 40.755069, -73.996217 40.755073, -73.99617 40.755088, -73.996109 40.755107, -73.996105 40.755108, -73.996081 40.755116, -73.996074 40.755111, -73.996066 40.755104, -73.996056 40.755098, -73.996047 40.755091, -73.996037 40.755085, -73.996027 40.75508, -73.996017 40.755074, -73.996007 40.755069, -73.995996 40.755064, -73.995985 40.755059, -73.995974 40.755055, -73.995963 40.75505, -73.995911 40.755028, -73.995776 40.754971, -73.995718 40.754947, -73.995652 40.754918, -73.995643 40.754914, -73.99564 40.754913, -73.995633 40.75491, -73.995623 40.754905, -73.995614 40.754902, -73.995604 40.754898, -73.995593 40.754895, -73.995583 40.754892, -73.995573 40.754889, -73.995562 40.754886, -73.995551 40.754884, -73.995551 40.754884, -73.995541 40.754882, -73.99553 40.75488, -73.995519 40.754879, -73.995508 40.754878, -73.995471 40.754875, -73.995467 40.754875, -73.995462 40.754875, -73.995458 40.754874, -73.995453 40.754874, -73.995449 40.754874, -73.995444 40.754874, -73.995439 40.754874, -73.995435 40.754874, -73.99543 40.754874, -73.995426 40.754875, -73.995421 40.754875, -73.995416 40.754875, -73.995412 40.754876, -73.995407 40.754876, -73.995403 40.754876, -73.995399 40.754877, -73.995398 40.754877, -73.995394 40.754878, -73.99539 40.754878, -73.995389 40.754878, -73.995385 40.754879, -73.99538 40.75488, -73.99538 40.75488, -73.995376 40.754881, -73.995371 40.754882, -73.99537 40.754882, -73.995369 40.754882, -73.995369 40.754882, -73.995368 40.754882, -73.995367 40.754882, -73.995366 40.754881, -73.995365 40.754881, -73.995363 40.754881, -73.995362 40.754881, -73.995361 40.75488, -73.99536 40.75488, -73.995359 40.754879, -73.995359 40.754879, -73.995358 40.754878, -73.995357 40.754877, -73.995356 40.754877, -73.995356 40.754876, -73.995355 40.754875, -73.995354 40.754875, -73.995354 40.754874, -73.995353 40.754873, -73.995353 40.754872, -73.995353 40.754871, -73.995353 40.75487, -73.995352 40.75487, -73.995352 40.754869, -73.995352 40.754868, -73.99536 40.754857, -73.99536 40.754856, -73.995392 40.75481, -73.995397 40.754802, -73.995413 40.754779, -73.995417 40.754772, -73.995419 40.75477, -73.995419 40.75477, -73.995419 40.754769, -73.99542 40.754768, -73.995421 40.754767, -73.995422 40.754766, -73.995423 40.754765, -73.995424 40.754764, -73.995425 40.754763, -73.995426 40.754762, -73.995427 40.754761, -73.995429 40.75476, -73.99543 40.75476, -73.995431 40.754759, -73.995433 40.754758, -73.995434 40.754758, -73.995435 40.754757, -73.995437 40.754756, -73.995438 40.754756, -73.99544 40.754756, -73.995441 40.754755, -73.995443 40.754755, -73.995445 40.754755, -73.995446 40.754754, -73.995448 40.754754, -73.995449 40.754754, -73.995451 40.754754, -73.995453 40.754754, -73.995454 40.754754, -73.995456 40.754754, -73.995458 40.754755))"^^<http://www.opengis.net/ont/geosparql#wktLiteral> .
<https://w3id.org/rtskg/new_york_city/instance/block_21114> <https://w3id.org/rtskg/ontology/objectproperty/block_intersects_station_area> <https://w3id.org/rtskg/new_york_city/instance/station_area_119> .
<https://w3id.org/rtskg/new_york_city/instance/block_21114> <https://w3id.org/rtskg/ontology/objectproperty/block_intersects_station_area> <https://w3id.org/rtskg/new_york_city/instance/station_area_123> .
<https://w3id.org/rtskg/new_york_city/instance/block_21114> <https://w3id.org/rtskg/ontology/objectproperty/block_intersects_station_area> <https://w3id.org/rtskg/new_york_city/instance/station_area_124> .
<https://w3id.org/rtskg/new_york_city/instance/block_21114> <https://w3id.org/rtskg/ontology/objectproperty/block_intersects_station_area> <https://w3id.org/rtskg/new_york_city/instance/station_area_125> .
<https://w3id.org/rtskg/new_york_city/instance/block_21114> <https://w3id.org/rtskg/ontology/objectproperty/block_intersects_station_area> <https://w3id.org/rtskg/new_york_city/instance/station_area_126> .
<https://w3id.org/rtskg/new_york_city/instance/block_21114> <https://w3id.org/rtskg/ontology/objectproperty/block_intersects_station_area> <https://w3id.org/rtskg/new_york_city/instance/station_area_693> .
<https://w3id.org/rtskg/new_york_city/instance/block_21114> <https://w3id.org/rtskg/ontology/objectproperty/block_locates_at_borough> <https://w3id.org/rtskg/new_york_city/instance/borough_1> .
<https://w3id.org/rtskg/new_york_city/instance/block_21114> <https://w3id.org/rtskg/ontology/objectproperty/block_locates_at_functional_area> <https://w3id.org/rtskg/new_york_city/instance/functional_area_68> .
