<https://w3id.org/rtskg/new_york_city/instance/block_40551> <http://www.w3.org/1999/02/22-rdf-syntax-ns#type> <https://w3id.org/rtskg/ontology/class/block> .
<https://w3id.org/rtskg/new_york_city/instance/block_40551> <https://w3id.org/rtskg/ontology/dataproperty/geometry> "POLYGON ((-73.945285 40.750857, -73.945273 40.750869, -73.94525 40.750893, -73.945232 40.750911, -73.945192 40.750954, -73.945191 40.750954, -73.945183 40.750962, -73.945171 40.750975, -73.945162 40.750985, -73.945158 40.750987, -73.945152 40.750989, -73.945146 40.75099, -73.94514 40.750991, -73.945138 40.750992, -73.945134 40.750992, -73.945129 40.750993, -73.945128 40.750993, -73.945122 40.750993, -73.945121 40.750993, -73.945117 40.750992, -73.945108 40.750988, -73.945096 40.750981, -73.944875 40.750871, -73.944715 40.750792, -73.944699 40.750784, -73.944568 40.75072, -73.944548 40.75071, -73.944524 40.750698, -73.944523 40.750697, -73.944523 40.750697, -73.944523 40.750697, -73.944523 40.750697, -73.944434 40.750653, -73.944222 40.750546, -73.944196 40.750533, -73.944175 40.750523, -73.944179 40.750519, -73.944181 40.750516, -73.944183 40.750514, -73.944189 40.750508, -73.944228 40.750465, -73.944255 40.750435, -73.944267 40.750422, -73.944299 40.750387, -73.944306 40.750379, -73.944345 40.750337, -73.944384 40.750295, -73.944424 40.750253, -73.944463 40.750211, -73.944497 40.750175, -73.944499 40.750173, -73.944503 40.750169, -73.944503 40.750168, -73.944504 40.750168, -73.944505 40.750167, -73.944506 40.750166, -73.944507 40.750166, -73.944508 40.750165, -73.944509 40.750165, -73.94451 40.750164, -73.944512 40.750163, -73.944513 40.750163, -73.944514 40.750162, -73.944514 40.750162, -73.944514 40.750162, -73.944515 40.750162, -73.944516 40.750162, -73.944517 40.750161, -73.944519 40.750161, -73.94452 40.750161, -73.944521 40.75016, -73.944522 40.75016, -73.944524 40.75016, -73.944525 40.75016, -73.944526 40.750159, -73.944528 40.750159, -73.944529 40.750159, -73.94453 40.750159, -73.944532 40.750159, -73.944533 40.750159, -73.944534 40.750159, -73.944535 40.750159, -73.944537 40.750159, -73.944538 40.75016, -73.944539 40.75016, -73.944541 40.75016, -73.944541 40.75016, -73.944542 40.75016, -73.944543 40.750161, -73.944544 40.750161, -73.944546 40.750161, -73.944547 40.750162, -73.944548 40.750162, -73.944549 40.750162, -73.94455 40.750163, -73.944551 40.750163, -73.944553 40.750164, -73.944558 40.750167, -73.94456 40.750167, -73.944583 40.750179, -73.944613 40.750194, -73.94463 40.750202, -73.944671 40.750222, -73.944728 40.750251, -73.944745 40.750259, -73.94478 40.750276, -73.944785 40.750279, -73.94483 40.750301, -73.944842 40.750307, -73.944902 40.750336, -73.944961 40.750365, -73.94502 40.750394, -73.945079 40.750424, -73.945135 40.750451, -73.945138 40.750453, -73.945301 40.750534, -73.945449 40.750608, -73.945463 40.750615, -73.945465 40.750616, -73.945466 40.750616, -73.945467 40.750617, -73.945468 40.750618, -73.945469 40.750618, -73.945469 40.750619, -73.94547 40.750619, -73.945471 40.75062, -73.945472 40.750621, -73.945473 40.750622, -73.945474 40.750623, -73.945474 40.750623, -73.945475 40.750624, -73.945476 40.750625, -73.945477 40.750626, -73.945477 40.750627, -73.945478 40.750628, -73.945479 40.750629, -73.945479 40.75063, -73.94548 40.750631, -73.94548 40.750632, -73.94548 40.750633, -73.945481 40.750634, -73.945481 40.750635, -73.945481 40.750636, -73.945481 40.750637, -73.945482 40.750638, -73.945482 40.750639, -73.945482 40.750641, -73.945482 40.750642, -73.945482 40.750643, -73.945482 40.750644, -73.945481 40.750645, -73.945481 40.750646, -73.945481 40.750647, -73.945481 40.750648, -73.94548 40.750649, -73.94548 40.75065, -73.94548 40.750651, -73.945479 40.750652, -73.945479 40.750653, -73.945478 40.750654, -73.945477 40.750655, -73.945477 40.750656, -73.945476 40.750657, -73.945475 40.750658, -73.945475 40.750658, -73.945475 40.750659, -73.945474 40.75066, -73.945462 40.750672, -73.945458 40.750676, -73.945433 40.750702, -73.945394 40.750742, -73.945355 40.750783, -73.945342 40.750796, -73.945322 40.750818, -73.945314 40.750826, -73.945295 40.750846, -73.945285 40.750856, -73.945285 40.750857))"^^<http://www.opengis.net/ont/geosparql#wktLiteral> .
<https://w3id.org/rtskg/new_york_city/instance/block_40551> <https://w3id.org/rtskg/ontology/objectproperty/block_intersects_station_area> <https://w3id.org/rtskg/new_york_city/instance/station_area_379> .
<https://w3id.org/rtskg/new_york_city/instance/block_40551> <https://w3id.org/rtskg/ontology/objectproperty/block_intersects_station_area> <https://w3id.org/rtskg/new_york_city/instance/station_area_380> .
<https://w3id.org/rtskg/new_york_city/instance/block_40551> <https://w3id.org/rtskg/ontology/objectproperty/block_intersects_station_area> <https://w3id.org/rtskg/new_york_city/instance/station_area_641> .
<https://w3id.org/rtskg/new_york_city/instance/block_40551> <https://w3id.org/rtskg/ontology/objectproperty/block_intersects_station_area> <https://w3id.org/rtskg/new_york_city/instance/station_area_643> .
<https://w3id.org/rtskg/new_york_city/instance/block_40551> <https://w3id.org/rtskg/ontology/objectproperty/block_intersects_station_area> <https://w3id.org/rtskg/new_york_city/instance/station_area_644> .
<https://w3id.org/rtskg/new_york_city/instance/block_40551> <https://w3id.org/rtskg/ontology/objectproperty/block_intersects_station_area> <https://w3id.org/rtskg/new_york_city/instance/station_area_83> .
<https://w3id.org/rtskg/new_york_city/instance/block_40551> <https://w3id.org/rtskg/ontology/objectproperty/block_intersects_station_area> <https://w3id.org/rtskg/new_york_city/instance/station_area_84> .
<https://w3id.org/rtskg/new_york_city/instance/block_40551> <https://w3id.org/rtskg/ontology/objectproperty/block_intersects_station_area> <https://w3id.org/rtskg/new_york_city/instance/station_area_85> .
<https://w3id.org/rtskg/new_york_city/instance/block_40551> <https://w3id.org/rtskg/ontology/objectproperty/block_locates_at_borough> <https://w3id.org/rtskg/new_york_city/instance/borough_4> .
<https://w3id.org/rtskg/new_york_city/instance/block_40551> <https://w3id.org/rtskg/ontology/objectproperty/block_locates_at_functional_area> <https://w3id.org/rtskg/new_york_city/instance/functional_area_145> .
