<https://w3id.org/rtskg/new_york_city/instance/block_19555> <http://www.w3.org/1999/02/22-rdf-syntax-ns#type> <https://w3id.org/rtskg/ontology/class/block> .
<https://w3id.org/rtskg/new_york_city/instance/block_19555> <https://w3id.org/rtskg/ontology/dataproperty/geometry> "POLYGON ((-73.987697 40.700239, -73.987699 40.70024, -73.987699 40.70024, -73.9877 40.700241, -73.987702 40.700242, -73.987703 40.700243, -73.987704 40.700244, -73.987706 40.700245, -73.987707 40.700247, -73.987709 40.700249, -73.987709 40.70025, -73.987711 40.700252, -73.987711 40.700253, -73.987712 40.700254, -73.987714 40.700257, -73.987714 40.700259, -73.987715 40.70026, -73.987716 40.700262, -73.987716 40.700264, -73.987717 40.700266, -73.987717 40.700267, -73.987717 40.700268, -73.987717 40.70027, -73.987718 40.700273, -73.987718 40.700276, -73.987718 40.700279, -73.987718 40.700282, -73.987717 40.700288, -73.987717 40.700295, -73.987716 40.700306, -73.987716 40.700306, -73.987716 40.700307, -73.987716 40.700308, -73.987713 40.700354, -73.987711 40.700386, -73.987711 40.700392, -73.987711 40.700393, -73.98771 40.700402, -73.987709 40.700422, -73.987709 40.700423, -73.987707 40.70045, -73.987706 40.700469, -73.987704 40.700497, -73.987701 40.700541, -73.987701 40.700545, -73.987698 40.700585, -73.987698 40.700591, -73.987697 40.7006, -73.987697 40.70061, -73.987697 40.70061, -73.987697 40.70061, -73.987697 40.700612, -73.987696 40.700614, -73.987696 40.700614, -73.987696 40.700615, -73.987695 40.700617, -73.987695 40.700618, -73.987694 40.70062, -73.987693 40.700622, -73.987692 40.700623, -73.987691 40.700625, -73.98769 40.700626, -73.987689 40.700627, -73.987687 40.700629, -73.987687 40.700629, -73.987686 40.70063, -73.987685 40.700631, -73.987683 40.700632, -73.987681 40.700633, -73.987679 40.700634, -73.987678 40.700635, -73.987678 40.700635, -73.987676 40.700636, -73.987674 40.700637, -73.987672 40.700638, -73.98767 40.700638, -73.987668 40.700639, -73.987666 40.700639, -73.987664 40.70064, -73.987663 40.70064, -73.987661 40.70064, -73.987659 40.70064, -73.987657 40.70064, -73.987655 40.70064, -73.987653 40.70064, -73.987651 40.70064, -73.987631 40.700638, -73.987552 40.700636, -73.987519 40.700635, -73.987459 40.700633, -73.987382 40.700629, -73.987308 40.700626, -73.987264 40.700623, -73.987224 40.70062, -73.987194 40.700616, -73.987174 40.700613, -73.987163 40.700611, -73.987155 40.700608, -73.987151 40.700606, -73.987149 40.700604, -73.987147 40.700603, -73.987145 40.7006, -73.987143 40.700597, -73.987143 40.700595, -73.987143 40.700592, -73.987146 40.700585, -73.987146 40.700584, -73.987146 40.700584, -73.987148 40.70058, -73.98715 40.700574, -73.987152 40.700569, -73.987153 40.700568, -73.987155 40.700558, -73.987154 40.700553, -73.987153 40.700547, -73.987145 40.700528, -73.98712 40.700484, -73.987095 40.700441, -73.987083 40.70042, -73.98707 40.700397, -73.987046 40.700353, -73.987021 40.700309, -73.98702 40.700308, -73.987019 40.700307, -73.987019 40.700306, -73.987018 40.700305, -73.987017 40.700304, -73.987017 40.700303, -73.987016 40.700302, -73.987013 40.700295, -73.987004 40.700278, -73.987002 40.700274, -73.987002 40.700273, -73.987001 40.70027, -73.986999 40.700265, -73.986998 40.700263, -73.986998 40.700261, -73.986997 40.700257, -73.986996 40.700255, -73.986996 40.700254, -73.986996 40.700253, -73.986996 40.700249, -73.986996 40.700247, -73.986996 40.700247, -73.986996 40.700245, -73.986996 40.700244, -73.986996 40.700242, -73.986997 40.700241, -73.986998 40.700238, -73.986999 40.700236, -73.987 40.700233, -73.987002 40.70023, -73.987003 40.700228, -73.987006 40.700224, -73.987007 40.700222, -73.987008 40.70022, -73.987009 40.700219, -73.98701 40.700218, -73.987011 40.700218, -73.987012 40.700217, -73.987013 40.700216, -73.987015 40.700216, -73.987018 40.700215, -73.98702 40.700214, -73.987024 40.700214, -73.987025 40.700213, -73.987028 40.700213, -73.987035 40.700212, -73.987036 40.700212, -73.987052 40.700213, -73.987247 40.70022, -73.987417 40.700225, -73.987456 40.700227, -73.987672 40.700233, -73.987681 40.700234, -73.987686 40.700235, -73.987693 40.700238, -73.987693 40.700238, -73.987697 40.700239))"^^<http://www.opengis.net/ont/geosparql#wktLiteral> .
<https://w3id.org/rtskg/new_york_city/instance/block_19555> <https://w3id.org/rtskg/ontology/objectproperty/block_intersects_station_area> <https://w3id.org/rtskg/new_york_city/instance/station_area_365> .
<https://w3id.org/rtskg/new_york_city/instance/block_19555> <https://w3id.org/rtskg/ontology/objectproperty/block_intersects_station_area> <https://w3id.org/rtskg/new_york_city/instance/station_area_481> .
<https://w3id.org/rtskg/new_york_city/instance/block_19555> <https://w3id.org/rtskg/ontology/objectproperty/block_intersects_station_area> <https://w3id.org/rtskg/new_york_city/instance/station_area_482> .
<https://w3id.org/rtskg/new_york_city/instance/block_19555> <https://w3id.org/rtskg/ontology/objectproperty/block_intersects_station_area> <https://w3id.org/rtskg/new_york_city/instance/station_area_511> .
<https://w3id.org/rtskg/new_york_city/instance/block_19555> <https://w3id.org/rtskg/ontology/objectproperty/block_intersects_station_area> <https://w3id.org/rtskg/new_york_city/instance/station_area_737> .
<https://w3id.org/rtskg/new_york_city/instance/block_19555> <https://w3id.org/rtskg/ontology/objectproperty/block_intersects_station_area> <https://w3id.org/rtskg/new_york_city/instance/station_area_738> .
<https://w3id.org/rtskg/new_york_city/instance/block_19555> <https://w3id.org/rtskg/ontology/objectproperty/block_locates_at_borough> <https://w3id.org/rtskg/new_york_city/instance/borough_3> .
<https://w3id.org/rtskg/new_york_city/instance/block_19555> <https://w3id.org/rtskg/ontology/objectproperty/block_locates_at_functional_area> <https://w3id.org/rtskg/new_york_city/instance/functional_area_65> .
