<https://w3id.org/rtskg/new_york_city/instance/block_17223> <http://www.w3.org/1999/02/22-rdf-syntax-ns#type> <https://w3id.org/rtskg/ontology/class/block> .
<https://w3id.org/rtskg/new_york_city/instance/block_17223> <https://w3id.org/rtskg/ontology/dataproperty/geometry> "POLYGON ((-73.971511 40.675468, -73.971512 40.67547, -73.971513 40.675471, -73.971514 40.675472, -73.971516 40.675473, -73.971517 40.675475, -73.971517 40.675475, -73.971518 40.675476, -73.971519 40.675477, -73.97152 40.675479, -73.97152 40.67548, -73.971521 40.675482, -73.971522 40.675483, -73.971522 40.675485, -73.971523 40.675486, -73.971523 40.675488, -73.971523 40.675488, -73.971524 40.675489, -73.971524 40.675491, -73.971525 40.675492, -73.971525 40.675494, -73.971525 40.675495, -73.971525 40.675497, -73.971525 40.675498, -73.971525 40.6755, -73.971525 40.675502, -73.971525 40.675503, -73.971524 40.675505, -73.971524 40.675506, -73.971524 40.675508, -73.971523 40.675509, -73.971523 40.675511, -73.971522 40.675512, -73.971516 40.675521, -73.971491 40.675557, -73.97148 40.675573, -73.971473 40.675584, -73.971473 40.675584, -73.971465 40.675596, -73.971461 40.675602, -73.971461 40.675602, -73.971461 40.675602, -73.971461 40.675602, -73.97146 40.675603, -73.97146 40.675603, -73.97146 40.675603, -73.97146 40.675604, -73.97146 40.675604, -73.97146 40.675604, -73.97146 40.675604, -73.971459 40.675605, -73.971459 40.675605, -73.971459 40.675605, -73.971459 40.675605, -73.971459 40.675606, -73.971458 40.675606, -73.971458 40.675606, -73.971458 40.675606, -73.971458 40.675606, -73.971457 40.675607, -73.971457 40.675607, -73.971457 40.675607, -73.971457 40.675607, -73.971456 40.675607, -73.971456 40.675608, -73.971456 40.675608, -73.971455 40.675608, -73.971455 40.675608, -73.971455 40.675608, -73.971454 40.675608, -73.971454 40.675608, -73.971454 40.675608, -73.971453 40.675609, -73.971453 40.675609, -73.971453 40.675609, -73.971452 40.675609, -73.971452 40.675609, -73.971451 40.675609, -73.971451 40.675609, -73.971451 40.675609, -73.97145 40.675609, -73.97145 40.675609, -73.97145 40.675609, -73.971449 40.675609, -73.971449 40.675609, -73.971448 40.675609, -73.971448 40.675609, -73.971448 40.675609, -73.971447 40.675609, -73.971447 40.675609, -73.971447 40.675609, -73.971446 40.675608, -73.971446 40.675608, -73.971446 40.675608, -73.971445 40.675608, -73.971445 40.675608, -73.971445 40.675608, -73.971444 40.675608, -73.971444 40.675608, -73.971444 40.675607, -73.971443 40.675607, -73.971443 40.675607, -73.971443 40.675607, -73.971442 40.675607, -73.971442 40.675606, -73.971442 40.675606, -73.971442 40.675606, -73.971441 40.675606, -73.971441 40.675606, -73.971441 40.675605, -73.971441 40.675605, -73.971441 40.675605, -73.97144 40.675605, -73.97144 40.675604, -73.97144 40.675604, -73.97144 40.675604, -73.97144 40.675604, -73.97144 40.675603, -73.971439 40.675603, -73.971439 40.675603, -73.971439 40.675603, -73.971438 40.675601, -73.97143 40.67559, -73.971421 40.675577, -73.971414 40.675567, -73.971409 40.675561, -73.971379 40.67552, -73.971349 40.675479, -73.971319 40.675438, -73.971297 40.675408, -73.971289 40.675397, -73.97129 40.675396, -73.97129 40.675396, -73.97129 40.675396, -73.97129 40.675395, -73.971291 40.675395, -73.971291 40.675394, -73.971291 40.675394, -73.971292 40.675394, -73.971292 40.675393, -73.971292 40.675393, -73.971293 40.675393, -73.971293 40.675392, -73.971294 40.675392, -73.971294 40.675392, -73.971294 40.675391, -73.971295 40.675391, -73.971295 40.675391, -73.971296 40.675391, -73.971296 40.67539, -73.971297 40.67539, -73.971297 40.67539, -73.971298 40.67539, -73.971299 40.67539, -73.971299 40.675389, -73.9713 40.675389, -73.9713 40.675389, -73.971301 40.675389, -73.971301 40.675389, -73.971302 40.675389, -73.971302 40.675389, -73.971303 40.675389, -73.971303 40.675389, -73.971304 40.675389, -73.971304 40.675389, -73.971305 40.675389, -73.971305 40.675389, -73.971306 40.675389, -73.971307 40.675389, -73.971307 40.675389, -73.971308 40.675389, -73.971314 40.675391, -73.971358 40.675408, -73.971408 40.675427, -73.971458 40.675447, -73.971501 40.675463, -73.971508 40.675466, -73.971509 40.675467, -73.971511 40.675468))"^^<http://www.opengis.net/ont/geosparql#wktLiteral> .
<https://w3id.org/rtskg/new_york_city/instance/block_17223> <https://w3id.org/rtskg/ontology/objectproperty/block_intersects_station_area> <https://w3id.org/rtskg/new_york_city/instance/station_area_185> .
<https://w3id.org/rtskg/new_york_city/instance/block_17223> <https://w3id.org/rtskg/ontology/objectproperty/block_intersects_station_area> <https://w3id.org/rtskg/new_york_city/instance/station_area_186> .
<https://w3id.org/rtskg/new_york_city/instance/block_17223> <https://w3id.org/rtskg/ontology/objectproperty/block_intersects_station_area> <https://w3id.org/rtskg/new_york_city/instance/station_area_299> .
<https://w3id.org/rtskg/new_york_city/instance/block_17223> <https://w3id.org/rtskg/ontology/objectproperty/block_intersects_station_area> <https://w3id.org/rtskg/new_york_city/instance/station_area_413> .
<https://w3id.org/rtskg/new_york_city/instance/block_17223> <https://w3id.org/rtskg/ontology/objectproperty/block_intersects_station_area> <https://w3id.org/rtskg/new_york_city/instance/station_area_455> .
<https://w3id.org/rtskg/new_york_city/instance/block_17223> <https://w3id.org/rtskg/ontology/objectproperty/block_intersects_station_area> <https://w3id.org/rtskg/new_york_city/instance/station_area_456> .
<https://w3id.org/rtskg/new_york_city/instance/block_17223> <https://w3id.org/rtskg/ontology/objectproperty/block_locates_at_borough> <https://w3id.org/rtskg/new_york_city/instance/borough_3> .
<https://w3id.org/rtskg/new_york_city/instance/block_17223> <https://w3id.org/rtskg/ontology/objectproperty/block_locates_at_functional_area> <https://w3id.org/rtskg/new_york_city/instance/functional_area_181> .
