<https://w3id.org/rtskg/new_york_city/instance/block_19805> <http://www.w3.org/1999/02/22-rdf-syntax-ns#type> <https://w3id.org/rtskg/ontology/class/block> .
<https://w3id.org/rtskg/new_york_city/instance/block_19805> <https://w3id.org/rtskg/ontology/dataproperty/geometry> "POLYGON ((-73.956674 40.710277, -73.956666 40.71029, -73.956664 40.710294, -73.956661 40.710297, -73.95666 40.710298, -73.956658 40.7103, -73.956654 40.710302, -73.95665 40.710305, -73.956647 40.710305, -73.956645 40.710306, -73.956645 40.710306, -73.95664 40.710307, -73.956635 40.710307, -73.95663 40.710307, -73.956556 40.710316, -73.95648 40.710291, -73.956475 40.710289, -73.956474 40.710281, -73.956476 40.710276, -73.956483 40.710258, -73.956465 40.710252, -73.95646 40.71025, -73.956459 40.710249, -73.956457 40.710249, -73.956453 40.710247, -73.95645 40.710246, -73.956448 40.710245, -73.956447 40.710245, -73.956447 40.710245, -73.956435 40.710241, -73.956435 40.710241, -73.956429 40.710238, -73.956422 40.710236, -73.956422 40.710236, -73.956421 40.710236, -73.95641 40.710232, -73.95641 40.710231, -73.956408 40.710231, -73.956398 40.710227, -73.956397 40.710227, -73.956397 40.710227, -73.956393 40.710225, -73.956387 40.710223, -73.956386 40.710223, -73.956377 40.710219, -73.956376 40.710219, -73.956369 40.710217, -73.956368 40.710216, -73.95636 40.710213, -73.956359 40.710213, -73.956338 40.710205, -73.956324 40.7102, -73.956332 40.710183, -73.956337 40.710174, -73.956338 40.710172, -73.956341 40.710167, -73.956353 40.710171, -73.956363 40.710175, -73.95639 40.710125, -73.956418 40.710074, -73.956445 40.710024, -73.956472 40.709974, -73.9565 40.709924, -73.9565 40.709922, -73.956527 40.709874, -73.956548 40.709835, -73.956568 40.709796, -73.956583 40.709768, -73.956589 40.709757, -73.956609 40.709719, -73.95661 40.709718, -73.956622 40.709697, -73.956624 40.709693, -73.956627 40.709689, -73.956635 40.709673, -73.956638 40.70967, -73.956641 40.709671, -73.956651 40.709675, -73.956653 40.709675, -73.956674 40.709683, -73.956694 40.70969, -73.956703 40.709694, -73.95671 40.709696, -73.956713 40.709698, -73.956726 40.709702, -73.956741 40.709708, -73.956756 40.709714, -73.956765 40.709717, -73.956772 40.709719, -73.956773 40.70972, -73.956778 40.709722, -73.956827 40.70974, -73.956949 40.709785, -73.95695 40.709785, -73.956951 40.709786, -73.956952 40.709786, -73.956953 40.709787, -73.956954 40.709787, -73.956955 40.709788, -73.956956 40.709788, -73.956957 40.709789, -73.956957 40.70979, -73.956958 40.70979, -73.956958 40.70979, -73.956959 40.709791, -73.95696 40.709792, -73.956961 40.709792, -73.956961 40.709793, -73.956962 40.709794, -73.956963 40.709795, -73.956963 40.709795, -73.956964 40.709796, -73.956964 40.709797, -73.956965 40.709798, -73.956965 40.709799, -73.956966 40.709799, -73.956966 40.7098, -73.956967 40.709801, -73.956967 40.709802, -73.956967 40.709803, -73.956967 40.709804, -73.956967 40.709804, -73.956967 40.709805, -73.956968 40.709806, -73.956968 40.709806, -73.956968 40.709807, -73.956968 40.709808, -73.956968 40.709809, -73.956968 40.70981, -73.956968 40.709811, -73.956968 40.709812, -73.956967 40.709813, -73.956967 40.709814, -73.956967 40.709815, -73.956967 40.709815, -73.956966 40.709816, -73.956966 40.709817, -73.956965 40.709818, -73.956965 40.709819, -73.956964 40.70982, -73.956937 40.709862, -73.956935 40.709867, -73.956923 40.709886, -73.956916 40.709895, -73.956905 40.709914, -73.956875 40.709961, -73.956845 40.710008, -73.956815 40.710055, -73.956785 40.710102, -73.956755 40.71015, -73.956725 40.710197, -73.956711 40.710219, -73.956708 40.710223, -73.956695 40.710244, -73.956687 40.710256, -73.956676 40.710274, -73.956674 40.710277))"^^<http://www.opengis.net/ont/geosparql#wktLiteral> .
<https://w3id.org/rtskg/new_york_city/instance/block_19805> <https://w3id.org/rtskg/ontology/objectproperty/block_intersects_station_area> <https://w3id.org/rtskg/new_york_city/instance/station_area_323> .
<https://w3id.org/rtskg/new_york_city/instance/block_19805> <https://w3id.org/rtskg/ontology/objectproperty/block_intersects_station_area> <https://w3id.org/rtskg/new_york_city/instance/station_area_479> .
<https://w3id.org/rtskg/new_york_city/instance/block_19805> <https://w3id.org/rtskg/ontology/objectproperty/block_intersects_station_area> <https://w3id.org/rtskg/new_york_city/instance/station_area_480> .
<https://w3id.org/rtskg/new_york_city/instance/block_19805> <https://w3id.org/rtskg/ontology/objectproperty/block_intersects_station_area> <https://w3id.org/rtskg/new_york_city/instance/station_area_553> .
<https://w3id.org/rtskg/new_york_city/instance/block_19805> <https://w3id.org/rtskg/ontology/objectproperty/block_intersects_station_area> <https://w3id.org/rtskg/new_york_city/instance/station_area_554> .
<https://w3id.org/rtskg/new_york_city/instance/block_19805> <https://w3id.org/rtskg/ontology/objectproperty/block_intersects_station_area> <https://w3id.org/rtskg/new_york_city/instance/station_area_555> .
<https://w3id.org/rtskg/new_york_city/instance/block_19805> <https://w3id.org/rtskg/ontology/objectproperty/block_locates_at_borough> <https://w3id.org/rtskg/new_york_city/instance/borough_3> .
<https://w3id.org/rtskg/new_york_city/instance/block_19805> <https://w3id.org/rtskg/ontology/objectproperty/block_locates_at_functional_area> <https://w3id.org/rtskg/new_york_city/instance/functional_area_256> .
