<https://w3id.org/rtskg/new_york_city/instance/block_41098> <http://www.w3.org/1999/02/22-rdf-syntax-ns#type> <https://w3id.org/rtskg/ontology/class/block> .
<https://w3id.org/rtskg/new_york_city/instance/block_41098> <https://w3id.org/rtskg/ontology/dataproperty/geometry> "POLYGON ((-73.927044 40.757112, -73.927008 40.757155, -73.926973 40.757198, -73.926938 40.757242, -73.926909 40.757278, -73.926903 40.757285, -73.926898 40.757287, -73.926897 40.757288, -73.926881 40.757296, -73.926879 40.757296, -73.926869 40.757294, -73.926858 40.757293, -73.926855 40.757293, -73.926849 40.75729, -73.926803 40.757268, -73.926751 40.757244, -73.926699 40.75722, -73.926647 40.757195, -73.926594 40.757171, -73.926541 40.757146, -73.926516 40.757135, -73.926487 40.757121, -73.926433 40.757097, -73.92638 40.757072, -73.926326 40.757047, -73.926272 40.757022, -73.926218 40.756997, -73.926216 40.756994, -73.926214 40.756991, -73.926207 40.756979, -73.926205 40.756977, -73.926207 40.756967, -73.926208 40.756961, -73.926209 40.756954, -73.92621 40.756951, -73.926246 40.756906, -73.926283 40.756861, -73.926319 40.756816, -73.926349 40.756778, -73.926355 40.756771, -73.926392 40.756726, -73.926428 40.756681, -73.926464 40.756636, -73.926492 40.756602, -73.926501 40.756591, -73.926537 40.756546, -73.926574 40.756501, -73.92661 40.756456, -73.926646 40.756411, -73.926683 40.756366, -73.926719 40.756321, -73.926755 40.756276, -73.926792 40.756231, -73.926802 40.756217, -73.926828 40.756186, -73.926855 40.756152, -73.926882 40.756118, -73.926908 40.756085, -73.926934 40.756053, -73.926959 40.756022, -73.926993 40.75598, -73.927027 40.755938, -73.927061 40.755896, -73.927095 40.755855, -73.927129 40.755813, -73.927163 40.755771, -73.927197 40.755729, -73.92723 40.755688, -73.927231 40.755687, -73.927246 40.755669, -73.927249 40.755666, -73.927268 40.755643, -73.927304 40.755598, -73.92733 40.755567, -73.927337 40.755558, -73.927341 40.755553, -73.927351 40.755548, -73.927362 40.755543, -73.927382 40.755543, -73.927387 40.755543, -73.927392 40.755545, -73.927399 40.755548, -73.927448 40.755571, -73.927508 40.7556, -73.927569 40.755628, -73.927576 40.755632, -73.927629 40.755657, -73.92769 40.755684, -73.927751 40.755712, -73.927813 40.75574, -73.927874 40.755768, -73.927935 40.755796, -73.927956 40.755807, -73.927984 40.75582, -73.928023 40.755839, -73.928025 40.75584, -73.928034 40.755844, -73.928038 40.755852, -73.928044 40.755861, -73.928044 40.755866, -73.928042 40.755879, -73.928041 40.755882, -73.928032 40.755894, -73.928011 40.755921, -73.92798 40.75596, -73.927951 40.755997, -73.927949 40.755999, -73.927934 40.756019, -73.927919 40.756038, -73.927883 40.756082, -73.927869 40.756099, -73.927851 40.756121, -73.927846 40.756126, -73.927812 40.756168, -73.92781 40.75617, -73.927774 40.756214, -73.927771 40.756218, -73.927753 40.75624, -73.927738 40.756258, -73.927701 40.756303, -73.927674 40.756336, -73.927665 40.756347, -73.927656 40.756358, -73.927631 40.756389, -73.927597 40.756431, -73.927596 40.756432, -73.927569 40.756464, -73.927562 40.756473, -73.927528 40.756515, -73.927512 40.756534, -73.927495 40.756556, -73.927494 40.756557, -73.927459 40.756599, -73.927455 40.756604, -73.927437 40.756626, -73.927425 40.756641, -73.927391 40.756683, -73.927356 40.756725, -73.92733 40.756758, -73.927322 40.756768, -73.927313 40.756779, -73.927313 40.75678, -73.927288 40.756811, -73.927267 40.756836, -73.927253 40.756853, -73.927249 40.756858, -73.927219 40.756896, -73.927208 40.756909, -73.92719 40.756931, -73.927184 40.756939, -73.927149 40.756982, -73.927114 40.757025, -73.927079 40.757068, -73.927063 40.757087, -73.927044 40.757112))"^^<http://www.opengis.net/ont/geosparql#wktLiteral> .
<https://w3id.org/rtskg/new_york_city/instance/block_41098> <https://w3id.org/rtskg/ontology/objectproperty/block_intersects_station_area> <https://w3id.org/rtskg/new_york_city/instance/station_area_127> .
<https://w3id.org/rtskg/new_york_city/instance/block_41098> <https://w3id.org/rtskg/ontology/objectproperty/block_intersects_station_area> <https://w3id.org/rtskg/new_york_city/instance/station_area_128> .
<https://w3id.org/rtskg/new_york_city/instance/block_41098> <https://w3id.org/rtskg/ontology/objectproperty/block_intersects_station_area> <https://w3id.org/rtskg/new_york_city/instance/station_area_129> .
<https://w3id.org/rtskg/new_york_city/instance/block_41098> <https://w3id.org/rtskg/ontology/objectproperty/block_intersects_station_area> <https://w3id.org/rtskg/new_york_city/instance/station_area_130> .
<https://w3id.org/rtskg/new_york_city/instance/block_41098> <https://w3id.org/rtskg/ontology/objectproperty/block_intersects_station_area> <https://w3id.org/rtskg/new_york_city/instance/station_area_131> .
<https://w3id.org/rtskg/new_york_city/instance/block_41098> <https://w3id.org/rtskg/ontology/objectproperty/block_intersects_station_area> <https://w3id.org/rtskg/new_york_city/instance/station_area_323> .
<https://w3id.org/rtskg/new_york_city/instance/block_41098> <https://w3id.org/rtskg/ontology/objectproperty/block_intersects_station_area> <https://w3id.org/rtskg/new_york_city/instance/station_area_679> .
<https://w3id.org/rtskg/new_york_city/instance/block_41098> <https://w3id.org/rtskg/ontology/objectproperty/block_locates_at_borough> <https://w3id.org/rtskg/new_york_city/instance/borough_4> .
<https://w3id.org/rtskg/new_york_city/instance/block_41098> <https://w3id.org/rtskg/ontology/objectproperty/block_locates_at_functional_area> <https://w3id.org/rtskg/new_york_city/instance/functional_area_7> .
