<https://w3id.org/rtskg/new_york_city/instance/block_22941> <http://www.w3.org/1999/02/22-rdf-syntax-ns#type> <https://w3id.org/rtskg/ontology/class/block> .
<https://w3id.org/rtskg/new_york_city/instance/block_22941> <https://w3id.org/rtskg/ontology/dataproperty/geometry> "POLYGON ((-73.944614 40.752654, -73.944625 40.752659, -73.944742 40.752709, -73.944759 40.752716, -73.944777 40.752724, -73.944974 40.75281, -73.945021 40.75283, -73.945206 40.752912, -73.945214 40.752916, -73.945215 40.752916, -73.945216 40.752917, -73.945228 40.752923, -73.945239 40.752928, -73.945241 40.752929, -73.945243 40.752931, -73.945253 40.752936, -73.945254 40.752936, -73.945259 40.752939, -73.945266 40.752943, -73.945271 40.752945, -73.945288 40.752951, -73.945289 40.752951, -73.945306 40.752957, -73.945316 40.752961, -73.945339 40.752969, -73.945348 40.752972, -73.945348 40.752972, -73.945348 40.752972, -73.945522 40.753047, -73.945694 40.753123, -73.945948 40.753231, -73.945994 40.75325, -73.946121 40.753305, -73.946201 40.753339, -73.946308 40.753385, -73.94653 40.753481, -73.946628 40.753524, -73.946638 40.753528, -73.946662 40.753539, -73.946684 40.753548, -73.946745 40.753574, -73.946758 40.75358, -73.946927 40.753653, -73.947186 40.753766, -73.947253 40.753795, -73.947262 40.753799, -73.947308 40.753819, -73.947551 40.753926, -73.947693 40.753988, -73.948102 40.754165, -73.948115 40.754171, -73.94812 40.754173, -73.948121 40.754173, -73.94818 40.754199, -73.94826 40.754233, -73.948273 40.754239, -73.948273 40.754239, -73.948349 40.754272, -73.94878 40.754459, -73.948896 40.754509, -73.948932 40.754525, -73.948935 40.754526, -73.948962 40.754538, -73.948982 40.754546, -73.948979 40.754549, -73.948969 40.754561, -73.948968 40.754562, -73.948965 40.754566, -73.948952 40.75458, -73.948952 40.754581, -73.948946 40.754588, -73.948945 40.754589, -73.94894 40.754594, -73.948939 40.754595, -73.948914 40.754625, -73.948896 40.754646, -73.948893 40.754649, -73.948876 40.754669, -73.948846 40.754704, -73.948838 40.754713, -73.948826 40.754728, -73.948822 40.754732, -73.948818 40.754737, -73.948816 40.754739, -73.948801 40.754757, -73.948763 40.754801, -73.948747 40.75482, -73.948729 40.754841, -73.94868 40.754821, -73.948598 40.754789, -73.948468 40.754733, -73.948463 40.754731, -73.947819 40.754447, -73.947817 40.754447, -73.947537 40.754322, -73.947527 40.754318, -73.94727 40.754205, -73.947268 40.754204, -73.946648 40.753937, -73.946628 40.753928, -73.946098 40.753697, -73.945995 40.753652, -73.945755 40.753546, -73.945485 40.753425, -73.945453 40.753411, -73.94542 40.753397, -73.945394 40.753385, -73.945383 40.75338, -73.944936 40.753194, -73.944919 40.753186, -73.944555 40.753026, -73.944523 40.753013, -73.9442 40.752875, -73.94418 40.752867, -73.943873 40.75274, -73.943868 40.752738, -73.943862 40.752736, -73.943855 40.752733, -73.943825 40.752721, -73.943813 40.752716, -73.943799 40.752711, -73.94381 40.752703, -73.94382 40.752696, -73.943825 40.752693, -73.943829 40.752691, -73.943831 40.75269, -73.943836 40.752688, -73.943842 40.752685, -73.943848 40.752683, -73.943854 40.752681, -73.943864 40.752679, -73.943882 40.752674, -73.943886 40.752673, -73.943894 40.752672, -73.943901 40.75267, -73.94391 40.752668, -73.943919 40.752668, -73.943924 40.752668, -73.944027 40.752663, -73.944131 40.752661, -73.944222 40.752656, -73.944244 40.752658, -73.944282 40.752655, -73.944286 40.752656, -73.944296 40.752657, -73.944343 40.752656, -73.944345 40.752656, -73.944365 40.752656, -73.944374 40.752656, -73.944446 40.752655, -73.944448 40.752655, -73.944451 40.752655, -73.944456 40.752655, -73.94446 40.752655, -73.944477 40.752655, -73.944477 40.752655, -73.944484 40.752655, -73.944494 40.752655, -73.944499 40.752655, -73.944501 40.752655, -73.944518 40.752655, -73.944527 40.752655, -73.944539 40.752655, -73.944551 40.752654, -73.944571 40.752654, -73.944581 40.752654, -73.944602 40.752654, -73.944608 40.752654, -73.944614 40.752654))"^^<http://www.opengis.net/ont/geosparql#wktLiteral> .
<https://w3id.org/rtskg/new_york_city/instance/block_22941> <https://w3id.org/rtskg/ontology/objectproperty/block_intersects_station_area> <https://w3id.org/rtskg/new_york_city/instance/station_area_379> .
<https://w3id.org/rtskg/new_york_city/instance/block_22941> <https://w3id.org/rtskg/ontology/objectproperty/block_intersects_station_area> <https://w3id.org/rtskg/new_york_city/instance/station_area_641> .
<https://w3id.org/rtskg/new_york_city/instance/block_22941> <https://w3id.org/rtskg/ontology/objectproperty/block_intersects_station_area> <https://w3id.org/rtskg/new_york_city/instance/station_area_643> .
<https://w3id.org/rtskg/new_york_city/instance/block_22941> <https://w3id.org/rtskg/ontology/objectproperty/block_intersects_station_area> <https://w3id.org/rtskg/new_york_city/instance/station_area_644> .
<https://w3id.org/rtskg/new_york_city/instance/block_22941> <https://w3id.org/rtskg/ontology/objectproperty/block_intersects_station_area> <https://w3id.org/rtskg/new_york_city/instance/station_area_83> .
<https://w3id.org/rtskg/new_york_city/instance/block_22941> <https://w3id.org/rtskg/ontology/objectproperty/block_intersects_station_area> <https://w3id.org/rtskg/new_york_city/instance/station_area_84> .
<https://w3id.org/rtskg/new_york_city/instance/block_22941> <https://w3id.org/rtskg/ontology/objectproperty/block_locates_at_borough> <https://w3id.org/rtskg/new_york_city/instance/borough_4> .
<https://w3id.org/rtskg/new_york_city/instance/block_22941> <https://w3id.org/rtskg/ontology/objectproperty/block_locates_at_functional_area> <https://w3id.org/rtskg/new_york_city/instance/functional_area_193> .
