<https://w3id.org/rtskg/new_york_city/instance/block_5403> <http://www.w3.org/1999/02/22-rdf-syntax-ns#type> <https://w3id.org/rtskg/ontology/class/block> .
<https://w3id.org/rtskg/new_york_city/instance/block_5403> <https://w3id.org/rtskg/ontology/dataproperty/geometry> "POLYGON ((-73.982652 40.593838, -73.982653 40.593839, -73.982655 40.593839, -73.982656 40.593839, -73.982658 40.593839, -73.982659 40.593839, -73.982659 40.593839, -73.982661 40.593839, -73.982662 40.593839, -73.982664 40.59384, -73.982665 40.59384, -73.982666 40.59384, -73.982668 40.593841, -73.982669 40.593841, -73.98267 40.593842, -73.982672 40.593842, -73.982673 40.593843, -73.982674 40.593843, -73.982676 40.593844, -73.982677 40.593845, -73.982678 40.593845, -73.982679 40.593846, -73.98268 40.593847, -73.982681 40.593847, -73.982682 40.593848, -73.982683 40.593849, -73.982684 40.59385, -73.982685 40.593851, -73.982686 40.593852, -73.982687 40.593853, -73.982688 40.593854, -73.982688 40.593854, -73.982689 40.593855, -73.98269 40.593856, -73.98269 40.593857, -73.982691 40.593858, -73.982692 40.59386, -73.982692 40.59386, -73.982692 40.593861, -73.982693 40.593862, -73.982693 40.593863, -73.982693 40.593864, -73.982694 40.593865, -73.982694 40.593866, -73.982696 40.593877, -73.982697 40.593885, -73.982701 40.593902, -73.982703 40.593916, -73.98271 40.59395, -73.982713 40.593968, -73.982723 40.594021, -73.982733 40.594073, -73.982733 40.594075, -73.982743 40.594124, -73.982714 40.594127, -73.982689 40.59413, -73.982682 40.594131, -73.982621 40.594138, -73.982609 40.594085, -73.982538 40.594093, -73.982467 40.594101, -73.982396 40.594109, -73.982325 40.594116, -73.982254 40.594124, -73.982183 40.594132, -73.982112 40.59414, -73.982059 40.594145, -73.982041 40.594147, -73.982044 40.594161, -73.982052 40.5942, -73.982034 40.594203, -73.981994 40.594208, -73.981963 40.594212, -73.981936 40.594216, -73.981926 40.594166, -73.981925 40.594161, -73.981916 40.594115, -73.981907 40.594064, -73.981897 40.594013, -73.981893 40.593992, -73.981889 40.59397, -73.981886 40.593957, -73.981886 40.593955, -73.981886 40.593954, -73.981885 40.593953, -73.981885 40.593952, -73.981885 40.593951, -73.981885 40.59395, -73.981885 40.593948, -73.981885 40.593947, -73.981886 40.593946, -73.981886 40.593945, -73.981886 40.593944, -73.981886 40.593943, -73.981886 40.593943, -73.981887 40.593941, -73.981887 40.59394, -73.981888 40.593939, -73.981888 40.593938, -73.981889 40.593937, -73.981889 40.593936, -73.98189 40.593935, -73.981891 40.593934, -73.981892 40.593933, -73.981892 40.593932, -73.981893 40.593931, -73.981894 40.59393, -73.981895 40.593929, -73.981895 40.593929, -73.981896 40.593928, -73.981897 40.593927, -73.981898 40.593926, -73.981899 40.593925, -73.9819 40.593925, -73.981901 40.593924, -73.981902 40.593924, -73.981903 40.593923, -73.981904 40.593922, -73.981905 40.593922, -73.981906 40.593921, -73.981908 40.59392, -73.981909 40.59392, -73.981911 40.593919, -73.981912 40.593919, -73.981913 40.593918, -73.981915 40.593918, -73.981916 40.593918, -73.981918 40.593917, -73.981919 40.593917, -73.981919 40.593917, -73.981921 40.593917, -73.981922 40.593916, -73.981924 40.593916, -73.981949 40.593914, -73.981955 40.593913, -73.981986 40.593909, -73.982055 40.593902, -73.982125 40.593895, -73.982194 40.593887, -73.982263 40.59388, -73.982327 40.593873, -73.982391 40.593866, -73.982455 40.593859, -73.982519 40.593852, -73.982583 40.593846, -73.982608 40.593843, -73.982639 40.59384, -73.982646 40.593839, -73.982648 40.593839, -73.982649 40.593839, -73.982651 40.593839, -73.982652 40.593838))"^^<http://www.opengis.net/ont/geosparql#wktLiteral> .
<https://w3id.org/rtskg/new_york_city/instance/block_5403> <https://w3id.org/rtskg/ontology/objectproperty/block_intersects_station_area> <https://w3id.org/rtskg/new_york_city/instance/station_area_101> .
<https://w3id.org/rtskg/new_york_city/instance/block_5403> <https://w3id.org/rtskg/ontology/objectproperty/block_intersects_station_area> <https://w3id.org/rtskg/new_york_city/instance/station_area_211> .
<https://w3id.org/rtskg/new_york_city/instance/block_5403> <https://w3id.org/rtskg/ontology/objectproperty/block_intersects_station_area> <https://w3id.org/rtskg/new_york_city/instance/station_area_212> .
<https://w3id.org/rtskg/new_york_city/instance/block_5403> <https://w3id.org/rtskg/ontology/objectproperty/block_intersects_station_area> <https://w3id.org/rtskg/new_york_city/instance/station_area_259> .
<https://w3id.org/rtskg/new_york_city/instance/block_5403> <https://w3id.org/rtskg/ontology/objectproperty/block_intersects_station_area> <https://w3id.org/rtskg/new_york_city/instance/station_area_261> .
<https://w3id.org/rtskg/new_york_city/instance/block_5403> <https://w3id.org/rtskg/ontology/objectproperty/block_intersects_station_area> <https://w3id.org/rtskg/new_york_city/instance/station_area_263> .
<https://w3id.org/rtskg/new_york_city/instance/block_5403> <https://w3id.org/rtskg/ontology/objectproperty/block_locates_at_borough> <https://w3id.org/rtskg/new_york_city/instance/borough_3> .
<https://w3id.org/rtskg/new_york_city/instance/block_5403> <https://w3id.org/rtskg/ontology/objectproperty/block_locates_at_functional_area> <https://w3id.org/rtskg/new_york_city/instance/functional_area_21> .
