<https://w3id.org/rtskg/new_york_city/instance/block_17792> <http://www.w3.org/1999/02/22-rdf-syntax-ns#type> <https://w3id.org/rtskg/ontology/class/block> .
<https://w3id.org/rtskg/new_york_city/instance/block_17792> <https://w3id.org/rtskg/ontology/dataproperty/geometry> "POLYGON ((-74.002183 40.707456, -74.002128 40.707484, -74.002072 40.707512, -74.002016 40.70754, -74.001961 40.707568, -74.001905 40.707597, -74.00185 40.707625, -74.001794 40.707653, -74.001755 40.707671, -74.001738 40.707679, -74.001729 40.707683, -74.001726 40.707682, -74.001722 40.707681, -74.001715 40.707679, -74.00171 40.707677, -74.001708 40.707676, -74.001701 40.707673, -74.001695 40.707669, -74.001695 40.707669, -74.00169 40.707665, -74.001416 40.707322, -74.001416 40.707322, -74.001415 40.707318, -74.001415 40.707313, -74.001415 40.707308, -74.001415 40.707308, -74.001416 40.707304, -74.001418 40.707299, -74.001421 40.707295, -74.001424 40.707291, -74.001428 40.707288, -74.001433 40.707285, -74.001464 40.707265, -74.00147 40.707261, -74.001539 40.707226, -74.001592 40.707195, -74.001645 40.707164, -74.001698 40.707133, -74.001751 40.707103, -74.001804 40.707072, -74.001855 40.707041, -74.001905 40.70701, -74.001956 40.706979, -74.002011 40.706946, -74.002066 40.706914, -74.002121 40.706882, -74.002176 40.70685, -74.002231 40.706817, -74.002278 40.70679, -74.002281 40.706788, -74.002282 40.706788, -74.002284 40.706787, -74.002285 40.706786, -74.002286 40.706786, -74.002287 40.706785, -74.002289 40.706785, -74.00229 40.706784, -74.002291 40.706784, -74.002293 40.706784, -74.002294 40.706783, -74.002295 40.706783, -74.002296 40.706783, -74.002297 40.706783, -74.002298 40.706782, -74.0023 40.706782, -74.002301 40.706782, -74.002302 40.706782, -74.002304 40.706782, -74.002305 40.706782, -74.002307 40.706782, -74.002308 40.706782, -74.00231 40.706782, -74.002311 40.706782, -74.002312 40.706782, -74.002313 40.706782, -74.002313 40.706782, -74.002314 40.706782, -74.002315 40.706783, -74.002317 40.706783, -74.002318 40.706783, -74.002319 40.706783, -74.002321 40.706784, -74.002322 40.706784, -74.002323 40.706785, -74.002325 40.706785, -74.002326 40.706786, -74.002327 40.706786, -74.002328 40.706787, -74.00233 40.706787, -74.002331 40.706788, -74.002332 40.706789, -74.002333 40.706789, -74.002334 40.70679, -74.002334 40.70679, -74.002335 40.706791, -74.002336 40.706792, -74.002337 40.706792, -74.002338 40.706793, -74.002339 40.706794, -74.00234 40.706795, -74.002341 40.706796, -74.002341 40.706797, -74.002346 40.706803, -74.002379 40.706843, -74.002414 40.706885, -74.002448 40.706928, -74.002483 40.706971, -74.002518 40.707013, -74.002553 40.707056, -74.002587 40.707099, -74.002622 40.707141, -74.002649 40.707174, -74.002654 40.70718, -74.002654 40.707181, -74.002655 40.707182, -74.002655 40.707182, -74.002656 40.707183, -74.002656 40.707184, -74.002657 40.707185, -74.002657 40.707186, -74.002658 40.707187, -74.002658 40.707188, -74.002658 40.707188, -74.002658 40.707189, -74.002659 40.70719, -74.002659 40.707191, -74.002659 40.707192, -74.002659 40.707193, -74.002659 40.707195, -74.00266 40.707195, -74.00266 40.707196, -74.00266 40.707197, -74.00266 40.707198, -74.002659 40.707199, -74.002659 40.7072, -74.002659 40.707201, -74.002659 40.707202, -74.002659 40.707203, -74.002659 40.707203, -74.002658 40.707204, -74.002658 40.707205, -74.002657 40.707206, -74.002657 40.707207, -74.002657 40.707208, -74.002656 40.707208, -74.002656 40.707209, -74.002655 40.70721, -74.002655 40.707211, -74.002654 40.707212, -74.002653 40.707213, -74.002652 40.707214, -74.002652 40.707215, -74.002651 40.707216, -74.00265 40.707217, -74.002649 40.707218, -74.002648 40.707218, -74.002647 40.707219, -74.002646 40.70722, -74.002645 40.70722, -74.002644 40.707221, -74.002643 40.707221, -74.002642 40.707222, -74.002641 40.707222, -74.002578 40.707255, -74.002556 40.707266, -74.002519 40.707285, -74.00246 40.707315, -74.002401 40.707345, -74.002343 40.707375, -74.002289 40.707402, -74.002236 40.707429, -74.002183 40.707456))"^^<http://www.opengis.net/ont/geosparql#wktLiteral> .
<https://w3id.org/rtskg/new_york_city/instance/block_17792> <https://w3id.org/rtskg/ontology/objectproperty/block_intersects_station_area> <https://w3id.org/rtskg/new_york_city/instance/station_area_317> .
<https://w3id.org/rtskg/new_york_city/instance/block_17792> <https://w3id.org/rtskg/ontology/objectproperty/block_intersects_station_area> <https://w3id.org/rtskg/new_york_city/instance/station_area_329> .
<https://w3id.org/rtskg/new_york_city/instance/block_17792> <https://w3id.org/rtskg/ontology/objectproperty/block_intersects_station_area> <https://w3id.org/rtskg/new_york_city/instance/station_area_355> .
<https://w3id.org/rtskg/new_york_city/instance/block_17792> <https://w3id.org/rtskg/ontology/objectproperty/block_intersects_station_area> <https://w3id.org/rtskg/new_york_city/instance/station_area_363> .
<https://w3id.org/rtskg/new_york_city/instance/block_17792> <https://w3id.org/rtskg/ontology/objectproperty/block_intersects_station_area> <https://w3id.org/rtskg/new_york_city/instance/station_area_449> .
<https://w3id.org/rtskg/new_york_city/instance/block_17792> <https://w3id.org/rtskg/ontology/objectproperty/block_intersects_station_area> <https://w3id.org/rtskg/new_york_city/instance/station_area_450> .
<https://w3id.org/rtskg/new_york_city/instance/block_17792> <https://w3id.org/rtskg/ontology/objectproperty/block_intersects_station_area> <https://w3id.org/rtskg/new_york_city/instance/station_area_719> .
<https://w3id.org/rtskg/new_york_city/instance/block_17792> <https://w3id.org/rtskg/ontology/objectproperty/block_locates_at_borough> <https://w3id.org/rtskg/new_york_city/instance/borough_1> .
<https://w3id.org/rtskg/new_york_city/instance/block_17792> <https://w3id.org/rtskg/ontology/objectproperty/block_locates_at_functional_area> <https://w3id.org/rtskg/new_york_city/instance/functional_area_209> .
