<https://w3id.org/rtskg/new_york_city/instance/block_41807> <http://www.w3.org/1999/02/22-rdf-syntax-ns#type> <https://w3id.org/rtskg/ontology/class/block> .
<https://w3id.org/rtskg/new_york_city/instance/block_41807> <https://w3id.org/rtskg/ontology/dataproperty/geometry> "POLYGON ((-73.897658 40.75048, -73.897659 40.750481, -73.897661 40.750481, -73.897663 40.750482, -73.897665 40.750482, -73.897667 40.750483, -73.897668 40.750484, -73.89767 40.750484, -73.897672 40.750485, -73.897674 40.750486, -73.897674 40.750486, -73.897676 40.750487, -73.897676 40.750487, -73.897677 40.750488, -73.897679 40.750489, -73.89768 40.75049, -73.897682 40.750491, -73.897683 40.750492, -73.897685 40.750493, -73.897686 40.750494, -73.897687 40.750495, -73.897688 40.750496, -73.897689 40.750497, -73.89769 40.750498, -73.897691 40.750499, -73.897692 40.750501, -73.897693 40.750502, -73.897694 40.750504, -73.897695 40.750505, -73.897696 40.750506, -73.897697 40.750508, -73.897697 40.750508, -73.897697 40.750508, -73.897706 40.75056, -73.897715 40.750612, -73.897718 40.750626, -73.897724 40.750663, -73.897733 40.750715, -73.897742 40.750767, -73.897747 40.750791, -73.897752 40.750819, -73.897761 40.750871, -73.89777 40.750923, -73.897779 40.750975, -73.897788 40.751027, -73.897797 40.751078, -73.897806 40.75113, -73.897815 40.751182, -73.897824 40.751234, -73.897833 40.751286, -73.897843 40.751338, -73.897844 40.751346, -73.897845 40.751355, -73.897847 40.751364, -73.897849 40.751372, -73.897852 40.751381, -73.897855 40.751389, -73.897858 40.751397, -73.897862 40.751406, -73.897866 40.751414, -73.89787 40.751422, -73.897875 40.75143, -73.89788 40.751438, -73.897886 40.751445, -73.897916 40.751493, -73.897945 40.751541, -73.897975 40.751589, -73.898005 40.751637, -73.898014 40.751651, -73.898035 40.751685, -73.898036 40.751686, -73.898039 40.75169, -73.898065 40.751733, -73.898078 40.751754, -73.898081 40.751759, -73.898095 40.751781, -73.898125 40.751829, -73.898155 40.751877, -73.898185 40.751925, -73.898215 40.751973, -73.898245 40.752021, -73.898274 40.752068, -73.898304 40.752116, -73.898334 40.752164, -73.898352 40.752193, -73.898369 40.75222, -73.898369 40.75222, -73.89837 40.752225, -73.89837 40.752229, -73.89837 40.752229, -73.898369 40.752234, -73.898368 40.752234, -73.898367 40.752238, -73.898364 40.752242, -73.898361 40.752246, -73.898357 40.752249, -73.898357 40.752249, -73.898353 40.752252, -73.898348 40.752255, -73.898343 40.752257, -73.89834 40.752258, -73.898338 40.752258, -73.898332 40.752259, -73.898263 40.752267, -73.898045 40.752291, -73.898038 40.752292, -73.898017 40.752294, -73.897983 40.752298, -73.897921 40.752304, -73.897895 40.752307, -73.897818 40.752315, -73.897808 40.752316, -73.8978 40.752296, -73.897791 40.752269, -73.897791 40.752269, -73.89779 40.752266, -73.897787 40.752256, -73.897786 40.752255, -73.897786 40.752254, -73.897786 40.752253, -73.897785 40.752252, -73.897785 40.752251, -73.897785 40.75225, -73.897783 40.752246, -73.897782 40.752241, -73.897774 40.752214, -73.897766 40.752187, -73.897764 40.752178, -73.897764 40.752177, -73.89776 40.752159, -73.89776 40.752159, -73.897754 40.752132, -73.897749 40.752101, -73.897746 40.752079, -73.897741 40.752048, -73.897724 40.751932, -73.897718 40.751888, -73.897714 40.751865, -73.897709 40.751828, -73.897698 40.751748, -73.897688 40.751669, -73.897652 40.751403, -73.897645 40.75135, -73.897637 40.751293, -73.897611 40.751102, -73.897605 40.751058, -73.897594 40.750981, -73.897583 40.750905, -73.897579 40.750874, -73.897577 40.750862, -73.897574 40.750843, -73.897571 40.750828, -73.897562 40.750769, -73.897559 40.750751, -73.897545 40.750675, -73.897537 40.750634, -73.897532 40.750606, -73.897531 40.750598, -73.897523 40.75056, -73.897522 40.750551, -73.897519 40.750538, -73.897519 40.750537, -73.897519 40.750536, -73.897518 40.750535, -73.897518 40.750533, -73.897518 40.750531, -73.897517 40.75053, -73.897517 40.750528, -73.897516 40.750526, -73.897516 40.750522, -73.897509 40.750493, -73.897512 40.750492, -73.89764 40.750479, -73.89764 40.750479, -73.897642 40.750479, -73.897644 40.750479, -73.897647 40.750479, -73.897649 40.750479, -73.897651 40.750479, -73.897653 40.75048, -73.897655 40.75048, -73.897657 40.75048, -73.897658 40.75048))"^^<http://www.opengis.net/ont/geosparql#wktLiteral> .
<https://w3id.org/rtskg/new_york_city/instance/block_41807> <https://w3id.org/rtskg/ontology/objectproperty/block_intersects_station_area> <https://w3id.org/rtskg/new_york_city/instance/station_area_169> .
<https://w3id.org/rtskg/new_york_city/instance/block_41807> <https://w3id.org/rtskg/ontology/objectproperty/block_intersects_station_area> <https://w3id.org/rtskg/new_york_city/instance/station_area_175> .
<https://w3id.org/rtskg/new_york_city/instance/block_41807> <https://w3id.org/rtskg/ontology/objectproperty/block_intersects_station_area> <https://w3id.org/rtskg/new_york_city/instance/station_area_176> .
<https://w3id.org/rtskg/new_york_city/instance/block_41807> <https://w3id.org/rtskg/ontology/objectproperty/block_intersects_station_area> <https://w3id.org/rtskg/new_york_city/instance/station_area_183> .
<https://w3id.org/rtskg/new_york_city/instance/block_41807> <https://w3id.org/rtskg/ontology/objectproperty/block_intersects_station_area> <https://w3id.org/rtskg/new_york_city/instance/station_area_503> .
<https://w3id.org/rtskg/new_york_city/instance/block_41807> <https://w3id.org/rtskg/ontology/objectproperty/block_intersects_station_area> <https://w3id.org/rtskg/new_york_city/instance/station_area_599> .
<https://w3id.org/rtskg/new_york_city/instance/block_41807> <https://w3id.org/rtskg/ontology/objectproperty/block_locates_at_borough> <https://w3id.org/rtskg/new_york_city/instance/borough_4> .
<https://w3id.org/rtskg/new_york_city/instance/block_41807> <https://w3id.org/rtskg/ontology/objectproperty/block_locates_at_functional_area> <https://w3id.org/rtskg/new_york_city/instance/functional_area_260> .
