<https://w3id.org/rtskg/new_york_city/instance/block_41818> <http://www.w3.org/1999/02/22-rdf-syntax-ns#type> <https://w3id.org/rtskg/ontology/class/block> .
<https://w3id.org/rtskg/new_york_city/instance/block_41818> <https://w3id.org/rtskg/ontology/dataproperty/geometry> "POLYGON ((-73.900482 40.749219, -73.900483 40.749219, -73.900484 40.74922, -73.900485 40.74922, -73.900485 40.749221, -73.900486 40.749221, -73.900487 40.749222, -73.900488 40.749223, -73.900489 40.749224, -73.90049 40.749225, -73.900491 40.749225, -73.900491 40.749226, -73.900492 40.749227, -73.900493 40.749228, -73.900493 40.749229, -73.900494 40.74923, -73.900495 40.749231, -73.900495 40.749232, -73.900496 40.749232, -73.900496 40.749233, -73.900496 40.749234, -73.900497 40.749235, -73.900497 40.749236, -73.900497 40.749237, -73.900497 40.749237, -73.900497 40.749238, -73.900498 40.749239, -73.900498 40.74924, -73.900498 40.749241, -73.900498 40.749242, -73.900498 40.749243, -73.900498 40.749244, -73.900498 40.749246, -73.900498 40.749247, -73.900497 40.749248, -73.900497 40.749249, -73.900497 40.74925, -73.900497 40.749251, -73.900496 40.749251, -73.900496 40.749251, -73.900496 40.749252, -73.900494 40.749256, -73.900475 40.749298, -73.900453 40.749346, -73.900431 40.749394, -73.900424 40.749408, -73.900411 40.749437, -73.900386 40.74943, -73.90038 40.749429, -73.900351 40.749421, -73.900348 40.74942, -73.900292 40.749406, -73.900248 40.749395, -73.900232 40.749391, -73.900172 40.749375, -73.900112 40.74936, -73.90005 40.749343, -73.899988 40.749326, -73.899926 40.749309, -73.899866 40.749293, -73.899805 40.749276, -73.899795 40.749274, -73.899745 40.74926, -73.899696 40.749247, -73.899684 40.749244, -73.899663 40.749238, -73.899652 40.749235, -73.899624 40.749227, -73.899635 40.749204, -73.899638 40.749198, -73.899648 40.749175, -73.899659 40.749152, -73.899683 40.749101, -73.899706 40.749052, -73.899708 40.749046, -73.899709 40.749045, -73.899709 40.749044, -73.89971 40.749043, -73.89971 40.749043, -73.899711 40.749042, -73.899712 40.749041, -73.899712 40.74904, -73.899713 40.74904, -73.899713 40.749039, -73.899714 40.749039, -73.899714 40.749038, -73.899715 40.749037, -73.899716 40.749036, -73.899717 40.749036, -73.899718 40.749035, -73.899719 40.749034, -73.89972 40.749034, -73.899721 40.749033, -73.899722 40.749033, -73.899723 40.749032, -73.899724 40.749032, -73.899725 40.749031, -73.899726 40.749031, -73.899727 40.74903, -73.899728 40.74903, -73.899729 40.74903, -73.89973 40.749029, -73.899732 40.749029, -73.899733 40.749029, -73.899734 40.749028, -73.899735 40.749028, -73.899737 40.749028, -73.899738 40.749028, -73.899738 40.749028, -73.899739 40.749028, -73.89974 40.749028, -73.899741 40.749028, -73.899743 40.749028, -73.899744 40.749028, -73.899745 40.749028, -73.899746 40.749028, -73.899748 40.749028, -73.899749 40.749028, -73.89975 40.749028, -73.899751 40.749029, -73.899752 40.749029, -73.899754 40.749029, -73.899755 40.74903, -73.899787 40.749038, -73.899814 40.749045, -73.89988 40.749062, -73.899946 40.749079, -73.900005 40.749094, -73.900012 40.749096, -73.900077 40.749113, -73.900143 40.74913, -73.900209 40.749147, -73.900275 40.749164, -73.90034 40.749181, -73.900406 40.749198, -73.900463 40.749212, -73.900468 40.749214, -73.900471 40.749215, -73.900473 40.749215, -73.900474 40.749215, -73.900475 40.749216, -73.900476 40.749216, -73.900478 40.749217, -73.900479 40.749217, -73.90048 40.749218, -73.900481 40.749218, -73.900482 40.749219))"^^<http://www.opengis.net/ont/geosparql#wktLiteral> .
<https://w3id.org/rtskg/new_york_city/instance/block_41818> <https://w3id.org/rtskg/ontology/objectproperty/block_intersects_station_area> <https://w3id.org/rtskg/new_york_city/instance/station_area_169> .
<https://w3id.org/rtskg/new_york_city/instance/block_41818> <https://w3id.org/rtskg/ontology/objectproperty/block_intersects_station_area> <https://w3id.org/rtskg/new_york_city/instance/station_area_170> .
<https://w3id.org/rtskg/new_york_city/instance/block_41818> <https://w3id.org/rtskg/ontology/objectproperty/block_intersects_station_area> <https://w3id.org/rtskg/new_york_city/instance/station_area_175> .
<https://w3id.org/rtskg/new_york_city/instance/block_41818> <https://w3id.org/rtskg/ontology/objectproperty/block_intersects_station_area> <https://w3id.org/rtskg/new_york_city/instance/station_area_176> .
<https://w3id.org/rtskg/new_york_city/instance/block_41818> <https://w3id.org/rtskg/ontology/objectproperty/block_intersects_station_area> <https://w3id.org/rtskg/new_york_city/instance/station_area_183> .
<https://w3id.org/rtskg/new_york_city/instance/block_41818> <https://w3id.org/rtskg/ontology/objectproperty/block_intersects_station_area> <https://w3id.org/rtskg/new_york_city/instance/station_area_503> .
<https://w3id.org/rtskg/new_york_city/instance/block_41818> <https://w3id.org/rtskg/ontology/objectproperty/block_intersects_station_area> <https://w3id.org/rtskg/new_york_city/instance/station_area_599> .
<https://w3id.org/rtskg/new_york_city/instance/block_41818> <https://w3id.org/rtskg/ontology/objectproperty/block_locates_at_borough> <https://w3id.org/rtskg/new_york_city/instance/borough_4> .
<https://w3id.org/rtskg/new_york_city/instance/block_41818> <https://w3id.org/rtskg/ontology/objectproperty/block_locates_at_functional_area> <https://w3id.org/rtskg/new_york_city/instance/functional_area_260> .
