<https://w3id.org/rtskg/new_york_city/instance/block_18606> <http://www.w3.org/1999/02/22-rdf-syntax-ns#type> <https://w3id.org/rtskg/ontology/class/block> .
<https://w3id.org/rtskg/new_york_city/instance/block_18606> <https://w3id.org/rtskg/ontology/dataproperty/geometry> "POLYGON ((-73.958 40.708176, -73.957985 40.708201, -73.957984 40.708202, -73.957954 40.70825, -73.957928 40.708291, -73.957927 40.708292, -73.957926 40.708293, -73.957926 40.708294, -73.95791 40.708319, -73.957907 40.708323, -73.9579 40.708335, -73.9579 40.708336, -73.957899 40.708336, -73.957899 40.708336, -73.957899 40.708337, -73.957898 40.708337, -73.957898 40.708338, -73.957898 40.708338, -73.957897 40.708338, -73.957897 40.708338, -73.957897 40.708339, -73.957896 40.708339, -73.957896 40.708339, -73.957895 40.70834, -73.957895 40.70834, -73.957894 40.70834, -73.957894 40.70834, -73.957893 40.708341, -73.957893 40.708341, -73.957892 40.708341, -73.957891 40.708341, -73.957891 40.708342, -73.95789 40.708342, -73.95789 40.708342, -73.957889 40.708342, -73.957889 40.708342, -73.957888 40.708342, -73.957887 40.708342, -73.957887 40.708343, -73.957886 40.708343, -73.957885 40.708343, -73.957885 40.708343, -73.957884 40.708343, -73.957884 40.708343, -73.957883 40.708343, -73.957882 40.708343, -73.957882 40.708343, -73.957881 40.708343, -73.95788 40.708343, -73.95788 40.708342, -73.957879 40.708342, -73.957879 40.708342, -73.957878 40.708342, -73.957877 40.708342, -73.957877 40.708342, -73.957876 40.708342, -73.957876 40.708341, -73.957875 40.708341, -73.957875 40.708341, -73.957874 40.708341, -73.957874 40.70834, -73.957873 40.70834, -73.957873 40.70834, -73.957872 40.70834, -73.957872 40.708339, -73.957868 40.708338, -73.957847 40.708331, -73.957529 40.708221, -73.957468 40.7082, -73.957467 40.7082, -73.957466 40.7082, -73.957465 40.708199, -73.957464 40.708199, -73.957464 40.708199, -73.957463 40.708199, -73.957463 40.708199, -73.957463 40.708199, -73.957454 40.708196, -73.957463 40.708181, -73.957463 40.708181, -73.957477 40.708157, -73.957478 40.708154, -73.957478 40.708153, -73.957481 40.708149, -73.957507 40.708102, -73.957534 40.708055, -73.957542 40.708041, -73.957546 40.708034, -73.957556 40.708015, -73.957564 40.708016, -73.957564 40.708016, -73.957565 40.708016, -73.957566 40.708016, -73.957567 40.708017, -73.957568 40.708017, -73.957569 40.708017, -73.95757 40.708017, -73.957572 40.708017, -73.957573 40.708017, -73.957589 40.708019, -73.957613 40.708022, -73.957695 40.708031, -73.957759 40.708038, -73.957822 40.708045, -73.957885 40.708053, -73.957948 40.70806, -73.958013 40.708067, -73.958014 40.708067, -73.958016 40.708068, -73.958017 40.708068, -73.958018 40.708068, -73.958019 40.708068, -73.958021 40.708069, -73.958022 40.708069, -73.958023 40.708069, -73.958024 40.70807, -73.958026 40.70807, -73.958026 40.70807, -73.958027 40.708071, -73.958028 40.708071, -73.958029 40.708072, -73.95803 40.708073, -73.958031 40.708073, -73.958032 40.708074, -73.958033 40.708075, -73.958034 40.708075, -73.958035 40.708076, -73.958036 40.708077, -73.958037 40.708078, -73.958038 40.708078, -73.958039 40.708079, -73.958039 40.70808, -73.95804 40.70808, -73.95804 40.708081, -73.958041 40.708082, -73.958042 40.708083, -73.958042 40.708084, -73.958043 40.708085, -73.958043 40.708085, -73.958044 40.708086, -73.958044 40.708087, -73.958045 40.708088, -73.958045 40.708089, -73.958045 40.70809, -73.958046 40.708091, -73.958046 40.708092, -73.958046 40.708093, -73.958046 40.708095, -73.958046 40.708096, -73.958046 40.708097, -73.958046 40.708098, -73.958046 40.708099, -73.958046 40.7081, -73.958046 40.708101, -73.958046 40.708102, -73.958046 40.708103, -73.958045 40.708104, -73.958045 40.708105, -73.958045 40.708106, -73.958044 40.708107, -73.958044 40.708108, -73.958043 40.708109, -73.958042 40.70811, -73.958031 40.708128, -73.958014 40.708155, -73.958 40.708176))"^^<http://www.opengis.net/ont/geosparql#wktLiteral> .
<https://w3id.org/rtskg/new_york_city/instance/block_18606> <https://w3id.org/rtskg/ontology/objectproperty/block_intersects_station_area> <https://w3id.org/rtskg/new_york_city/instance/station_area_323> .
<https://w3id.org/rtskg/new_york_city/instance/block_18606> <https://w3id.org/rtskg/ontology/objectproperty/block_intersects_station_area> <https://w3id.org/rtskg/new_york_city/instance/station_area_479> .
<https://w3id.org/rtskg/new_york_city/instance/block_18606> <https://w3id.org/rtskg/ontology/objectproperty/block_intersects_station_area> <https://w3id.org/rtskg/new_york_city/instance/station_area_480> .
<https://w3id.org/rtskg/new_york_city/instance/block_18606> <https://w3id.org/rtskg/ontology/objectproperty/block_intersects_station_area> <https://w3id.org/rtskg/new_york_city/instance/station_area_553> .
<https://w3id.org/rtskg/new_york_city/instance/block_18606> <https://w3id.org/rtskg/ontology/objectproperty/block_intersects_station_area> <https://w3id.org/rtskg/new_york_city/instance/station_area_554> .
<https://w3id.org/rtskg/new_york_city/instance/block_18606> <https://w3id.org/rtskg/ontology/objectproperty/block_intersects_station_area> <https://w3id.org/rtskg/new_york_city/instance/station_area_555> .
<https://w3id.org/rtskg/new_york_city/instance/block_18606> <https://w3id.org/rtskg/ontology/objectproperty/block_locates_at_borough> <https://w3id.org/rtskg/new_york_city/instance/borough_3> .
<https://w3id.org/rtskg/new_york_city/instance/block_18606> <https://w3id.org/rtskg/ontology/objectproperty/block_locates_at_functional_area> <https://w3id.org/rtskg/new_york_city/instance/functional_area_217> .
