<https://w3id.org/rtskg/new_york_city/instance/block_44333> <http://www.w3.org/1999/02/22-rdf-syntax-ns#type> <https://w3id.org/rtskg/ontology/class/block> .
<https://w3id.org/rtskg/new_york_city/instance/block_44333> <https://w3id.org/rtskg/ontology/dataproperty/geometry> "POLYGON ((-73.940874 40.839111, -73.94091 40.839128, -73.940912 40.839128, -73.94093 40.839138, -73.940931 40.839139, -73.940934 40.839143, -73.940937 40.839147, -73.940939 40.839151, -73.940941 40.839156, -73.940941 40.839161, -73.940941 40.839166, -73.940939 40.83917, -73.940937 40.839173, -73.940937 40.839173, -73.940927 40.839187, -73.940921 40.839195, -73.940873 40.839258, -73.940777 40.839393, -73.940662 40.839548, -73.940534 40.839725, -73.940522 40.839739, -73.940521 40.83974, -73.940518 40.839743, -73.940513 40.839746, -73.940508 40.839748, -73.940505 40.839749, -73.940502 40.83975, -73.940496 40.839751, -73.940489 40.839752, -73.940483 40.839752, -73.940478 40.839752, -73.940477 40.839751, -73.940471 40.83975, -73.94046 40.839746, -73.940372 40.839709, -73.940198 40.839635, -73.940111 40.839599, -73.940032 40.839565, -73.940027 40.839563, -73.940015 40.839557, -73.939997 40.839549, -73.939995 40.839546, -73.939993 40.83954, -73.939995 40.839531, -73.939999 40.839516, -73.940006 40.839484, -73.94001 40.839409, -73.940004 40.8393, -73.940001 40.839259, -73.939999 40.839228, -73.939995 40.839176, -73.939993 40.839154, -73.939992 40.839128, -73.939987 40.839077, -73.939987 40.83907, -73.939984 40.839024, -73.939981 40.838971, -73.939979 40.838939, -73.939978 40.838918, -73.939975 40.838874, -73.939975 40.838865, -73.939972 40.83882, -73.939972 40.83882, -73.939972 40.838813, -73.939969 40.83876, -73.939967 40.838727, -73.939967 40.838718, -73.939966 40.838707, -73.939966 40.838706, -73.939966 40.838705, -73.939966 40.838704, -73.939966 40.838703, -73.939966 40.838702, -73.939966 40.838701, -73.939966 40.838699, -73.939966 40.838698, -73.939966 40.838697, -73.939966 40.838696, -73.939967 40.838695, -73.939967 40.838694, -73.939967 40.838693, -73.939968 40.838692, -73.939968 40.838691, -73.939969 40.83869, -73.939969 40.838689, -73.93997 40.838688, -73.939971 40.838687, -73.939972 40.838686, -73.939972 40.838685, -73.939973 40.838684, -73.939974 40.838684, -73.939975 40.838683, -73.939976 40.838682, -73.939977 40.838681, -73.939978 40.83868, -73.939979 40.83868, -73.93998 40.838679, -73.939981 40.838678, -73.939982 40.838678, -73.939983 40.838677, -73.939984 40.838676, -73.939986 40.838676, -73.939987 40.838675, -73.939988 40.838675, -73.939989 40.838674, -73.939991 40.838674, -73.939992 40.838673, -73.939993 40.838673, -73.939995 40.838673, -73.939996 40.838672, -73.939998 40.838672, -73.939999 40.838672, -73.94 40.838672, -73.940002 40.838672, -73.940003 40.838672, -73.940005 40.838671, -73.940005 40.838671, -73.940006 40.838671, -73.940007 40.838671, -73.940009 40.838671, -73.94001 40.838672, -73.940012 40.838672, -73.940013 40.838672, -73.940015 40.838672, -73.940016 40.838672, -73.940017 40.838673, -73.940019 40.838673, -73.94002 40.838673, -73.940021 40.838674, -73.940023 40.838674, -73.940024 40.838674, -73.940024 40.838674, -73.940025 40.838675, -73.940026 40.838675, -73.940028 40.838676, -73.940057 40.838691, -73.940081 40.838703, -73.940133 40.838729, -73.940186 40.838756, -73.940239 40.838782, -73.940247 40.838786, -73.940292 40.838809, -73.940345 40.838835, -73.940398 40.838862, -73.94045 40.838888, -73.940503 40.838916, -73.940556 40.838944, -73.940609 40.838972, -73.940647 40.838991, -73.940662 40.839, -73.940715 40.839027, -73.940768 40.839055, -73.940801 40.839072, -73.940821 40.839083, -73.940874 40.839111))"^^<http://www.opengis.net/ont/geosparql#wktLiteral> .
<https://w3id.org/rtskg/new_york_city/instance/block_44333> <https://w3id.org/rtskg/ontology/objectproperty/block_intersects_station_area> <https://w3id.org/rtskg/new_york_city/instance/station_area_41> .
<https://w3id.org/rtskg/new_york_city/instance/block_44333> <https://w3id.org/rtskg/ontology/objectproperty/block_intersects_station_area> <https://w3id.org/rtskg/new_york_city/instance/station_area_45> .
<https://w3id.org/rtskg/new_york_city/instance/block_44333> <https://w3id.org/rtskg/ontology/objectproperty/block_intersects_station_area> <https://w3id.org/rtskg/new_york_city/instance/station_area_46> .
<https://w3id.org/rtskg/new_york_city/instance/block_44333> <https://w3id.org/rtskg/ontology/objectproperty/block_intersects_station_area> <https://w3id.org/rtskg/new_york_city/instance/station_area_49> .
<https://w3id.org/rtskg/new_york_city/instance/block_44333> <https://w3id.org/rtskg/ontology/objectproperty/block_intersects_station_area> <https://w3id.org/rtskg/new_york_city/instance/station_area_50> .
<https://w3id.org/rtskg/new_york_city/instance/block_44333> <https://w3id.org/rtskg/ontology/objectproperty/block_intersects_station_area> <https://w3id.org/rtskg/new_york_city/instance/station_area_59> .
<https://w3id.org/rtskg/new_york_city/instance/block_44333> <https://w3id.org/rtskg/ontology/objectproperty/block_locates_at_borough> <https://w3id.org/rtskg/new_york_city/instance/borough_1> .
<https://w3id.org/rtskg/new_york_city/instance/block_44333> <https://w3id.org/rtskg/ontology/objectproperty/block_locates_at_functional_area> <https://w3id.org/rtskg/new_york_city/instance/functional_area_244> .
