<https://w3id.org/rtskg/new_york_city/instance/block_18292> <http://www.w3.org/1999/02/22-rdf-syntax-ns#type> <https://w3id.org/rtskg/ontology/class/block> .
<https://w3id.org/rtskg/new_york_city/instance/block_18292> <https://w3id.org/rtskg/ontology/dataproperty/geometry> "POLYGON ((-74.00788 40.733538, -74.007942 40.733529, -74.008012 40.733518, -74.008041 40.733514, -74.008082 40.733508, -74.008152 40.733497, -74.008221 40.733487, -74.008291 40.733476, -74.008361 40.733466, -74.008417 40.733457, -74.00843 40.733455, -74.008432 40.733455, -74.008438 40.733457, -74.00846 40.733461, -74.008474 40.733479, -74.008476 40.73348, -74.008477 40.733482, -74.008477 40.733495, -74.008477 40.733515, -74.008472 40.733568, -74.008467 40.733621, -74.008462 40.733674, -74.008457 40.733727, -74.008452 40.73378, -74.008447 40.733833, -74.008442 40.733886, -74.008437 40.73394, -74.008432 40.733993, -74.008428 40.734034, -74.008427 40.734045, -74.008427 40.734046, -74.008426 40.734048, -74.00842 40.73406, -74.008419 40.734062, -74.008413 40.734065, -74.008412 40.734065, -74.008408 40.734067, -74.008395 40.734073, -74.008392 40.734075, -74.00838 40.734077, -74.008329 40.734085, -74.008265 40.734095, -74.00823 40.7341, -74.008201 40.734105, -74.008138 40.734115, -74.008074 40.734125, -74.008005 40.734136, -74.007936 40.734146, -74.007868 40.734157, -74.007799 40.734167, -74.00773 40.734177, -74.007661 40.734188, -74.007592 40.734198, -74.007523 40.734209, -74.007454 40.734219, -74.007386 40.73423, -74.007324 40.734239, -74.007322 40.734239, -74.007321 40.734239, -74.00732 40.734239, -74.007318 40.734239, -74.007317 40.734239, -74.007315 40.734239, -74.007314 40.734239, -74.007313 40.734239, -74.007311 40.734239, -74.00731 40.734239, -74.007308 40.734239, -74.007307 40.734238, -74.007306 40.734238, -74.007304 40.734238, -74.007303 40.734238, -74.007301 40.734237, -74.0073 40.734237, -74.007299 40.734236, -74.007297 40.734236, -74.007296 40.734235, -74.007295 40.734235, -74.007295 40.734235, -74.007293 40.734234, -74.007292 40.734234, -74.007291 40.734233, -74.007291 40.734233, -74.00729 40.734232, -74.007289 40.734232, -74.007287 40.734231, -74.007286 40.73423, -74.007285 40.734229, -74.007284 40.734229, -74.007283 40.734228, -74.007282 40.734227, -74.007281 40.734226, -74.007281 40.734225, -74.00728 40.734224, -74.007279 40.734223, -74.007279 40.734223, -74.007278 40.734222, -74.007278 40.734221, -74.007277 40.73422, -74.007276 40.734219, -74.007276 40.734218, -74.007275 40.734217, -74.007275 40.734216, -74.007274 40.734215, -74.007274 40.734214, -74.007274 40.734213, -74.007274 40.734212, -74.007273 40.734211, -74.007273 40.73421, -74.007273 40.734209, -74.007273 40.734208, -74.007273 40.734207, -74.007273 40.734205, -74.007273 40.734204, -74.007273 40.734203, -74.007273 40.734202, -74.007274 40.734201, -74.007283 40.73416, -74.007292 40.734116, -74.007302 40.734073, -74.007311 40.73403, -74.007322 40.733986, -74.007332 40.733942, -74.007343 40.733897, -74.007353 40.733853, -74.007364 40.733812, -74.007374 40.733771, -74.007384 40.733729, -74.007395 40.733688, -74.007395 40.733686, -74.007401 40.733657, -74.007402 40.733655, -74.007406 40.733636, -74.007407 40.733633, -74.007414 40.73362, -74.007416 40.733616, -74.007432 40.733609, -74.007439 40.733606, -74.007451 40.733604, -74.007459 40.733602, -74.007505 40.733594, -74.007568 40.733585, -74.00763 40.733576, -74.007693 40.733566, -74.007755 40.733557, -74.007818 40.733547, -74.00788 40.733538))"^^<http://www.opengis.net/ont/geosparql#wktLiteral> .
<https://w3id.org/rtskg/new_york_city/instance/block_18292> <https://w3id.org/rtskg/ontology/objectproperty/block_intersects_station_area> <https://w3id.org/rtskg/new_york_city/instance/station_area_29> .
<https://w3id.org/rtskg/new_york_city/instance/block_18292> <https://w3id.org/rtskg/ontology/objectproperty/block_intersects_station_area> <https://w3id.org/rtskg/new_york_city/instance/station_area_31> .
<https://w3id.org/rtskg/new_york_city/instance/block_18292> <https://w3id.org/rtskg/ontology/objectproperty/block_intersects_station_area> <https://w3id.org/rtskg/new_york_city/instance/station_area_359> .
<https://w3id.org/rtskg/new_york_city/instance/block_18292> <https://w3id.org/rtskg/ontology/objectproperty/block_intersects_station_area> <https://w3id.org/rtskg/new_york_city/instance/station_area_360> .
<https://w3id.org/rtskg/new_york_city/instance/block_18292> <https://w3id.org/rtskg/ontology/objectproperty/block_intersects_station_area> <https://w3id.org/rtskg/new_york_city/instance/station_area_483> .
<https://w3id.org/rtskg/new_york_city/instance/block_18292> <https://w3id.org/rtskg/ontology/objectproperty/block_intersects_station_area> <https://w3id.org/rtskg/new_york_city/instance/station_area_711> .
<https://w3id.org/rtskg/new_york_city/instance/block_18292> <https://w3id.org/rtskg/ontology/objectproperty/block_locates_at_borough> <https://w3id.org/rtskg/new_york_city/instance/borough_1> .
<https://w3id.org/rtskg/new_york_city/instance/block_18292> <https://w3id.org/rtskg/ontology/objectproperty/block_locates_at_functional_area> <https://w3id.org/rtskg/new_york_city/instance/functional_area_158> .
