<https://w3id.org/rtskg/new_york_city/instance/block_22249> <http://www.w3.org/1999/02/22-rdf-syntax-ns#type> <https://w3id.org/rtskg/ontology/class/block> .
<https://w3id.org/rtskg/new_york_city/instance/block_22249> <https://w3id.org/rtskg/ontology/dataproperty/geometry> "POLYGON ((-73.949438 40.796687, -73.949438 40.796686, -73.94944 40.796685, -73.949441 40.796684, -73.949442 40.796683, -73.949443 40.796682, -73.949445 40.796681, -73.949446 40.79668, -73.949448 40.796679, -73.94945 40.796679, -73.949452 40.796678, -73.949453 40.796678, -73.949455 40.796678, -73.949457 40.796678, -73.949459 40.796678, -73.949461 40.796678, -73.949463 40.796678, -73.949465 40.796678, -73.949466 40.796679, -73.949466 40.796679, -73.949468 40.796679, -73.94947 40.79668, -73.949475 40.796683, -73.949491 40.796691, -73.949526 40.796708, -73.949538 40.796718, -73.94955 40.796728, -73.949561 40.796739, -73.949571 40.79675, -73.94958 40.796762, -73.949587 40.796774, -73.949594 40.796786, -73.9496 40.796799, -73.949605 40.796812, -73.949609 40.796825, -73.949611 40.796838, -73.949613 40.796852, -73.949613 40.796865, -73.949612 40.796879, -73.94961 40.796892, -73.949607 40.796905, -73.949603 40.796918, -73.949596 40.796943, -73.949595 40.796954, -73.949596 40.796961, -73.949597 40.796966, -73.949599 40.796977, -73.949602 40.796988, -73.949607 40.796999, -73.949613 40.797009, -73.94962 40.79702, -73.949628 40.797029, -73.949637 40.797039, -73.949637 40.797039, -73.949637 40.797039, -73.949638 40.79704, -73.949639 40.797041, -73.949639 40.797042, -73.949639 40.797043, -73.94964 40.797045, -73.94964 40.797046, -73.94964 40.797047, -73.949639 40.797048, -73.949639 40.797049, -73.949639 40.79705, -73.949638 40.797051, -73.949637 40.797052, -73.949637 40.797053, -73.949636 40.797054, -73.949635 40.797054, -73.949634 40.797055, -73.949633 40.797056, -73.949632 40.797056, -73.94963 40.797057, -73.949629 40.797057, -73.949628 40.797058, -73.949626 40.797058, -73.949625 40.797058, -73.949625 40.797058, -73.949623 40.797058, -73.949622 40.797058, -73.949606 40.797058, -73.949591 40.797058, -73.949575 40.797059, -73.94956 40.797061, -73.949545 40.797064, -73.94953 40.797068, -73.949516 40.797073, -73.949502 40.797078, -73.949499 40.79708, -73.949486 40.797085, -73.94947 40.79709, -73.949453 40.797095, -73.949436 40.797099, -73.949419 40.797103, -73.949402 40.797106, -73.949384 40.797108, -73.949366 40.797109, -73.949348 40.79711, -73.94933 40.79711, -73.949313 40.797109, -73.949295 40.797108, -73.949277 40.797106, -73.94926 40.797103, -73.949242 40.7971, -73.949225 40.797096, -73.949219 40.797094, -73.949208 40.797091, -73.9492 40.797088, -73.949192 40.797086, -73.949187 40.797084, -73.949176 40.79708, -73.949175 40.797079, -73.949173 40.797078, -73.949172 40.797078, -73.949171 40.797077, -73.949169 40.797076, -73.949168 40.797075, -73.949168 40.797073, -73.949167 40.797072, -73.949166 40.797071, -73.949166 40.79707, -73.949165 40.797068, -73.949165 40.797067, -73.949165 40.797066, -73.949165 40.797064, -73.949166 40.797063, -73.949166 40.797062, -73.949167 40.797061, -73.949167 40.797059, -73.949168 40.797058, -73.949176 40.797048, -73.9492 40.797015, -73.949209 40.797002, -73.949234 40.796968, -73.949313 40.796859, -73.949408 40.796727, -73.949417 40.796715, -73.949438 40.796687))"^^<http://www.opengis.net/ont/geosparql#wktLiteral> .
<https://w3id.org/rtskg/new_york_city/instance/block_22249> <https://w3id.org/rtskg/ontology/objectproperty/block_intersects_station_area> <https://w3id.org/rtskg/new_york_city/instance/station_area_15> .
<https://w3id.org/rtskg/new_york_city/instance/block_22249> <https://w3id.org/rtskg/ontology/objectproperty/block_intersects_station_area> <https://w3id.org/rtskg/new_york_city/instance/station_area_347> .
<https://w3id.org/rtskg/new_york_city/instance/block_22249> <https://w3id.org/rtskg/ontology/objectproperty/block_intersects_station_area> <https://w3id.org/rtskg/new_york_city/instance/station_area_351> .
<https://w3id.org/rtskg/new_york_city/instance/block_22249> <https://w3id.org/rtskg/ontology/objectproperty/block_intersects_station_area> <https://w3id.org/rtskg/new_york_city/instance/station_area_352> .
<https://w3id.org/rtskg/new_york_city/instance/block_22249> <https://w3id.org/rtskg/ontology/objectproperty/block_intersects_station_area> <https://w3id.org/rtskg/new_york_city/instance/station_area_9> .
<https://w3id.org/rtskg/new_york_city/instance/block_22249> <https://w3id.org/rtskg/ontology/objectproperty/block_locates_at_borough> <https://w3id.org/rtskg/new_york_city/instance/borough_1> .
<https://w3id.org/rtskg/new_york_city/instance/block_22249> <https://w3id.org/rtskg/ontology/objectproperty/block_locates_at_functional_area> <https://w3id.org/rtskg/new_york_city/instance/functional_area_41> .
<https://w3id.org/rtskg/new_york_city/instance/block_22249> <https://w3id.org/rtskg/ontology/objectproperty/block_locates_at_functional_area> <https://w3id.org/rtskg/new_york_city/instance/functional_area_43> .
