<https://w3id.org/rtskg/new_york_city/instance/block_17870> <http://www.w3.org/1999/02/22-rdf-syntax-ns#type> <https://w3id.org/rtskg/ontology/class/block> .
<https://w3id.org/rtskg/new_york_city/instance/block_17870> <https://w3id.org/rtskg/ontology/dataproperty/geometry> "POLYGON ((-74.010289 40.723438, -74.010285 40.723442, -74.010281 40.723445, -74.010277 40.723449, -74.010274 40.723451, -74.010272 40.723452, -74.010266 40.723454, -74.01026 40.723456, -74.010254 40.723457, -74.010247 40.723457, -74.010233 40.723456, -74.010226 40.723455, -74.010213 40.723454, -74.009655 40.723396, -74.009653 40.723396, -74.00965 40.723395, -74.00965 40.723395, -74.009648 40.723394, -74.009645 40.723394, -74.009642 40.723393, -74.00964 40.723392, -74.009638 40.723391, -74.009635 40.72339, -74.009635 40.72339, -74.009633 40.723389, -74.009631 40.723387, -74.009629 40.723386, -74.009627 40.723385, -74.009625 40.723383, -74.009623 40.723382, -74.009621 40.72338, -74.009621 40.723379, -74.00962 40.723378, -74.009618 40.723376, -74.009617 40.723374, -74.009616 40.723373, -74.009615 40.723371, -74.009614 40.723369, -74.009613 40.723367, -74.009613 40.723366, -74.009612 40.723365, -74.009612 40.723363, -74.009611 40.72336, -74.009611 40.723358, -74.009611 40.723358, -74.009666 40.723043, -74.009675 40.722994, -74.009677 40.722984, -74.009696 40.722885, -74.009701 40.722872, -74.009703 40.722867, -74.009703 40.722866, -74.009704 40.722865, -74.009704 40.722863, -74.009705 40.722862, -74.009706 40.722861, -74.009707 40.72286, -74.009707 40.722859, -74.009708 40.722858, -74.009709 40.722857, -74.009711 40.722856, -74.009712 40.722855, -74.009713 40.722854, -74.009715 40.722853, -74.009716 40.722852, -74.009718 40.722851, -74.00972 40.72285, -74.009721 40.722849, -74.009722 40.722849, -74.009723 40.722849, -74.009725 40.722848, -74.009727 40.722848, -74.009729 40.722847, -74.00973 40.722847, -74.009732 40.722846, -74.009734 40.722846, -74.009739 40.722846, -74.009754 40.722844, -74.009772 40.722846, -74.009787 40.722848, -74.009788 40.722848, -74.009847 40.722854, -74.009907 40.72286, -74.009967 40.722866, -74.010027 40.722873, -74.010091 40.722879, -74.010154 40.722885, -74.010218 40.722891, -74.010281 40.722897, -74.010313 40.7229, -74.010335 40.722902, -74.010343 40.722903, -74.010344 40.722903, -74.010345 40.722904, -74.010347 40.722904, -74.010348 40.722904, -74.01035 40.722904, -74.010351 40.722905, -74.010353 40.722905, -74.010354 40.722905, -74.010354 40.722906, -74.010355 40.722906, -74.010357 40.722907, -74.010358 40.722907, -74.010359 40.722908, -74.010361 40.722908, -74.010362 40.722909, -74.010363 40.72291, -74.010364 40.72291, -74.010365 40.722911, -74.010366 40.722912, -74.010367 40.722913, -74.010368 40.722913, -74.010369 40.722914, -74.01037 40.722915, -74.010371 40.722916, -74.010372 40.722917, -74.010373 40.722918, -74.010374 40.722919, -74.010375 40.72292, -74.010375 40.72292, -74.010375 40.722921, -74.010376 40.722922, -74.010376 40.722923, -74.010377 40.722924, -74.010377 40.722925, -74.010378 40.722926, -74.010378 40.722927, -74.010379 40.722928, -74.010379 40.722929, -74.010379 40.72293, -74.010379 40.722932, -74.01038 40.722933, -74.01038 40.722934, -74.01038 40.722934, -74.01038 40.722935, -74.01038 40.722936, -74.01038 40.722937, -74.01038 40.722938, -74.010352 40.723101, -74.010339 40.723174, -74.010295 40.723419, -74.010295 40.723419, -74.010294 40.723424, -74.010293 40.723428, -74.010291 40.723433, -74.010291 40.723435, -74.010289 40.723438))"^^<http://www.opengis.net/ont/geosparql#wktLiteral> .
<https://w3id.org/rtskg/new_york_city/instance/block_17870> <https://w3id.org/rtskg/ontology/objectproperty/block_intersects_station_area> <https://w3id.org/rtskg/new_york_city/instance/station_area_339> .
<https://w3id.org/rtskg/new_york_city/instance/block_17870> <https://w3id.org/rtskg/ontology/objectproperty/block_intersects_station_area> <https://w3id.org/rtskg/new_york_city/instance/station_area_340> .
<https://w3id.org/rtskg/new_york_city/instance/block_17870> <https://w3id.org/rtskg/ontology/objectproperty/block_intersects_station_area> <https://w3id.org/rtskg/new_york_city/instance/station_area_353> .
<https://w3id.org/rtskg/new_york_city/instance/block_17870> <https://w3id.org/rtskg/ontology/objectproperty/block_intersects_station_area> <https://w3id.org/rtskg/new_york_city/instance/station_area_443> .
<https://w3id.org/rtskg/new_york_city/instance/block_17870> <https://w3id.org/rtskg/ontology/objectproperty/block_intersects_station_area> <https://w3id.org/rtskg/new_york_city/instance/station_area_483> .
<https://w3id.org/rtskg/new_york_city/instance/block_17870> <https://w3id.org/rtskg/ontology/objectproperty/block_intersects_station_area> <https://w3id.org/rtskg/new_york_city/instance/station_area_671> .
<https://w3id.org/rtskg/new_york_city/instance/block_17870> <https://w3id.org/rtskg/ontology/objectproperty/block_locates_at_borough> <https://w3id.org/rtskg/new_york_city/instance/borough_1> .
<https://w3id.org/rtskg/new_york_city/instance/block_17870> <https://w3id.org/rtskg/ontology/objectproperty/block_locates_at_functional_area> <https://w3id.org/rtskg/new_york_city/instance/functional_area_231> .
