<https://w3id.org/rtskg/new_york_city/instance/block_11122> <http://www.w3.org/1999/02/22-rdf-syntax-ns#type> <https://w3id.org/rtskg/ontology/class/block> .
<https://w3id.org/rtskg/new_york_city/instance/block_11122> <https://w3id.org/rtskg/ontology/dataproperty/geometry> "POLYGON ((-73.902632 40.675978, -73.902634 40.675977, -73.902635 40.675975, -73.902636 40.675974, -73.902637 40.675974, -73.902638 40.675973, -73.90264 40.675972, -73.902641 40.675971, -73.902643 40.67597, -73.902644 40.675969, -73.902646 40.675968, -73.902648 40.675967, -73.90265 40.675967, -73.902651 40.675966, -73.902653 40.675965, -73.902655 40.675965, -73.902657 40.675964, -73.902659 40.675963, -73.902703 40.675963, -73.90271 40.675964, -73.902712 40.675965, -73.902716 40.675965, -73.902718 40.675965, -73.902739 40.675968, -73.902739 40.675968, -73.902759 40.67597, -73.902771 40.675972, -73.902814 40.675977, -73.902837 40.67598, -73.902839 40.67598, -73.902869 40.675984, -73.902878 40.675985, -73.902899 40.675988, -73.902907 40.675989, -73.902952 40.675995, -73.902967 40.675996, -73.902971 40.675997, -73.902975 40.675997, -73.902985 40.675999, -73.902994 40.676, -73.90301 40.676002, -73.903043 40.676006, -73.903107 40.676014, -73.903171 40.676023, -73.903234 40.676032, -73.903298 40.67604, -73.903298 40.67604, -73.903316 40.676043, -73.903342 40.676046, -73.903362 40.676049, -73.903377 40.676055, -73.903379 40.676058, -73.903384 40.676067, -73.903389 40.676075, -73.903388 40.676079, -73.903388 40.676081, -73.903383 40.676128, -73.903378 40.676182, -73.903373 40.676235, -73.903367 40.676288, -73.903362 40.676342, -73.903358 40.676384, -73.903357 40.676395, -73.903351 40.676448, -73.903346 40.676502, -73.903345 40.676514, -73.903341 40.676547, -73.903341 40.676555, -73.903335 40.676608, -73.90333 40.676662, -73.903325 40.676715, -73.90332 40.676764, -73.903319 40.676768, -73.903314 40.676822, -73.903309 40.676875, -73.903303 40.676928, -73.9033 40.676965, -73.903298 40.676982, -73.903295 40.677008, -73.903294 40.677025, -73.903293 40.677035, -73.903291 40.677038, -73.90328 40.677052, -73.903278 40.677054, -73.903266 40.677056, -73.903247 40.677059, -73.903178 40.677056, -73.903145 40.677055, -73.90311 40.677053, -73.903041 40.67705, -73.902972 40.677046, -73.902915 40.677042, -73.902897 40.677041, -73.902883 40.67704, -73.902871 40.677039, -73.902871 40.677039, -73.902863 40.677039, -73.902841 40.677037, -73.902839 40.677037, -73.902775 40.677032, -73.902772 40.677032, -73.902751 40.677031, -73.902729 40.677029, -73.902726 40.677029, -73.902723 40.677029, -73.902709 40.677028, -73.902697 40.677027, -73.902644 40.677023, -73.902623 40.677022, -73.9026 40.67702, -73.902599 40.67702, -73.902598 40.67702, -73.902578 40.677018, -73.902569 40.677018, -73.902554 40.677017, -73.902552 40.677016, -73.90255 40.677016, -73.902549 40.677015, -73.902547 40.677014, -73.902546 40.677014, -73.902544 40.677013, -73.902543 40.677012, -73.902541 40.677011, -73.90254 40.67701, -73.902538 40.67701, -73.902537 40.677009, -73.902537 40.677009, -73.902535 40.677008, -73.902534 40.677007, -73.902534 40.677006, -73.902533 40.677006, -73.902532 40.677005, -73.902531 40.677003, -73.902529 40.677002, -73.902528 40.677001, -73.902527 40.677, -73.902526 40.676999, -73.902526 40.676998, -73.902525 40.676997, -73.902525 40.676996, -73.902524 40.676995, -73.902523 40.676993, -73.902522 40.676992, -73.902522 40.676991, -73.902521 40.676989, -73.902521 40.676988, -73.90252 40.676987, -73.90252 40.676985, -73.902523 40.676959, -73.902528 40.676912, -73.90253 40.676886, -73.90255 40.676686, -73.902558 40.676605, -73.902559 40.676603, -73.90256 40.676594, -73.902571 40.676476, -73.902582 40.67637, -73.902582 40.676369, -73.902585 40.676344, -73.902616 40.676036, -73.902617 40.676021, -73.902618 40.676013, -73.902619 40.676006, -73.902619 40.676004, -73.902619 40.676003, -73.902619 40.676001, -73.90262 40.676, -73.90262 40.675998, -73.90262 40.675996, -73.902621 40.675995, -73.902622 40.675993, -73.902622 40.675992, -73.902623 40.67599, -73.902624 40.675989, -73.902625 40.675987, -73.902626 40.675986, -73.902626 40.675985, -73.902628 40.675983, -73.902629 40.675982, -73.90263 40.67598, -73.902631 40.675979, -73.902632 40.675978))"^^<http://www.opengis.net/ont/geosparql#wktLiteral> .
<https://w3id.org/rtskg/new_york_city/instance/block_11122> <https://w3id.org/rtskg/ontology/objectproperty/block_intersects_station_area> <https://w3id.org/rtskg/new_york_city/instance/station_area_223> .
<https://w3id.org/rtskg/new_york_city/instance/block_11122> <https://w3id.org/rtskg/ontology/objectproperty/block_intersects_station_area> <https://w3id.org/rtskg/new_york_city/instance/station_area_224> .
<https://w3id.org/rtskg/new_york_city/instance/block_11122> <https://w3id.org/rtskg/ontology/objectproperty/block_intersects_station_area> <https://w3id.org/rtskg/new_york_city/instance/station_area_243> .
<https://w3id.org/rtskg/new_york_city/instance/block_11122> <https://w3id.org/rtskg/ontology/objectproperty/block_intersects_station_area> <https://w3id.org/rtskg/new_york_city/instance/station_area_244> .
<https://w3id.org/rtskg/new_york_city/instance/block_11122> <https://w3id.org/rtskg/ontology/objectproperty/block_intersects_station_area> <https://w3id.org/rtskg/new_york_city/instance/station_area_319> .
<https://w3id.org/rtskg/new_york_city/instance/block_11122> <https://w3id.org/rtskg/ontology/objectproperty/block_intersects_station_area> <https://w3id.org/rtskg/new_york_city/instance/station_area_320> .
<https://w3id.org/rtskg/new_york_city/instance/block_11122> <https://w3id.org/rtskg/ontology/objectproperty/block_intersects_station_area> <https://w3id.org/rtskg/new_york_city/instance/station_area_337> .
<https://w3id.org/rtskg/new_york_city/instance/block_11122> <https://w3id.org/rtskg/ontology/objectproperty/block_intersects_station_area> <https://w3id.org/rtskg/new_york_city/instance/station_area_543> .
<https://w3id.org/rtskg/new_york_city/instance/block_11122> <https://w3id.org/rtskg/ontology/objectproperty/block_intersects_station_area> <https://w3id.org/rtskg/new_york_city/instance/station_area_651> .
<https://w3id.org/rtskg/new_york_city/instance/block_11122> <https://w3id.org/rtskg/ontology/objectproperty/block_locates_at_borough> <https://w3id.org/rtskg/new_york_city/instance/borough_3> .
<https://w3id.org/rtskg/new_york_city/instance/block_11122> <https://w3id.org/rtskg/ontology/objectproperty/block_locates_at_functional_area> <https://w3id.org/rtskg/new_york_city/instance/functional_area_177> .
