<https://w3id.org/rtskg/new_york_city/instance/block_20261> <http://www.w3.org/1999/02/22-rdf-syntax-ns#type> <https://w3id.org/rtskg/ontology/class/block> .
<https://w3id.org/rtskg/new_york_city/instance/block_20261> <https://w3id.org/rtskg/ontology/dataproperty/geometry> "POLYGON ((-73.993106 40.75798, -73.99311 40.757977, -73.993114 40.757975, -73.993116 40.757974, -73.993119 40.757973, -73.993124 40.757971, -73.993129 40.75797, -73.993135 40.75797, -73.99314 40.757971, -73.993145 40.757972, -73.99315 40.757973, -73.993151 40.757974, -73.993167 40.75798, -73.993256 40.758017, -73.993292 40.758032, -73.993419 40.758085, -73.993459 40.758102, -73.99346 40.758103, -73.993537 40.758135, -73.993766 40.758233, -73.993915 40.758295, -73.99394 40.758305, -73.993965 40.758315, -73.99399 40.758324, -73.994015 40.758333, -73.994041 40.758341, -73.994065 40.758348, -73.994067 40.758349, -73.994125 40.758369, -73.994141 40.758375, -73.994157 40.758383, -73.994172 40.75839, -73.994182 40.758396, -73.994187 40.758398, -73.9942 40.758406, -73.994201 40.758406, -73.994204 40.75841, -73.994205 40.758413, -73.994206 40.758415, -73.994207 40.758418, -73.994207 40.758419, -73.994207 40.758423, -73.994207 40.758428, -73.994206 40.758432, -73.994205 40.758433, -73.994204 40.758437, -73.99408 40.758607, -73.993922 40.758821, -73.993917 40.758826, -73.993916 40.758826, -73.993911 40.75883, -73.993904 40.758834, -73.993904 40.758834, -73.993897 40.758837, -73.99389 40.75884, -73.993882 40.758842, -73.993874 40.758843, -73.993866 40.758844, -73.993861 40.758844, -73.993858 40.758844, -73.993854 40.758844, -73.99385 40.758844, -73.993843 40.758843, -73.993842 40.758843, -73.993834 40.758842, -73.993826 40.758839, -73.993821 40.758837, -73.993771 40.758818, -73.993715 40.758795, -73.993659 40.758772, -73.993603 40.75875, -73.993542 40.758724, -73.993481 40.758698, -73.99342 40.758672, -73.993359 40.758647, -73.993299 40.758621, -73.993238 40.758595, -73.993222 40.758589, -73.993177 40.758569, -73.993116 40.758544, -73.993055 40.758518, -73.992994 40.758492, -73.992934 40.758466, -73.992893 40.758449, -73.992854 40.758433, -73.992852 40.758432, -73.99285 40.758431, -73.992848 40.75843, -73.992846 40.758429, -73.992844 40.758428, -73.992842 40.758426, -73.992841 40.758425, -73.99284 40.758425, -73.992838 40.758424, -73.992837 40.758423, -73.992835 40.758421, -73.992834 40.75842, -73.992832 40.758418, -73.992831 40.758417, -73.992829 40.758415, -73.992828 40.758414, -73.992827 40.758413, -73.992827 40.758412, -73.992826 40.758411, -73.992825 40.758409, -73.992824 40.758407, -73.992823 40.758405, -73.992822 40.758404, -73.992821 40.758402, -73.992821 40.7584, -73.99282 40.758398, -73.99282 40.758398, -73.992819 40.758397, -73.992819 40.758395, -73.992819 40.758393, -73.992818 40.758391, -73.992818 40.75839, -73.992818 40.758389, -73.992818 40.758388, -73.992818 40.758386, -73.992818 40.758384, -73.992818 40.758382, -73.992819 40.75838, -73.992819 40.758378, -73.992819 40.758378, -73.992819 40.758377, -73.99282 40.758375, -73.992821 40.758373, -73.992821 40.758371, -73.992822 40.758369, -73.992823 40.758368, -73.992824 40.758366, -73.992825 40.758364, -73.992826 40.758363, -73.992827 40.758361, -73.992862 40.758312, -73.992897 40.758265, -73.992931 40.758218, -73.992965 40.758171, -73.992987 40.758142, -73.993 40.758124, -73.993034 40.758077, -73.993067 40.758032, -73.993068 40.75803, -73.993072 40.758025, -73.993084 40.758009, -73.993103 40.757984, -73.993105 40.757982, -73.993106 40.75798))"^^<http://www.opengis.net/ont/geosparql#wktLiteral> .
<https://w3id.org/rtskg/new_york_city/instance/block_20261> <https://w3id.org/rtskg/ontology/objectproperty/block_intersects_station_area> <https://w3id.org/rtskg/new_york_city/instance/station_area_123> .
<https://w3id.org/rtskg/new_york_city/instance/block_20261> <https://w3id.org/rtskg/ontology/objectproperty/block_intersects_station_area> <https://w3id.org/rtskg/new_york_city/instance/station_area_125> .
<https://w3id.org/rtskg/new_york_city/instance/block_20261> <https://w3id.org/rtskg/ontology/objectproperty/block_intersects_station_area> <https://w3id.org/rtskg/new_york_city/instance/station_area_137> .
<https://w3id.org/rtskg/new_york_city/instance/block_20261> <https://w3id.org/rtskg/ontology/objectproperty/block_intersects_station_area> <https://w3id.org/rtskg/new_york_city/instance/station_area_153> .
<https://w3id.org/rtskg/new_york_city/instance/block_20261> <https://w3id.org/rtskg/ontology/objectproperty/block_intersects_station_area> <https://w3id.org/rtskg/new_york_city/instance/station_area_691> .
<https://w3id.org/rtskg/new_york_city/instance/block_20261> <https://w3id.org/rtskg/ontology/objectproperty/block_intersects_station_area> <https://w3id.org/rtskg/new_york_city/instance/station_area_693> .
<https://w3id.org/rtskg/new_york_city/instance/block_20261> <https://w3id.org/rtskg/ontology/objectproperty/block_intersects_station_area> <https://w3id.org/rtskg/new_york_city/instance/station_area_694> .
<https://w3id.org/rtskg/new_york_city/instance/block_20261> <https://w3id.org/rtskg/ontology/objectproperty/block_locates_at_borough> <https://w3id.org/rtskg/new_york_city/instance/borough_1> .
<https://w3id.org/rtskg/new_york_city/instance/block_20261> <https://w3id.org/rtskg/ontology/objectproperty/block_locates_at_functional_area> <https://w3id.org/rtskg/new_york_city/instance/functional_area_48> .
