<https://w3id.org/rtskg/new_york_city/instance/block_5401> <http://www.w3.org/1999/02/22-rdf-syntax-ns#type> <https://w3id.org/rtskg/ontology/class/block> .
<https://w3id.org/rtskg/new_york_city/instance/block_5401> <https://w3id.org/rtskg/ontology/dataproperty/geometry> "POLYGON ((-73.981906 40.59483, -73.981916 40.594837, -73.981918 40.594838, -73.98192 40.594839, -73.981921 40.59484, -73.981923 40.594841, -73.981924 40.594842, -73.981926 40.594844, -73.981927 40.594845, -73.981928 40.594846, -73.98193 40.594848, -73.981931 40.594849, -73.981932 40.594851, -73.981933 40.594852, -73.981934 40.594853, -73.981935 40.594855, -73.981936 40.594857, -73.981937 40.594858, -73.981937 40.59486, -73.981938 40.594861, -73.981939 40.594863, -73.981939 40.594865, -73.98194 40.594866, -73.98194 40.594868, -73.981941 40.594875, -73.981945 40.594892, -73.981949 40.594918, -73.981959 40.594968, -73.981964 40.594994, -73.981965 40.595002, -73.981968 40.595019, -73.981935 40.59502, -73.981934 40.59502, -73.981916 40.59502, -73.9819 40.59502, -73.981831 40.595022, -73.981762 40.595023, -73.981694 40.595024, -73.981646 40.595024, -73.981625 40.595025, -73.981625 40.595025, -73.981557 40.595026, -73.981512 40.595027, -73.981488 40.595027, -73.98142 40.595028, -73.981351 40.595029, -73.981283 40.59503, -73.981214 40.595031, -73.98121 40.595031, -73.981201 40.595032, -73.981165 40.595032, -73.981146 40.595032, -73.981137 40.594987, -73.981136 40.594983, -73.981126 40.594932, -73.981122 40.594912, -73.981116 40.594882, -73.981114 40.594869, -73.981107 40.594831, -73.981099 40.594789, -73.981097 40.59478, -73.981087 40.59473, -73.981085 40.594717, -73.981077 40.594679, -73.981076 40.594674, -73.981068 40.594628, -73.981058 40.594578, -73.981048 40.594527, -73.981038 40.594476, -73.981029 40.594426, -73.981018 40.594373, -73.981018 40.594372, -73.981018 40.594371, -73.981018 40.59437, -73.981018 40.594369, -73.981018 40.594368, -73.981018 40.594366, -73.981018 40.594365, -73.981018 40.594364, -73.981018 40.594363, -73.981018 40.594362, -73.981019 40.594361, -73.981019 40.59436, -73.981019 40.594358, -73.98102 40.594357, -73.98102 40.594356, -73.981021 40.594355, -73.981021 40.594354, -73.981022 40.594353, -73.981023 40.594352, -73.981023 40.594351, -73.981024 40.59435, -73.981025 40.594349, -73.981026 40.594348, -73.981027 40.594347, -73.981027 40.594347, -73.981028 40.594346, -73.981028 40.594346, -73.981029 40.594345, -73.98103 40.594344, -73.981031 40.594344, -73.981032 40.594343, -73.981033 40.594342, -73.981034 40.594341, -73.981035 40.59434, -73.981036 40.59434, -73.981038 40.594339, -73.981039 40.594339, -73.98104 40.594338, -73.981042 40.594337, -73.981043 40.594337, -73.981044 40.594336, -73.981044 40.594336, -73.981046 40.594336, -73.981047 40.594336, -73.981049 40.594335, -73.98105 40.594335, -73.981052 40.594335, -73.981053 40.594334, -73.981055 40.594334, -73.981056 40.594334, -73.981058 40.594334, -73.981059 40.594334, -73.981061 40.594334, -73.981062 40.594334, -73.981064 40.594334, -73.981065 40.594334, -73.981067 40.594334, -73.981068 40.594334, -73.98107 40.594334, -73.981071 40.594334, -73.981073 40.594335, -73.981074 40.594335, -73.981076 40.594335, -73.981077 40.594336, -73.981079 40.594336, -73.98108 40.594337, -73.981081 40.594337, -73.981083 40.594338, -73.981084 40.594338, -73.981085 40.594339, -73.981087 40.59434, -73.981088 40.59434, -73.981089 40.594341, -73.981111 40.594354, -73.98114 40.594371, -73.981195 40.594404, -73.98125 40.594438, -73.981305 40.594471, -73.98136 40.594504, -73.981416 40.594537, -73.98143 40.594546, -73.981464 40.594566, -73.981471 40.59457, -73.981526 40.594603, -73.981562 40.594625, -73.981581 40.594637, -73.981588 40.594641, -73.981636 40.59467, -73.981647 40.594676, -73.981654 40.59468, -73.98166 40.594684, -73.981669 40.594689, -73.981692 40.594703, -73.981743 40.594733, -73.981748 40.594736, -73.981762 40.594744, -73.981804 40.594769, -73.981859 40.594803, -73.981883 40.594817, -73.981886 40.594819, -73.981899 40.594826, -73.981906 40.59483))"^^<http://www.opengis.net/ont/geosparql#wktLiteral> .
<https://w3id.org/rtskg/new_york_city/instance/block_5401> <https://w3id.org/rtskg/ontology/objectproperty/block_intersects_station_area> <https://w3id.org/rtskg/new_york_city/instance/station_area_101> .
<https://w3id.org/rtskg/new_york_city/instance/block_5401> <https://w3id.org/rtskg/ontology/objectproperty/block_intersects_station_area> <https://w3id.org/rtskg/new_york_city/instance/station_area_211> .
<https://w3id.org/rtskg/new_york_city/instance/block_5401> <https://w3id.org/rtskg/ontology/objectproperty/block_intersects_station_area> <https://w3id.org/rtskg/new_york_city/instance/station_area_212> .
<https://w3id.org/rtskg/new_york_city/instance/block_5401> <https://w3id.org/rtskg/ontology/objectproperty/block_intersects_station_area> <https://w3id.org/rtskg/new_york_city/instance/station_area_259> .
<https://w3id.org/rtskg/new_york_city/instance/block_5401> <https://w3id.org/rtskg/ontology/objectproperty/block_intersects_station_area> <https://w3id.org/rtskg/new_york_city/instance/station_area_260> .
<https://w3id.org/rtskg/new_york_city/instance/block_5401> <https://w3id.org/rtskg/ontology/objectproperty/block_intersects_station_area> <https://w3id.org/rtskg/new_york_city/instance/station_area_261> .
<https://w3id.org/rtskg/new_york_city/instance/block_5401> <https://w3id.org/rtskg/ontology/objectproperty/block_intersects_station_area> <https://w3id.org/rtskg/new_york_city/instance/station_area_263> .
<https://w3id.org/rtskg/new_york_city/instance/block_5401> <https://w3id.org/rtskg/ontology/objectproperty/block_locates_at_borough> <https://w3id.org/rtskg/new_york_city/instance/borough_3> .
<https://w3id.org/rtskg/new_york_city/instance/block_5401> <https://w3id.org/rtskg/ontology/objectproperty/block_locates_at_functional_area> <https://w3id.org/rtskg/new_york_city/instance/functional_area_21> .
