<https://w3id.org/rtskg/new_york_city/instance/block_44377> <http://www.w3.org/1999/02/22-rdf-syntax-ns#type> <https://w3id.org/rtskg/ontology/class/block> .
<https://w3id.org/rtskg/new_york_city/instance/block_44377> <https://w3id.org/rtskg/ontology/dataproperty/geometry> "POLYGON ((-73.945706 40.832868, -73.94571 40.832863, -73.945717 40.832853, -73.945722 40.832847, -73.945723 40.832847, -73.945725 40.832846, -73.945726 40.832846, -73.945728 40.832846, -73.94573 40.832845, -73.945731 40.832845, -73.945733 40.832845, -73.945735 40.832845, -73.945737 40.832845, -73.945738 40.832845, -73.94574 40.832845, -73.945742 40.832845, -73.945743 40.832845, -73.945745 40.832845, -73.945747 40.832845, -73.945748 40.832846, -73.94575 40.832846, -73.945752 40.832846, -73.945753 40.832847, -73.945755 40.832847, -73.945757 40.832847, -73.945758 40.832848, -73.94576 40.832848, -73.945761 40.832849, -73.945763 40.83285, -73.945763 40.83285, -73.945764 40.83285, -73.945766 40.832851, -73.945767 40.832852, -73.945768 40.832853, -73.94577 40.832853, -73.945771 40.832854, -73.945772 40.832855, -73.945773 40.832856, -73.945775 40.832857, -73.945776 40.832858, -73.945777 40.832859, -73.945778 40.83286, -73.945779 40.832861, -73.94578 40.832862, -73.945781 40.832863, -73.945782 40.832864, -73.945782 40.832865, -73.945783 40.832867, -73.945784 40.832868, -73.945784 40.832869, -73.945785 40.83287, -73.945786 40.832871, -73.945786 40.832873, -73.945786 40.832874, -73.945787 40.832875, -73.945782 40.832882, -73.945775 40.832891, -73.94577 40.832898, -73.945761 40.832911, -73.945708 40.832983, -73.94564 40.833076, -73.945571 40.833171, -73.94549 40.833281, -73.945438 40.833353, -73.945436 40.833356, -73.945425 40.833371, -73.94542 40.833378, -73.94541 40.833392, -73.945409 40.833392, -73.945408 40.833392, -73.945407 40.833393, -73.945405 40.833393, -73.945404 40.833393, -73.945402 40.833394, -73.945401 40.833394, -73.945399 40.833394, -73.945398 40.833394, -73.945396 40.833394, -73.945395 40.833395, -73.945393 40.833395, -73.945392 40.833395, -73.94539 40.833395, -73.945389 40.833395, -73.945387 40.833394, -73.945386 40.833394, -73.945385 40.833394, -73.945384 40.833394, -73.945382 40.833394, -73.945381 40.833394, -73.945379 40.833393, -73.945378 40.833393, -73.945376 40.833393, -73.945375 40.833392, -73.945374 40.833392, -73.945372 40.833391, -73.945371 40.833391, -73.945369 40.83339, -73.945369 40.83339, -73.945368 40.83339, -73.945367 40.833389, -73.945365 40.833388, -73.945364 40.833388, -73.945363 40.833387, -73.945362 40.833386, -73.945361 40.833385, -73.945359 40.833385, -73.945358 40.833384, -73.945357 40.833383, -73.945356 40.833382, -73.945355 40.833381, -73.945355 40.833381, -73.945354 40.83338, -73.945354 40.833379, -73.945353 40.833378, -73.945352 40.833377, -73.945351 40.833376, -73.94535 40.833375, -73.94535 40.833374, -73.94535 40.833374, -73.945349 40.833373, -73.945349 40.833372, -73.945348 40.833371, -73.945348 40.83337, -73.945347 40.833368, -73.945347 40.833367, -73.945347 40.833366, -73.945346 40.833365, -73.945346 40.833364, -73.945346 40.833363, -73.945346 40.833361, -73.945346 40.83336, -73.945349 40.833356, -73.945361 40.83334, -73.945423 40.833253, -73.945503 40.833142, -73.945545 40.833084, -73.945573 40.833047, -73.945641 40.832955, -73.945695 40.832882, -73.945706 40.832868))"^^<http://www.opengis.net/ont/geosparql#wktLiteral> .
<https://w3id.org/rtskg/new_york_city/instance/block_44377> <https://w3id.org/rtskg/ontology/objectproperty/block_intersects_station_area> <https://w3id.org/rtskg/new_york_city/instance/station_area_33> .
<https://w3id.org/rtskg/new_york_city/instance/block_44377> <https://w3id.org/rtskg/ontology/objectproperty/block_intersects_station_area> <https://w3id.org/rtskg/new_york_city/instance/station_area_39> .
<https://w3id.org/rtskg/new_york_city/instance/block_44377> <https://w3id.org/rtskg/ontology/objectproperty/block_intersects_station_area> <https://w3id.org/rtskg/new_york_city/instance/station_area_40> .
<https://w3id.org/rtskg/new_york_city/instance/block_44377> <https://w3id.org/rtskg/ontology/objectproperty/block_intersects_station_area> <https://w3id.org/rtskg/new_york_city/instance/station_area_41> .
<https://w3id.org/rtskg/new_york_city/instance/block_44377> <https://w3id.org/rtskg/ontology/objectproperty/block_intersects_station_area> <https://w3id.org/rtskg/new_york_city/instance/station_area_42> .
<https://w3id.org/rtskg/new_york_city/instance/block_44377> <https://w3id.org/rtskg/ontology/objectproperty/block_intersects_station_area> <https://w3id.org/rtskg/new_york_city/instance/station_area_45> .
<https://w3id.org/rtskg/new_york_city/instance/block_44377> <https://w3id.org/rtskg/ontology/objectproperty/block_locates_at_borough> <https://w3id.org/rtskg/new_york_city/instance/borough_1> .
<https://w3id.org/rtskg/new_york_city/instance/block_44377> <https://w3id.org/rtskg/ontology/objectproperty/block_locates_at_functional_area> <https://w3id.org/rtskg/new_york_city/instance/functional_area_244> .
