<https://w3id.org/rtskg/new_york_city/instance/block_46000> <http://www.w3.org/1999/02/22-rdf-syntax-ns#type> <https://w3id.org/rtskg/ontology/class/block> .
<https://w3id.org/rtskg/new_york_city/instance/block_46000> <https://w3id.org/rtskg/ontology/dataproperty/geometry> "POLYGON ((-73.891446 40.869959, -73.891353 40.870034, -73.891182 40.870157, -73.891175 40.870162, -73.891164 40.87017, -73.891157 40.870175, -73.891146 40.870183, -73.891138 40.870188, -73.891138 40.870189, -73.891137 40.870189, -73.891136 40.870189, -73.891136 40.870189, -73.891135 40.870189, -73.891134 40.870189, -73.891134 40.870189, -73.891133 40.870189, -73.891132 40.870189, -73.891131 40.870189, -73.891131 40.870189, -73.89113 40.870189, -73.891129 40.870189, -73.891128 40.870189, -73.891128 40.870189, -73.891127 40.870189, -73.891126 40.870189, -73.891126 40.870189, -73.891125 40.870189, -73.891124 40.870189, -73.891124 40.870188, -73.891123 40.870188, -73.891122 40.870188, -73.891122 40.870188, -73.891121 40.870187, -73.89112 40.870187, -73.89112 40.870187, -73.891119 40.870187, -73.891119 40.870186, -73.891118 40.870186, -73.891117 40.870185, -73.891117 40.870185, -73.891116 40.870185, -73.891116 40.870184, -73.891115 40.870184, -73.891115 40.870184, -73.891114 40.870183, -73.891114 40.870183, -73.891114 40.870182, -73.891113 40.870182, -73.891113 40.870181, -73.891113 40.870181, -73.891112 40.87018, -73.891112 40.87018, -73.891112 40.870179, -73.891111 40.870179, -73.891111 40.870178, -73.891111 40.870178, -73.891111 40.870177, -73.891111 40.870177, -73.891111 40.870176, -73.89111 40.870176, -73.89111 40.870175, -73.89111 40.870174, -73.89111 40.870174, -73.89111 40.870173, -73.89111 40.870173, -73.89111 40.870172, -73.89111 40.870172, -73.891111 40.870171, -73.891111 40.870171, -73.891111 40.87017, -73.891111 40.87017, -73.891111 40.870169, -73.891111 40.870169, -73.891112 40.870168, -73.891112 40.870168, -73.891112 40.870167, -73.891112 40.870167, -73.891113 40.870166, -73.891113 40.870166, -73.891114 40.870165, -73.891114 40.870165, -73.891114 40.870165, -73.891114 40.870164, -73.891115 40.870164, -73.891115 40.870163, -73.891116 40.870163, -73.891116 40.870162, -73.891117 40.870162, -73.891117 40.870162, -73.891118 40.870161, -73.891125 40.870157, -73.891139 40.870148, -73.89115 40.87014, -73.891152 40.870139, -73.891175 40.870125, -73.89123 40.870087, -73.891283 40.870047, -73.891335 40.870006, -73.891441 40.86992, -73.891481 40.869885, -73.891543 40.869831, -73.89164 40.869739, -73.891722 40.869657, -73.891734 40.869645, -73.891767 40.869609, -73.891815 40.869557, -73.891823 40.869548, -73.891858 40.869507, -73.891873 40.86949, -73.891901 40.869456, -73.891975 40.869363, -73.892045 40.869268, -73.892084 40.86923, -73.892229 40.869088, -73.892221 40.869098, -73.892152 40.869189, -73.892111 40.869243, -73.892008 40.869379, -73.891938 40.869467, -73.891889 40.869525, -73.891877 40.869539, -73.891864 40.869554, -73.891845 40.869575, -73.891797 40.869627, -73.891787 40.869638, -73.891752 40.869675, -73.891707 40.869721, -73.891623 40.869803, -73.891536 40.869882, -73.89151 40.869904, -73.891446 40.869959))"^^<http://www.opengis.net/ont/geosparql#wktLiteral> .
<https://w3id.org/rtskg/new_york_city/instance/block_46000> <https://w3id.org/rtskg/ontology/objectproperty/block_intersects_station_area> <https://w3id.org/rtskg/new_york_city/instance/station_area_293> .
<https://w3id.org/rtskg/new_york_city/instance/block_46000> <https://w3id.org/rtskg/ontology/objectproperty/block_intersects_station_area> <https://w3id.org/rtskg/new_york_city/instance/station_area_295> .
<https://w3id.org/rtskg/new_york_city/instance/block_46000> <https://w3id.org/rtskg/ontology/objectproperty/block_intersects_station_area> <https://w3id.org/rtskg/new_york_city/instance/station_area_296> .
<https://w3id.org/rtskg/new_york_city/instance/block_46000> <https://w3id.org/rtskg/ontology/objectproperty/block_intersects_station_area> <https://w3id.org/rtskg/new_york_city/instance/station_area_431> .
<https://w3id.org/rtskg/new_york_city/instance/block_46000> <https://w3id.org/rtskg/ontology/objectproperty/block_intersects_station_area> <https://w3id.org/rtskg/new_york_city/instance/station_area_525> .
<https://w3id.org/rtskg/new_york_city/instance/block_46000> <https://w3id.org/rtskg/ontology/objectproperty/block_intersects_station_area> <https://w3id.org/rtskg/new_york_city/instance/station_area_526> .
<https://w3id.org/rtskg/new_york_city/instance/block_46000> <https://w3id.org/rtskg/ontology/objectproperty/block_locates_at_borough> <https://w3id.org/rtskg/new_york_city/instance/borough_2> .
<https://w3id.org/rtskg/new_york_city/instance/block_46000> <https://w3id.org/rtskg/ontology/objectproperty/block_locates_at_functional_area> <https://w3id.org/rtskg/new_york_city/instance/functional_area_241> .
