<https://w3id.org/rtskg/new_york_city/instance/block_41207> <http://www.w3.org/1999/02/22-rdf-syntax-ns#type> <https://w3id.org/rtskg/ontology/class/block> .
<https://w3id.org/rtskg/new_york_city/instance/block_41207> <https://w3id.org/rtskg/ontology/dataproperty/geometry> "POLYGON ((-73.929805 40.756686, -73.929807 40.756685, -73.929808 40.756685, -73.92981 40.756685, -73.929813 40.756686, -73.929831 40.756687, -73.929833 40.756688, -73.929835 40.756689, -73.929836 40.756689, -73.929838 40.75669, -73.929838 40.75669, -73.929839 40.75669, -73.929843 40.756692, -73.929854 40.756697, -73.92989 40.756713, -73.929915 40.756725, -73.929946 40.756739, -73.930003 40.756764, -73.930039 40.756781, -73.930059 40.75679, -73.930116 40.756816, -73.930173 40.756841, -73.930226 40.756865, -73.93028 40.75689, -73.930294 40.756896, -73.930334 40.756914, -73.930387 40.756938, -73.930428 40.756957, -73.930431 40.756958, -73.930441 40.756962, -73.930443 40.756966, -73.930456 40.756985, -73.930453 40.756998, -73.93045 40.75701, -73.930449 40.757011, -73.930442 40.75702, -73.930434 40.75703, -73.930413 40.757057, -73.930375 40.757104, -73.930337 40.75715, -73.9303 40.757197, -73.930262 40.757244, -73.930225 40.75729, -73.930215 40.757302, -73.93021 40.757309, -73.930198 40.757324, -73.930196 40.757326, -73.930187 40.757337, -73.930152 40.75738, -73.930117 40.757423, -73.930116 40.757424, -73.930102 40.757441, -73.930083 40.757465, -73.930082 40.757467, -73.930065 40.757487, -73.930047 40.75751, -73.930022 40.75754, -73.930011 40.757553, -73.929988 40.757582, -73.929976 40.757596, -73.929941 40.757639, -73.929917 40.75767, -73.929906 40.757683, -73.929901 40.757689, -73.929871 40.757725, -73.929837 40.757768, -73.929802 40.75781, -73.929773 40.757845, -73.929767 40.757853, -73.929732 40.757896, -73.929732 40.757896, -73.929698 40.757938, -73.929663 40.757981, -73.929628 40.758023, -73.929606 40.758051, -73.929593 40.758066, -73.92959 40.75807, -73.929559 40.758109, -73.929524 40.758152, -73.929489 40.758194, -73.929455 40.758237, -73.92942 40.75828, -73.929385 40.758323, -73.929351 40.758365, -73.929324 40.758399, -73.929316 40.758408, -73.929309 40.758412, -73.929296 40.758418, -73.929288 40.758422, -73.929278 40.75842, -73.929258 40.758418, -73.929253 40.758417, -73.929253 40.758417, -73.929197 40.758391, -73.92914 40.758365, -73.929084 40.758338, -73.929027 40.758312, -73.928971 40.758286, -73.928937 40.75827, -73.928915 40.758259, -73.928858 40.758233, -73.928809 40.75821, -73.928805 40.758209, -73.92876 40.758188, -73.928711 40.758166, -73.928689 40.758155, -73.928676 40.758149, -73.928672 40.758147, -73.928662 40.758143, -73.928648 40.758124, -73.928648 40.758124, -73.92865 40.758112, -73.928652 40.758102, -73.928654 40.758099, -73.928656 40.758098, -73.928684 40.758063, -73.928716 40.758023, -73.928748 40.757983, -73.92878 40.757944, -73.928799 40.75792, -73.928812 40.757904, -73.928821 40.757893, -73.928844 40.757864, -73.92888 40.757817, -73.928916 40.75777, -73.928953 40.757723, -73.928955 40.75772, -73.928989 40.757676, -73.928995 40.757669, -73.928996 40.757668, -73.928997 40.757666, -73.929024 40.757631, -73.929025 40.757629, -73.929042 40.757608, -73.929062 40.757582, -73.929098 40.757535, -73.929134 40.757488, -73.929171 40.757441, -73.929207 40.757394, -73.929244 40.757347, -73.929251 40.757338, -73.92928 40.757303, -73.929316 40.75726, -73.929352 40.757216, -73.929389 40.757173, -73.929425 40.757129, -73.929461 40.757085, -73.929497 40.757042, -73.929534 40.756998, -73.92957 40.756954, -73.929572 40.756952, -73.929576 40.756947, -73.929606 40.756911, -73.929643 40.756867, -73.929679 40.756823, -73.929714 40.75678, -73.929715 40.75678, -73.929737 40.756753, -73.929751 40.756736, -73.929777 40.756705, -73.929783 40.756698, -73.929788 40.756692, -73.929798 40.756689, -73.929805 40.756686))"^^<http://www.opengis.net/ont/geosparql#wktLiteral> .
<https://w3id.org/rtskg/new_york_city/instance/block_41207> <https://w3id.org/rtskg/ontology/objectproperty/block_intersects_station_area> <https://w3id.org/rtskg/new_york_city/instance/station_area_127> .
<https://w3id.org/rtskg/new_york_city/instance/block_41207> <https://w3id.org/rtskg/ontology/objectproperty/block_intersects_station_area> <https://w3id.org/rtskg/new_york_city/instance/station_area_128> .
<https://w3id.org/rtskg/new_york_city/instance/block_41207> <https://w3id.org/rtskg/ontology/objectproperty/block_intersects_station_area> <https://w3id.org/rtskg/new_york_city/instance/station_area_129> .
<https://w3id.org/rtskg/new_york_city/instance/block_41207> <https://w3id.org/rtskg/ontology/objectproperty/block_intersects_station_area> <https://w3id.org/rtskg/new_york_city/instance/station_area_131> .
<https://w3id.org/rtskg/new_york_city/instance/block_41207> <https://w3id.org/rtskg/ontology/objectproperty/block_intersects_station_area> <https://w3id.org/rtskg/new_york_city/instance/station_area_323> .
<https://w3id.org/rtskg/new_york_city/instance/block_41207> <https://w3id.org/rtskg/ontology/objectproperty/block_intersects_station_area> <https://w3id.org/rtskg/new_york_city/instance/station_area_324> .
<https://w3id.org/rtskg/new_york_city/instance/block_41207> <https://w3id.org/rtskg/ontology/objectproperty/block_intersects_station_area> <https://w3id.org/rtskg/new_york_city/instance/station_area_679> .
<https://w3id.org/rtskg/new_york_city/instance/block_41207> <https://w3id.org/rtskg/ontology/objectproperty/block_locates_at_borough> <https://w3id.org/rtskg/new_york_city/instance/borough_4> .
<https://w3id.org/rtskg/new_york_city/instance/block_41207> <https://w3id.org/rtskg/ontology/objectproperty/block_locates_at_functional_area> <https://w3id.org/rtskg/new_york_city/instance/functional_area_7> .
