<https://w3id.org/rtskg/new_york_city/instance/block_44232> <http://www.w3.org/1999/02/22-rdf-syntax-ns#type> <https://w3id.org/rtskg/ontology/class/block> .
<https://w3id.org/rtskg/new_york_city/instance/block_44232> <https://w3id.org/rtskg/ontology/dataproperty/geometry> "POLYGON ((-73.935422 40.826758, -73.935422 40.82676, -73.935423 40.82676, -73.935423 40.826762, -73.935424 40.826764, -73.935424 40.826764, -73.935424 40.826768, -73.935423 40.826772, -73.935421 40.826776, -73.935419 40.82678, -73.935416 40.826783, -73.935412 40.826786, -73.93541 40.82679, -73.935408 40.826793, -73.935393 40.826811, -73.935375 40.826836, -73.935357 40.826862, -73.93534 40.826887, -73.935324 40.826913, -73.935308 40.826939, -73.935299 40.826953, -73.935296 40.826958, -73.935285 40.826978, -73.935289 40.826981, -73.93529 40.826981, -73.935287 40.82699, -73.93528 40.82701, -73.935262 40.827063, -73.93526 40.827073, -73.935259 40.827083, -73.935257 40.827086, -73.935254 40.827088, -73.935251 40.82709, -73.935247 40.827092, -73.935245 40.827093, -73.935255 40.827168, -73.93526 40.827202, -73.935277 40.827297, -73.935284 40.827341, -73.935286 40.827358, -73.935287 40.827371, -73.935289 40.827388, -73.935289 40.827406, -73.93529 40.827421, -73.93529 40.827432, -73.935289 40.827448, -73.935287 40.827467, -73.935285 40.827485, -73.935283 40.827498, -73.935279 40.827515, -73.935274 40.827536, -73.935267 40.827558, -73.935262 40.827577, -73.935252 40.827606, -73.935244 40.827628, -73.935237 40.827645, -73.93523 40.827662, -73.935223 40.827677, -73.935218 40.827688, -73.935204 40.827713, -73.93519 40.827735, -73.935187 40.827741, -73.93518 40.827751, -73.93518 40.827751, -73.935167 40.827769, -73.935157 40.827784, -73.935153 40.827789, -73.935147 40.827796, -73.935147 40.827796, -73.93513 40.827816, -73.935115 40.827832, -73.935101 40.827846, -73.935084 40.827864, -73.935042 40.827903, -73.935036 40.827907, -73.935032 40.82791, -73.935029 40.82791, -73.935029 40.82791, -73.935026 40.82791, -73.935026 40.827909, -73.935025 40.827904, -73.935026 40.827902, -73.935029 40.827898, -73.935033 40.827894, -73.935048 40.82788, -73.935057 40.827872, -73.935067 40.827863, -73.935087 40.827843, -73.935114 40.827813, -73.935133 40.827791, -73.935148 40.827772, -73.935159 40.827758, -73.93517 40.827742, -73.935173 40.827737, -73.935195 40.827701, -73.935201 40.82769, -73.93522 40.827649, -73.935243 40.827591, -73.935261 40.827537, -73.93527 40.827491, -73.935276 40.827442, -73.935276 40.827407, -73.935274 40.827368, -73.935273 40.827355, -73.935261 40.827286, -73.935249 40.827216, -73.93524 40.827168, -73.935237 40.827153, -73.935237 40.827151, -73.935233 40.827097, -73.935233 40.827094, -73.93523 40.827093, -73.935226 40.827092, -73.935223 40.82709, -73.935219 40.827088, -73.935217 40.827086, -73.935215 40.827083, -73.93521 40.827068, -73.93521 40.827066, -73.93521 40.827066, -73.935209 40.827065, -73.935209 40.827063, -73.935208 40.827061, -73.935208 40.827061, -73.935208 40.827059, -73.935207 40.827057, -73.935207 40.827055, -73.935206 40.827053, -73.935206 40.827052, -73.935205 40.82705, -73.935204 40.827048, -73.935203 40.82704, -73.935223 40.827014, -73.935264 40.82696, -73.935304 40.826907, -73.935392 40.826786, -73.935394 40.826783, -73.935417 40.826751, -73.935418 40.826752, -73.935418 40.826753, -73.935419 40.826754, -73.93542 40.826755, -73.935421 40.826756, -73.935421 40.826757, -73.935422 40.826758))"^^<http://www.opengis.net/ont/geosparql#wktLiteral> .
<https://w3id.org/rtskg/new_york_city/instance/block_44232> <https://w3id.org/rtskg/ontology/objectproperty/block_intersects_station_area> <https://w3id.org/rtskg/new_york_city/instance/station_area_33> .
<https://w3id.org/rtskg/new_york_city/instance/block_44232> <https://w3id.org/rtskg/ontology/objectproperty/block_intersects_station_area> <https://w3id.org/rtskg/new_york_city/instance/station_area_39> .
<https://w3id.org/rtskg/new_york_city/instance/block_44232> <https://w3id.org/rtskg/ontology/objectproperty/block_intersects_station_area> <https://w3id.org/rtskg/new_york_city/instance/station_area_40> .
<https://w3id.org/rtskg/new_york_city/instance/block_44232> <https://w3id.org/rtskg/ontology/objectproperty/block_intersects_station_area> <https://w3id.org/rtskg/new_york_city/instance/station_area_43> .
<https://w3id.org/rtskg/new_york_city/instance/block_44232> <https://w3id.org/rtskg/ontology/objectproperty/block_intersects_station_area> <https://w3id.org/rtskg/new_york_city/instance/station_area_477> .
<https://w3id.org/rtskg/new_york_city/instance/block_44232> <https://w3id.org/rtskg/ontology/objectproperty/block_intersects_station_area> <https://w3id.org/rtskg/new_york_city/instance/station_area_478> .
<https://w3id.org/rtskg/new_york_city/instance/block_44232> <https://w3id.org/rtskg/ontology/objectproperty/block_locates_at_borough> <https://w3id.org/rtskg/new_york_city/instance/borough_1> .
<https://w3id.org/rtskg/new_york_city/instance/block_44232> <https://w3id.org/rtskg/ontology/objectproperty/block_locates_at_functional_area> <https://w3id.org/rtskg/new_york_city/instance/functional_area_42> .
