<https://w3id.org/rtskg/new_york_city/instance/block_230> <http://www.w3.org/1999/02/22-rdf-syntax-ns#type> <https://w3id.org/rtskg/ontology/class/block> .
<https://w3id.org/rtskg/new_york_city/instance/block_230> <https://w3id.org/rtskg/ontology/dataproperty/geometry> "POLYGON ((-73.92233 40.743673, -73.922326 40.743674, -73.922326 40.743674, -73.922324 40.743675, -73.922321 40.743675, -73.922318 40.743675, -73.922312 40.743675, -73.922307 40.743675, -73.922284 40.743672, -73.92225 40.743668, -73.922231 40.743666, -73.92218 40.743661, -73.92211 40.743653, -73.92204 40.743645, -73.92197 40.743637, -73.92194 40.743634, -73.921899 40.743629, -73.921829 40.743621, -73.921759 40.743613, -73.921689 40.743605, -73.921638 40.7436, -73.921619 40.743598, -73.921574 40.743593, -73.921558 40.743591, -73.921549 40.74359, -73.921548 40.743589, -73.921547 40.743589, -73.921546 40.743588, -73.921546 40.743588, -73.921545 40.743587, -73.921544 40.743587, -73.921543 40.743586, -73.921543 40.743586, -73.921542 40.743585, -73.921542 40.743585, -73.921541 40.743584, -73.921541 40.743583, -73.92154 40.743583, -73.92154 40.743582, -73.921539 40.743582, -73.921539 40.743581, -73.921539 40.743581, -73.921538 40.74358, -73.921538 40.743579, -73.921538 40.743579, -73.921537 40.743578, -73.921537 40.743577, -73.921537 40.743577, -73.921537 40.743576, -73.921537 40.743575, -73.921536 40.743574, -73.921536 40.743574, -73.921536 40.743573, -73.921536 40.743572, -73.921536 40.743572, -73.921536 40.743571, -73.921536 40.74357, -73.921536 40.743569, -73.921537 40.743569, -73.921541 40.743546, -73.921544 40.743532, -73.921545 40.743529, -73.921546 40.743527, -73.921546 40.743524, -73.921547 40.74352, -73.921553 40.743492, -73.921553 40.743491, -73.921553 40.743491, -73.921557 40.743472, -73.92156 40.743463, -73.92156 40.743462, -73.921561 40.743455, -73.921562 40.743453, -73.921567 40.74343, -73.921568 40.743424, -73.921568 40.743424, -73.921568 40.743423, -73.921568 40.743422, -73.921569 40.743422, -73.921569 40.743421, -73.921569 40.74342, -73.921569 40.74342, -73.92157 40.743419, -73.92157 40.743418, -73.92157 40.743418, -73.921571 40.743417, -73.921571 40.743416, -73.921572 40.743416, -73.921572 40.743415, -73.921573 40.743415, -73.921573 40.743414, -73.921574 40.743414, -73.921574 40.743413, -73.921575 40.743413, -73.921576 40.743412, -73.921576 40.743412, -73.921577 40.743411, -73.921578 40.743411, -73.921578 40.74341, -73.921579 40.74341, -73.92158 40.74341, -73.921581 40.743409, -73.921581 40.743409, -73.921582 40.743409, -73.921583 40.743408, -73.921584 40.743408, -73.921585 40.743408, -73.921586 40.743408, -73.921586 40.743407, -73.921587 40.743407, -73.921588 40.743407, -73.921588 40.743407, -73.921589 40.743407, -73.92159 40.743407, -73.921591 40.743407, -73.921592 40.743407, -73.921593 40.743407, -73.921593 40.743407, -73.921594 40.743407, -73.921595 40.743407, -73.921596 40.743407, -73.921597 40.743407, -73.921598 40.743407, -73.921599 40.743407, -73.9216 40.743407, -73.921606 40.743408, -73.92161 40.743408, -73.921664 40.743414, -73.921668 40.743414, -73.921737 40.743421, -73.921806 40.743429, -73.921874 40.743436, -73.921942 40.743443, -73.921943 40.743443, -73.922011 40.74345, -73.92208 40.743458, -73.922149 40.743465, -73.922217 40.743472, -73.922261 40.743477, -73.922281 40.743479, -73.922321 40.743485, -73.922337 40.743488, -73.922339 40.743488, -73.922349 40.743491, -73.922355 40.743493, -73.922357 40.743494, -73.922359 40.743495, -73.922362 40.743497, -73.922364 40.743498, -73.922365 40.743499, -73.922367 40.743501, -73.922368 40.743503, -73.92237 40.743506, -73.92237 40.743507, -73.92237 40.743509, -73.922371 40.743515, -73.92237 40.743517, -73.92237 40.743522, -73.922369 40.743523, -73.922364 40.74355, -73.922362 40.743558, -73.922357 40.743584, -73.92235 40.743619, -73.922349 40.743624, -73.922346 40.743641, -73.922342 40.74366, -73.92234 40.743664, -73.922339 40.743666, -73.922337 40.743668, -73.922335 40.74367, -73.922332 40.743672, -73.92233 40.743673))"^^<http://www.opengis.net/ont/geosparql#wktLiteral> .
<https://w3id.org/rtskg/new_york_city/instance/block_230> <https://w3id.org/rtskg/ontology/objectproperty/block_intersects_station_area> <https://w3id.org/rtskg/new_york_city/instance/station_area_115> .
<https://w3id.org/rtskg/new_york_city/instance/block_230> <https://w3id.org/rtskg/ontology/objectproperty/block_intersects_station_area> <https://w3id.org/rtskg/new_york_city/instance/station_area_135> .
<https://w3id.org/rtskg/new_york_city/instance/block_230> <https://w3id.org/rtskg/ontology/objectproperty/block_intersects_station_area> <https://w3id.org/rtskg/new_york_city/instance/station_area_136> .
<https://w3id.org/rtskg/new_york_city/instance/block_230> <https://w3id.org/rtskg/ontology/objectproperty/block_intersects_station_area> <https://w3id.org/rtskg/new_york_city/instance/station_area_141> .
<https://w3id.org/rtskg/new_york_city/instance/block_230> <https://w3id.org/rtskg/ontology/objectproperty/block_intersects_station_area> <https://w3id.org/rtskg/new_york_city/instance/station_area_142> .
<https://w3id.org/rtskg/new_york_city/instance/block_230> <https://w3id.org/rtskg/ontology/objectproperty/block_intersects_station_area> <https://w3id.org/rtskg/new_york_city/instance/station_area_155> .
<https://w3id.org/rtskg/new_york_city/instance/block_230> <https://w3id.org/rtskg/ontology/objectproperty/block_locates_at_borough> <https://w3id.org/rtskg/new_york_city/instance/borough_4> .
<https://w3id.org/rtskg/new_york_city/instance/block_230> <https://w3id.org/rtskg/ontology/objectproperty/block_locates_at_functional_area> <https://w3id.org/rtskg/new_york_city/instance/functional_area_226> .
