<https://w3id.org/rtskg/new_york_city/instance/block_40567> <http://www.w3.org/1999/02/22-rdf-syntax-ns#type> <https://w3id.org/rtskg/ontology/class/block> .
<https://w3id.org/rtskg/new_york_city/instance/block_40567> <https://w3id.org/rtskg/ontology/dataproperty/geometry> "POLYGON ((-73.945566 40.749803, -73.945511 40.749776, -73.945456 40.749749, -73.945421 40.749733, -73.945397 40.749721, -73.945338 40.749693, -73.94528 40.749665, -73.945267 40.749659, -73.945248 40.74965, -73.94521 40.749632, -73.945216 40.749625, -73.945252 40.749583, -73.945257 40.749577, -73.945287 40.749542, -73.945322 40.7495, -73.945358 40.749459, -73.945393 40.749417, -73.945427 40.749377, -73.945428 40.749376, -73.945459 40.74934, -73.945461 40.749337, -73.945462 40.749336, -73.945463 40.749335, -73.945464 40.749334, -73.945465 40.749333, -73.945466 40.749332, -73.945467 40.749331, -73.945468 40.74933, -73.945469 40.749329, -73.945471 40.749329, -73.945472 40.749328, -73.945473 40.749327, -73.945474 40.749326, -73.945475 40.749326, -73.945476 40.749326, -73.945477 40.749325, -73.945479 40.749324, -73.94548 40.749324, -73.945482 40.749323, -73.945483 40.749323, -73.945485 40.749322, -73.945486 40.749322, -73.945488 40.749321, -73.945489 40.749321, -73.945491 40.749321, -73.945492 40.74932, -73.945494 40.74932, -73.945496 40.74932, -73.945496 40.74932, -73.945497 40.74932, -73.945499 40.74932, -73.945501 40.74932, -73.945502 40.74932, -73.945504 40.74932, -73.945505 40.74932, -73.945507 40.74932, -73.945509 40.74932, -73.94551 40.74932, -73.945512 40.749321, -73.945514 40.749321, -73.945515 40.749321, -73.945552 40.749328, -73.945573 40.749333, -73.945632 40.749344, -73.945691 40.749356, -73.94575 40.749367, -73.945757 40.749369, -73.945789 40.749375, -73.945809 40.749379, -73.945818 40.749381, -73.945886 40.749394, -73.945955 40.749407, -73.946023 40.74942, -73.946092 40.749433, -73.946128 40.74944, -73.94616 40.749446, -73.946181 40.74945, -73.946225 40.749459, -73.946289 40.749471, -73.946354 40.749484, -73.946417 40.749496, -73.946418 40.749496, -73.946431 40.749499, -73.946484 40.749509, -73.946485 40.749509, -73.946487 40.74951, -73.946488 40.74951, -73.946489 40.74951, -73.94649 40.749511, -73.946491 40.749511, -73.946492 40.749511, -73.946493 40.749512, -73.946494 40.749512, -73.946496 40.749513, -73.946497 40.749513, -73.946498 40.749514, -73.946499 40.749515, -73.9465 40.749515, -73.946501 40.749516, -73.946502 40.749517, -73.946503 40.749518, -73.946504 40.749518, -73.946505 40.749519, -73.946506 40.74952, -73.946507 40.749521, -73.946507 40.749521, -73.946508 40.749522, -73.946508 40.749523, -73.946509 40.749524, -73.94651 40.749524, -73.94651 40.749525, -73.946511 40.749526, -73.946512 40.749527, -73.946512 40.749528, -73.946513 40.749529, -73.946513 40.74953, -73.946513 40.749531, -73.946514 40.749532, -73.946514 40.749532, -73.946514 40.749534, -73.946514 40.749535, -73.946514 40.749536, -73.946514 40.749537, -73.946515 40.749538, -73.946515 40.749539, -73.946515 40.74954, -73.946514 40.749541, -73.946514 40.749542, -73.946514 40.749543, -73.946514 40.749544, -73.946514 40.749545, -73.946514 40.749545, -73.946513 40.749546, -73.946513 40.749547, -73.946513 40.749548, -73.946512 40.749549, -73.946512 40.74955, -73.946511 40.749551, -73.946511 40.749552, -73.94651 40.749553, -73.946509 40.749554, -73.946509 40.749555, -73.946508 40.749556, -73.946478 40.749591, -73.946472 40.749598, -73.946436 40.749639, -73.946401 40.74968, -73.946372 40.749712, -73.946365 40.749721, -73.94634 40.749749, -73.946329 40.749762, -73.946294 40.749803, -73.946258 40.749844, -73.946223 40.749885, -73.946198 40.749914, -73.946186 40.749927, -73.946185 40.749929, -73.946147 40.749972, -73.94611 40.750016, -73.946098 40.750029, -73.946077 40.750054, -73.946053 40.750042, -73.946032 40.750032, -73.946008 40.75002, -73.945953 40.749993, -73.945897 40.749966, -73.945865 40.74995, -73.945842 40.749939, -73.945818 40.749927, -73.945787 40.749912, -73.945732 40.749885, -73.945677 40.749858, -73.945622 40.749831, -73.945566 40.749803))"^^<http://www.opengis.net/ont/geosparql#wktLiteral> .
<https://w3id.org/rtskg/new_york_city/instance/block_40567> <https://w3id.org/rtskg/ontology/objectproperty/block_intersects_station_area> <https://w3id.org/rtskg/new_york_city/instance/station_area_379> .
<https://w3id.org/rtskg/new_york_city/instance/block_40567> <https://w3id.org/rtskg/ontology/objectproperty/block_intersects_station_area> <https://w3id.org/rtskg/new_york_city/instance/station_area_380> .
<https://w3id.org/rtskg/new_york_city/instance/block_40567> <https://w3id.org/rtskg/ontology/objectproperty/block_intersects_station_area> <https://w3id.org/rtskg/new_york_city/instance/station_area_493> .
<https://w3id.org/rtskg/new_york_city/instance/block_40567> <https://w3id.org/rtskg/ontology/objectproperty/block_intersects_station_area> <https://w3id.org/rtskg/new_york_city/instance/station_area_641> .
<https://w3id.org/rtskg/new_york_city/instance/block_40567> <https://w3id.org/rtskg/ontology/objectproperty/block_intersects_station_area> <https://w3id.org/rtskg/new_york_city/instance/station_area_643> .
<https://w3id.org/rtskg/new_york_city/instance/block_40567> <https://w3id.org/rtskg/ontology/objectproperty/block_intersects_station_area> <https://w3id.org/rtskg/new_york_city/instance/station_area_83> .
<https://w3id.org/rtskg/new_york_city/instance/block_40567> <https://w3id.org/rtskg/ontology/objectproperty/block_intersects_station_area> <https://w3id.org/rtskg/new_york_city/instance/station_area_85> .
<https://w3id.org/rtskg/new_york_city/instance/block_40567> <https://w3id.org/rtskg/ontology/objectproperty/block_locates_at_borough> <https://w3id.org/rtskg/new_york_city/instance/borough_4> .
<https://w3id.org/rtskg/new_york_city/instance/block_40567> <https://w3id.org/rtskg/ontology/objectproperty/block_locates_at_functional_area> <https://w3id.org/rtskg/new_york_city/instance/functional_area_145> .
