<https://w3id.org/rtskg/new_york_city/instance/block_19275> <http://www.w3.org/1999/02/22-rdf-syntax-ns#type> <https://w3id.org/rtskg/ontology/class/block> .
<https://w3id.org/rtskg/new_york_city/instance/block_19275> <https://w3id.org/rtskg/ontology/dataproperty/geometry> "POLYGON ((-73.939283 40.705092, -73.939308 40.705141, -73.939325 40.705175, -73.939334 40.705192, -73.939334 40.705193, -73.939335 40.705194, -73.939335 40.705195, -73.939336 40.705196, -73.939336 40.705197, -73.939336 40.705197, -73.939336 40.705198, -73.939336 40.705199, -73.939337 40.7052, -73.939337 40.705201, -73.939337 40.705202, -73.939337 40.705203, -73.939337 40.705205, -73.939337 40.705206, -73.939337 40.705207, -73.939336 40.705208, -73.939336 40.705209, -73.939336 40.70521, -73.939336 40.705211, -73.939335 40.705212, -73.939335 40.705213, -73.939334 40.705214, -73.939334 40.705214, -73.939334 40.705214, -73.939334 40.705215, -73.939333 40.705216, -73.939333 40.705217, -73.939332 40.705218, -73.939331 40.705219, -73.93933 40.70522, -73.93933 40.705221, -73.939329 40.705222, -73.939328 40.705223, -73.939327 40.705224, -73.939326 40.705225, -73.939326 40.705225, -73.939325 40.705225, -73.939324 40.705226, -73.939323 40.705227, -73.939322 40.705228, -73.939321 40.705228, -73.93932 40.705229, -73.939318 40.70523, -73.939317 40.70523, -73.939316 40.705231, -73.939315 40.705231, -73.939313 40.705232, -73.939312 40.705232, -73.939311 40.705233, -73.93931 40.705233, -73.939308 40.705233, -73.939307 40.705234, -73.939305 40.705234, -73.939305 40.705234, -73.939295 40.705236, -73.939256 40.705244, -73.939242 40.705246, -73.939173 40.705259, -73.939104 40.705272, -73.939035 40.705285, -73.939 40.705292, -73.938966 40.705298, -73.938897 40.705312, -73.938829 40.705325, -73.93876 40.705338, -73.938691 40.705351, -73.938622 40.705364, -73.938553 40.705377, -73.938484 40.70539, -73.938415 40.705403, -73.938364 40.705413, -73.938347 40.705416, -73.938277 40.70543, -73.938207 40.705443, -73.938207 40.705443, -73.93817 40.70545, -73.938137 40.705456, -73.938109 40.705462, -73.938106 40.705453, -73.938099 40.70543, -73.938092 40.70541, -73.93809 40.705405, -73.938075 40.705358, -73.938058 40.705306, -73.938041 40.705254, -73.938023 40.705202, -73.938006 40.70515, -73.937989 40.705099, -73.937972 40.705047, -73.937969 40.705037, -73.937955 40.704995, -73.937938 40.704943, -73.937927 40.704909, -73.937921 40.704891, -73.937908 40.704851, -73.937988 40.704835, -73.938153 40.704804, -73.938159 40.704803, -73.93822 40.704791, -73.938287 40.704778, -73.938353 40.704765, -73.93842 40.704752, -73.938487 40.704739, -73.938553 40.704726, -73.93862 40.704713, -73.938687 40.7047, -73.938754 40.704687, -73.93882 40.704674, -73.938887 40.704661, -73.938942 40.704651, -73.938954 40.704648, -73.938994 40.704641, -73.938995 40.704641, -73.939004 40.704639, -73.939017 40.704636, -73.939018 40.704636, -73.939019 40.704636, -73.93902 40.704636, -73.939021 40.704635, -73.939022 40.704635, -73.939023 40.704635, -73.939024 40.704635, -73.939026 40.704635, -73.939027 40.704635, -73.939028 40.704635, -73.939029 40.704635, -73.93903 40.704635, -73.939031 40.704636, -73.939032 40.704636, -73.939033 40.704636, -73.939034 40.704636, -73.939035 40.704636, -73.939036 40.704637, -73.939037 40.704637, -73.939038 40.704637, -73.939039 40.704637, -73.93904 40.704638, -73.939041 40.704638, -73.939041 40.704639, -73.939042 40.704639, -73.939043 40.704639, -73.939044 40.70464, -73.939045 40.70464, -73.939046 40.704641, -73.939046 40.704641, -73.939047 40.704642, -73.939048 40.704643, -73.939049 40.704643, -73.939049 40.704644, -73.93905 40.704644, -73.939051 40.704645, -73.939051 40.704646, -73.939052 40.704646, -73.939052 40.704647, -73.939053 40.704648, -73.939053 40.704648, -73.939054 40.704649, -73.939054 40.70465, -73.939064 40.704669, -73.939074 40.704688, -73.93908 40.704699, -73.939088 40.704715, -73.939105 40.704748, -73.93911 40.704759, -73.93913 40.704798, -73.939156 40.704847, -73.939176 40.704886, -73.939181 40.704896, -73.939185 40.704903, -73.939207 40.704945, -73.939212 40.704955, -73.939232 40.704994, -73.93924 40.70501, -73.939257 40.705043, -73.939283 40.705092))"^^<http://www.opengis.net/ont/geosparql#wktLiteral> .
<https://w3id.org/rtskg/new_york_city/instance/block_19275> <https://w3id.org/rtskg/ontology/objectproperty/block_intersects_station_area> <https://w3id.org/rtskg/new_york_city/instance/station_area_427> .
<https://w3id.org/rtskg/new_york_city/instance/block_19275> <https://w3id.org/rtskg/ontology/objectproperty/block_intersects_station_area> <https://w3id.org/rtskg/new_york_city/instance/station_area_461> .
<https://w3id.org/rtskg/new_york_city/instance/block_19275> <https://w3id.org/rtskg/ontology/objectproperty/block_intersects_station_area> <https://w3id.org/rtskg/new_york_city/instance/station_area_549> .
<https://w3id.org/rtskg/new_york_city/instance/block_19275> <https://w3id.org/rtskg/ontology/objectproperty/block_intersects_station_area> <https://w3id.org/rtskg/new_york_city/instance/station_area_563> .
<https://w3id.org/rtskg/new_york_city/instance/block_19275> <https://w3id.org/rtskg/ontology/objectproperty/block_intersects_station_area> <https://w3id.org/rtskg/new_york_city/instance/station_area_564> .
<https://w3id.org/rtskg/new_york_city/instance/block_19275> <https://w3id.org/rtskg/ontology/objectproperty/block_intersects_station_area> <https://w3id.org/rtskg/new_york_city/instance/station_area_565> .
<https://w3id.org/rtskg/new_york_city/instance/block_19275> <https://w3id.org/rtskg/ontology/objectproperty/block_locates_at_borough> <https://w3id.org/rtskg/new_york_city/instance/borough_3> .
<https://w3id.org/rtskg/new_york_city/instance/block_19275> <https://w3id.org/rtskg/ontology/objectproperty/block_locates_at_functional_area> <https://w3id.org/rtskg/new_york_city/instance/functional_area_37> .
