<https://w3id.org/rtskg/new_york_city/instance/block_39163> <http://www.w3.org/1999/02/22-rdf-syntax-ns#type> <https://w3id.org/rtskg/ontology/class/block> .
<https://w3id.org/rtskg/new_york_city/instance/block_39163> <https://w3id.org/rtskg/ontology/dataproperty/geometry> "POLYGON ((-73.886894 40.87474, -73.886831 40.874725, -73.886821 40.874722, -73.886763 40.874708, -73.886761 40.874708, -73.886763 40.874703, -73.886764 40.874701, -73.886765 40.874699, -73.886766 40.874697, -73.886767 40.874695, -73.886767 40.874694, -73.88677 40.874693, -73.886774 40.874691, -73.886775 40.874691, -73.886776 40.874691, -73.886791 40.874693, -73.886812 40.874698, -73.886814 40.874698, -73.886819 40.874699, -73.886826 40.874701, -73.886831 40.874702, -73.886894 40.874717, -73.886957 40.874732, -73.88702 40.874747, -73.887031 40.87475, -73.887084 40.874763, -73.887147 40.874778, -73.887152 40.874779, -73.887209 40.874793, -73.887249 40.874802, -73.887272 40.874808, -73.887335 40.874823, -73.88734 40.874824, -73.887399 40.874838, -73.887431 40.874845, -73.887462 40.874853, -73.887496 40.874861, -73.887526 40.874868, -73.887527 40.874868, -73.887527 40.874869, -73.887528 40.874869, -73.887528 40.874869, -73.887529 40.874869, -73.887529 40.874869, -73.88753 40.874869, -73.88753 40.87487, -73.887531 40.87487, -73.887531 40.87487, -73.887532 40.87487, -73.887532 40.874871, -73.887532 40.874871, -73.887533 40.874871, -73.887533 40.874871, -73.887533 40.874872, -73.887534 40.874872, -73.887534 40.874872, -73.887534 40.874872, -73.887534 40.874873, -73.887535 40.874873, -73.887535 40.874873, -73.887535 40.874874, -73.887535 40.874874, -73.887536 40.874874, -73.887536 40.874875, -73.887536 40.874875, -73.887536 40.874876, -73.887536 40.874876, -73.887537 40.874876, -73.887537 40.874877, -73.887537 40.874877, -73.887537 40.874877, -73.887537 40.874878, -73.887537 40.874878, -73.887537 40.874879, -73.887537 40.874879, -73.887537 40.874879, -73.887537 40.87488, -73.887537 40.87488, -73.887537 40.874881, -73.887537 40.874881, -73.887537 40.874881, -73.887537 40.874882, -73.887537 40.874882, -73.887537 40.874883, -73.887536 40.874883, -73.887536 40.874883, -73.887536 40.874884, -73.887536 40.874884, -73.887536 40.874884, -73.887535 40.874885, -73.887535 40.874885, -73.887535 40.874886, -73.887534 40.874886, -73.887534 40.874886, -73.887534 40.874886, -73.887534 40.874887, -73.887533 40.874887, -73.887533 40.874887, -73.887532 40.874888, -73.887532 40.874888, -73.887532 40.874888, -73.887531 40.874888, -73.887531 40.874889, -73.88753 40.874889, -73.88753 40.874889, -73.88753 40.874889, -73.887529 40.87489, -73.887529 40.87489, -73.887528 40.87489, -73.887528 40.87489, -73.887527 40.87489, -73.887527 40.87489, -73.887526 40.87489, -73.887526 40.874891, -73.887525 40.874891, -73.887525 40.874891, -73.887524 40.874891, -73.887524 40.874891, -73.887523 40.874891, -73.887523 40.874891, -73.887522 40.874891, -73.887521 40.874891, -73.887521 40.874891, -73.88752 40.874891, -73.88752 40.874891, -73.887519 40.874891, -73.887519 40.874891, -73.887518 40.874891, -73.887518 40.87489, -73.887517 40.87489, -73.887462 40.874877, -73.887406 40.874864, -73.88735 40.87485, -73.887293 40.874837, -73.887237 40.874824, -73.887169 40.874807, -73.8871 40.87479, -73.887032 40.874774, -73.886963 40.874757, -73.886959 40.874756, -73.886894 40.87474))"^^<http://www.opengis.net/ont/geosparql#wktLiteral> .
<https://w3id.org/rtskg/new_york_city/instance/block_39163> <https://w3id.org/rtskg/ontology/objectproperty/block_intersects_station_area> <https://w3id.org/rtskg/new_york_city/instance/station_area_293> .
<https://w3id.org/rtskg/new_york_city/instance/block_39163> <https://w3id.org/rtskg/ontology/objectproperty/block_intersects_station_area> <https://w3id.org/rtskg/new_york_city/instance/station_area_294> .
<https://w3id.org/rtskg/new_york_city/instance/block_39163> <https://w3id.org/rtskg/ontology/objectproperty/block_intersects_station_area> <https://w3id.org/rtskg/new_york_city/instance/station_area_295> .
<https://w3id.org/rtskg/new_york_city/instance/block_39163> <https://w3id.org/rtskg/ontology/objectproperty/block_intersects_station_area> <https://w3id.org/rtskg/new_york_city/instance/station_area_296> .
<https://w3id.org/rtskg/new_york_city/instance/block_39163> <https://w3id.org/rtskg/ontology/objectproperty/block_intersects_station_area> <https://w3id.org/rtskg/new_york_city/instance/station_area_571> .
<https://w3id.org/rtskg/new_york_city/instance/block_39163> <https://w3id.org/rtskg/ontology/objectproperty/block_intersects_station_area> <https://w3id.org/rtskg/new_york_city/instance/station_area_603> .
<https://w3id.org/rtskg/new_york_city/instance/block_39163> <https://w3id.org/rtskg/ontology/objectproperty/block_locates_at_borough> <https://w3id.org/rtskg/new_york_city/instance/borough_2> .
<https://w3id.org/rtskg/new_york_city/instance/block_39163> <https://w3id.org/rtskg/ontology/objectproperty/block_locates_at_functional_area> <https://w3id.org/rtskg/new_york_city/instance/functional_area_18> .
