<https://w3id.org/rtskg/new_york_city/instance/block_40552> <http://www.w3.org/1999/02/22-rdf-syntax-ns#type> <https://w3id.org/rtskg/ontology/class/block> .
<https://w3id.org/rtskg/new_york_city/instance/block_40552> <https://w3id.org/rtskg/ontology/dataproperty/geometry> "POLYGON ((-73.945626 40.750556, -73.945624 40.750557, -73.945623 40.750557, -73.945621 40.750557, -73.94562 40.750557, -73.945618 40.750557, -73.945616 40.750557, -73.945615 40.750557, -73.945613 40.750557, -73.945612 40.750557, -73.94561 40.750556, -73.945608 40.750556, -73.945607 40.750556, -73.945605 40.750556, -73.945604 40.750555, -73.945602 40.750555, -73.945601 40.750554, -73.9456 40.750554, -73.945599 40.750554, -73.945598 40.750554, -73.945596 40.750553, -73.945595 40.750552, -73.945594 40.750552, -73.945592 40.750551, -73.945581 40.750546, -73.945572 40.750541, -73.945536 40.750523, -73.94548 40.750495, -73.945424 40.750467, -73.945368 40.750439, -73.945312 40.750411, -73.945256 40.750383, -73.945228 40.750369, -73.945199 40.750355, -73.945143 40.750327, -73.945087 40.750299, -73.945031 40.750271, -73.944975 40.750243, -73.944919 40.750214, -73.944863 40.750186, -73.944818 40.750164, -73.944817 40.750163, -73.944808 40.750159, -73.944807 40.750158, -73.944805 40.750158, -73.944804 40.750157, -73.944804 40.750157, -73.944803 40.750156, -73.944802 40.750155, -73.944801 40.750154, -73.9448 40.750154, -73.944799 40.750153, -73.944798 40.750152, -73.944797 40.750151, -73.944796 40.75015, -73.944795 40.750149, -73.944794 40.750148, -73.944794 40.750147, -73.944793 40.750146, -73.944792 40.750145, -73.944792 40.750144, -73.944791 40.750143, -73.944791 40.750142, -73.94479 40.750142, -73.94479 40.750141, -73.94479 40.750139, -73.944789 40.750138, -73.944789 40.750137, -73.944789 40.750136, -73.944788 40.750135, -73.944788 40.750134, -73.944788 40.750133, -73.944788 40.750131, -73.944788 40.75013, -73.944788 40.75013, -73.944788 40.750129, -73.944788 40.750128, -73.944789 40.750127, -73.944789 40.750126, -73.944789 40.750124, -73.944789 40.750123, -73.94479 40.750122, -73.94479 40.750121, -73.944791 40.75012, -73.944791 40.750119, -73.944792 40.750118, -73.944792 40.750117, -73.944793 40.750116, -73.944794 40.750115, -73.944794 40.750114, -73.944795 40.750114, -73.944795 40.750113, -73.944834 40.750067, -73.944873 40.750023, -73.944911 40.749978, -73.94495 40.749934, -73.944956 40.749927, -73.944988 40.749889, -73.945027 40.749844, -73.945066 40.7498, -73.945104 40.749755, -73.945119 40.749738, -73.945143 40.749711, -73.945159 40.749691, -73.945197 40.749711, -73.945335 40.74978, -73.945393 40.74981, -73.945628 40.749927, -73.94575 40.749987, -73.945824 40.750024, -73.945975 40.750098, -73.94602 40.75012, -73.945997 40.750146, -73.945997 40.750147, -73.945959 40.750191, -73.945921 40.750234, -73.945883 40.750278, -73.945846 40.750322, -73.945808 40.750366, -73.94577 40.75041, -73.945732 40.750454, -73.945694 40.750498, -73.945662 40.750535, -73.94566 40.750538, -73.945657 40.750541, -73.945656 40.750542, -73.945655 40.750543, -73.945654 40.750544, -73.945653 40.750545, -73.945652 40.750546, -73.945651 40.750546, -73.945651 40.750547, -73.94565 40.750547, -73.945649 40.750548, -73.945647 40.750549, -73.945646 40.75055, -73.945645 40.75055, -73.945644 40.750551, -73.945642 40.750552, -73.945641 40.750552, -73.945639 40.750553, -73.945638 40.750554, -73.945637 40.750554, -73.945635 40.750555, -73.945634 40.750555, -73.945632 40.750555, -73.945631 40.750556, -73.945629 40.750556, -73.945627 40.750556, -73.945626 40.750556))"^^<http://www.opengis.net/ont/geosparql#wktLiteral> .
<https://w3id.org/rtskg/new_york_city/instance/block_40552> <https://w3id.org/rtskg/ontology/objectproperty/block_intersects_station_area> <https://w3id.org/rtskg/new_york_city/instance/station_area_379> .
<https://w3id.org/rtskg/new_york_city/instance/block_40552> <https://w3id.org/rtskg/ontology/objectproperty/block_intersects_station_area> <https://w3id.org/rtskg/new_york_city/instance/station_area_380> .
<https://w3id.org/rtskg/new_york_city/instance/block_40552> <https://w3id.org/rtskg/ontology/objectproperty/block_intersects_station_area> <https://w3id.org/rtskg/new_york_city/instance/station_area_641> .
<https://w3id.org/rtskg/new_york_city/instance/block_40552> <https://w3id.org/rtskg/ontology/objectproperty/block_intersects_station_area> <https://w3id.org/rtskg/new_york_city/instance/station_area_643> .
<https://w3id.org/rtskg/new_york_city/instance/block_40552> <https://w3id.org/rtskg/ontology/objectproperty/block_intersects_station_area> <https://w3id.org/rtskg/new_york_city/instance/station_area_83> .
<https://w3id.org/rtskg/new_york_city/instance/block_40552> <https://w3id.org/rtskg/ontology/objectproperty/block_intersects_station_area> <https://w3id.org/rtskg/new_york_city/instance/station_area_85> .
<https://w3id.org/rtskg/new_york_city/instance/block_40552> <https://w3id.org/rtskg/ontology/objectproperty/block_locates_at_borough> <https://w3id.org/rtskg/new_york_city/instance/borough_4> .
<https://w3id.org/rtskg/new_york_city/instance/block_40552> <https://w3id.org/rtskg/ontology/objectproperty/block_locates_at_functional_area> <https://w3id.org/rtskg/new_york_city/instance/functional_area_145> .
