<https://w3id.org/rtskg/new_york_city/instance/block_13054> <http://www.w3.org/1999/02/22-rdf-syntax-ns#type> <https://w3id.org/rtskg/ontology/class/block> .
<https://w3id.org/rtskg/new_york_city/instance/block_13054> <https://w3id.org/rtskg/ontology/dataproperty/geometry> "POLYGON ((-73.923183 40.699198, -73.923182 40.699197, -73.923182 40.699196, -73.923181 40.699196, -73.923181 40.699195, -73.92318 40.699194, -73.923179 40.699192, -73.923179 40.699191, -73.923178 40.69919, -73.923178 40.699189, -73.923178 40.699188, -73.923177 40.699187, -73.923177 40.699186, -73.923177 40.699185, -73.923177 40.699183, -73.923177 40.699182, -73.923177 40.699181, -73.923177 40.69918, -73.923177 40.699179, -73.923177 40.699178, -73.923177 40.699176, -73.923177 40.699175, -73.923178 40.699174, -73.923178 40.699173, -73.923178 40.699172, -73.923179 40.699171, -73.923179 40.69917, -73.923179 40.69917, -73.92318 40.699169, -73.92318 40.699167, -73.923181 40.699166, -73.923182 40.699165, -73.923182 40.699164, -73.923183 40.699163, -73.923184 40.699162, -73.923185 40.699161, -73.923185 40.699161, -73.923186 40.69916, -73.923196 40.69915, -73.923218 40.699128, -73.923254 40.699092, -73.923289 40.699057, -73.923325 40.699021, -73.923346 40.699, -73.92336 40.698986, -73.923399 40.698946, -73.923438 40.698906, -73.923476 40.698866, -73.923514 40.698827, -73.923515 40.698827, -73.923536 40.698805, -73.923554 40.698787, -73.923584 40.698755, -73.923617 40.698722, -73.923648 40.698741, -73.92366 40.698748, -73.923628 40.698781, -73.923639 40.698787, -73.923647 40.698792, -73.923673 40.698807, -73.923693 40.698819, -73.923748 40.698851, -73.923802 40.698883, -73.923856 40.698915, -73.923911 40.698946, -73.923965 40.698978, -73.924019 40.69901, -73.924074 40.699042, -73.924128 40.699074, -73.924177 40.699103, -73.924182 40.699106, -73.924187 40.699108, -73.924203 40.699118, -73.924244 40.699073, -73.924251 40.699077, -73.924281 40.699093, -73.924237 40.699137, -73.924214 40.69916, -73.924204 40.699171, -73.924173 40.699203, -73.924131 40.699245, -73.92409 40.699287, -73.924081 40.699295, -73.924048 40.699329, -73.924007 40.699371, -73.923965 40.699413, -73.923923 40.699455, -73.923882 40.699498, -73.923869 40.699511, -73.923847 40.699533, -73.923843 40.699537, -73.92384 40.69954, -73.923839 40.699541, -73.923839 40.699541, -73.923838 40.699542, -73.923837 40.699543, -73.923836 40.699543, -73.923835 40.699544, -73.923834 40.699544, -73.923833 40.699545, -73.923833 40.699545, -73.923833 40.699546, -73.923832 40.699546, -73.923831 40.699547, -73.92383 40.699547, -73.923829 40.699547, -73.923828 40.699548, -73.923826 40.699548, -73.923825 40.699548, -73.923824 40.699549, -73.923823 40.699549, -73.923822 40.699549, -73.923821 40.69955, -73.92382 40.69955, -73.923819 40.69955, -73.923818 40.69955, -73.923816 40.69955, -73.923815 40.69955, -73.923814 40.69955, -73.923813 40.69955, -73.923812 40.69955, -73.923811 40.69955, -73.923809 40.69955, -73.923808 40.69955, -73.923807 40.69955, -73.923806 40.69955, -73.923805 40.699549, -73.923804 40.699549, -73.923804 40.699549, -73.923803 40.699549, -73.923802 40.699549, -73.9238 40.699548, -73.923799 40.699548, -73.923798 40.699548, -73.923797 40.699547, -73.923796 40.699547, -73.923795 40.699546, -73.923794 40.699546, -73.923793 40.699545, -73.923789 40.699543, -73.923775 40.699535, -73.923741 40.699516, -73.923687 40.699485, -73.923632 40.699455, -73.923578 40.699424, -73.923523 40.699393, -73.923469 40.699363, -73.923415 40.699332, -73.92336 40.699301, -73.923306 40.69927, -73.923251 40.69924, -73.92322 40.699222, -73.923195 40.699208, -73.923193 40.699207, -73.923192 40.699207, -73.923191 40.699206, -73.92319 40.699205, -73.923189 40.699204, -73.923189 40.699204, -73.923188 40.699203, -73.923187 40.699202, -73.923186 40.699202, -73.923185 40.699201, -73.923184 40.6992, -73.923183 40.699199, -73.923183 40.699198))"^^<http://www.opengis.net/ont/geosparql#wktLiteral> .
<https://w3id.org/rtskg/new_york_city/instance/block_13054> <https://w3id.org/rtskg/ontology/objectproperty/block_intersects_station_area> <https://w3id.org/rtskg/new_york_city/instance/station_area_349> .
<https://w3id.org/rtskg/new_york_city/instance/block_13054> <https://w3id.org/rtskg/ontology/objectproperty/block_intersects_station_area> <https://w3id.org/rtskg/new_york_city/instance/station_area_350> .
<https://w3id.org/rtskg/new_york_city/instance/block_13054> <https://w3id.org/rtskg/ontology/objectproperty/block_intersects_station_area> <https://w3id.org/rtskg/new_york_city/instance/station_area_389> .
<https://w3id.org/rtskg/new_york_city/instance/block_13054> <https://w3id.org/rtskg/ontology/objectproperty/block_intersects_station_area> <https://w3id.org/rtskg/new_york_city/instance/station_area_531> .
<https://w3id.org/rtskg/new_york_city/instance/block_13054> <https://w3id.org/rtskg/ontology/objectproperty/block_intersects_station_area> <https://w3id.org/rtskg/new_york_city/instance/station_area_532> .
<https://w3id.org/rtskg/new_york_city/instance/block_13054> <https://w3id.org/rtskg/ontology/objectproperty/block_intersects_station_area> <https://w3id.org/rtskg/new_york_city/instance/station_area_533> .
<https://w3id.org/rtskg/new_york_city/instance/block_13054> <https://w3id.org/rtskg/ontology/objectproperty/block_locates_at_borough> <https://w3id.org/rtskg/new_york_city/instance/borough_3> .
<https://w3id.org/rtskg/new_york_city/instance/block_13054> <https://w3id.org/rtskg/ontology/objectproperty/block_locates_at_functional_area> <https://w3id.org/rtskg/new_york_city/instance/functional_area_37> .
