<https://w3id.org/rtskg/new_york_city/instance/block_16880> <http://www.w3.org/1999/02/22-rdf-syntax-ns#type> <https://w3id.org/rtskg/ontology/class/block> .
<https://w3id.org/rtskg/new_york_city/instance/block_16880> <https://w3id.org/rtskg/ontology/dataproperty/geometry> "POLYGON ((-73.963063 40.680808, -73.963252 40.680849, -73.963331 40.680866, -73.963582 40.680916, -73.963795 40.680959, -73.964047 40.681012, -73.964246 40.681055, -73.964246 40.681055, -73.964246 40.681055, -73.96425 40.681056, -73.964252 40.681056, -73.964256 40.681057, -73.964278 40.681062, -73.964284 40.681063, -73.964293 40.681066, -73.964297 40.681068, -73.964298 40.68107, -73.964298 40.681071, -73.964297 40.681074, -73.964297 40.681076, -73.964296 40.681077, -73.964293 40.681079, -73.964292 40.68108, -73.964288 40.68108, -73.964284 40.68108, -73.964279 40.681079, -73.964278 40.681079, -73.964257 40.681074, -73.96425 40.681073, -73.964246 40.681072, -73.964242 40.681071, -73.964234 40.681069, -73.964154 40.681052, -73.963956 40.681013, -73.963592 40.680934, -73.963542 40.680932, -73.963406 40.680926, -73.963296 40.680903, -73.963255 40.680894, -73.963172 40.680878, -73.962966 40.680835, -73.962681 40.680775, -73.962388 40.680712, -73.962086 40.680648, -73.961772 40.680585, -73.961487 40.680524, -73.961474 40.680521, -73.961473 40.68052, -73.961472 40.68052, -73.961471 40.68052, -73.961471 40.680519, -73.96147 40.680519, -73.961469 40.680519, -73.961469 40.680518, -73.961468 40.680518, -73.961467 40.680517, -73.961467 40.680517, -73.961466 40.680516, -73.961466 40.680516, -73.961465 40.680516, -73.961465 40.680515, -73.961464 40.680514, -73.961464 40.680514, -73.961463 40.680513, -73.961463 40.680512, -73.961462 40.680512, -73.961462 40.680511, -73.961461 40.680511, -73.961461 40.68051, -73.961461 40.680509, -73.96146 40.680508, -73.96146 40.680508, -73.96146 40.680507, -73.961459 40.680506, -73.961459 40.680506, -73.961459 40.680505, -73.961459 40.680504, -73.961459 40.680503, -73.961459 40.680503, -73.961459 40.680502, -73.961459 40.680501, -73.961459 40.6805, -73.961459 40.6805, -73.961459 40.680499, -73.961459 40.680499, -73.961459 40.680498, -73.96146 40.680498, -73.96146 40.680497, -73.96146 40.680496, -73.96146 40.680495, -73.961461 40.680495, -73.961461 40.680494, -73.961461 40.680493, -73.961462 40.680493, -73.961462 40.680492, -73.961462 40.680492, -73.961463 40.680491, -73.961463 40.680491, -73.961464 40.68049, -73.961464 40.680489, -73.961465 40.680489, -73.961465 40.680488, -73.961466 40.680488, -73.961467 40.680487, -73.961467 40.680487, -73.961468 40.680486, -73.961469 40.680486, -73.96147 40.680485, -73.96147 40.680485, -73.961471 40.680484, -73.961472 40.680484, -73.961473 40.680484, -73.961474 40.680483, -73.961474 40.680483, -73.961475 40.680483, -73.961476 40.680482, -73.961477 40.680482, -73.961478 40.680482, -73.961479 40.680482, -73.96148 40.680481, -73.961481 40.680481, -73.961481 40.680481, -73.961482 40.680481, -73.961483 40.680481, -73.961484 40.680481, -73.961485 40.680481, -73.961486 40.680481, -73.961487 40.680481, -73.961497 40.680483, -73.9615 40.680483, -73.961624 40.680506, -73.961919 40.68057, -73.962148 40.680616, -73.962362 40.680659, -73.962624 40.680715, -73.962846 40.680762, -73.963063 40.680808))"^^<http://www.opengis.net/ont/geosparql#wktLiteral> .
<https://w3id.org/rtskg/new_york_city/instance/block_16880> <https://w3id.org/rtskg/ontology/objectproperty/block_intersects_station_area> <https://w3id.org/rtskg/new_york_city/instance/station_area_373> .
<https://w3id.org/rtskg/new_york_city/instance/block_16880> <https://w3id.org/rtskg/ontology/objectproperty/block_intersects_station_area> <https://w3id.org/rtskg/new_york_city/instance/station_area_374> .
<https://w3id.org/rtskg/new_york_city/instance/block_16880> <https://w3id.org/rtskg/ontology/objectproperty/block_intersects_station_area> <https://w3id.org/rtskg/new_york_city/instance/station_area_441> .
<https://w3id.org/rtskg/new_york_city/instance/block_16880> <https://w3id.org/rtskg/ontology/objectproperty/block_intersects_station_area> <https://w3id.org/rtskg/new_york_city/instance/station_area_605> .
<https://w3id.org/rtskg/new_york_city/instance/block_16880> <https://w3id.org/rtskg/ontology/objectproperty/block_intersects_station_area> <https://w3id.org/rtskg/new_york_city/instance/station_area_615> .
<https://w3id.org/rtskg/new_york_city/instance/block_16880> <https://w3id.org/rtskg/ontology/objectproperty/block_locates_at_borough> <https://w3id.org/rtskg/new_york_city/instance/borough_3> .
<https://w3id.org/rtskg/new_york_city/instance/block_16880> <https://w3id.org/rtskg/ontology/objectproperty/block_locates_at_functional_area> <https://w3id.org/rtskg/new_york_city/instance/functional_area_189> .
<https://w3id.org/rtskg/new_york_city/instance/block_16880> <https://w3id.org/rtskg/ontology/objectproperty/block_locates_at_functional_area> <https://w3id.org/rtskg/new_york_city/instance/functional_area_49> .
