<https://w3id.org/rtskg/new_york_city/instance/block_17769> <http://www.w3.org/1999/02/22-rdf-syntax-ns#type> <https://w3id.org/rtskg/ontology/class/block> .
<https://w3id.org/rtskg/new_york_city/instance/block_17769> <https://w3id.org/rtskg/ontology/dataproperty/geometry> "POLYGON ((-74.002435 40.707961, -74.002378 40.70799, -74.002321 40.708018, -74.002264 40.708046, -74.002216 40.70807, -74.002207 40.708075, -74.00215 40.708103, -74.002094 40.708132, -74.002092 40.708133, -74.002083 40.708138, -74.00208 40.708138, -74.002063 40.708133, -74.002057 40.708132, -74.002049 40.708127, -74.002039 40.708121, -74.001766 40.707787, -74.001765 40.707785, -74.001764 40.707783, -74.001763 40.707779, -74.001762 40.707775, -74.001762 40.707771, -74.001762 40.707771, -74.001762 40.70777, -74.001762 40.70777, -74.001763 40.707766, -74.001765 40.707762, -74.001766 40.70776, -74.001773 40.707755, -74.001773 40.707755, -74.001786 40.707748, -74.001835 40.707722, -74.00189 40.707694, -74.001945 40.707666, -74.001999 40.707638, -74.002053 40.70761, -74.002107 40.707582, -74.002161 40.707554, -74.002215 40.707526, -74.00227 40.707498, -74.002324 40.70747, -74.002376 40.707444, -74.002429 40.707418, -74.002481 40.707391, -74.002534 40.707365, -74.002587 40.707338, -74.002639 40.707312, -74.002687 40.707288, -74.002688 40.707288, -74.002688 40.707287, -74.00269 40.707287, -74.002691 40.707286, -74.002692 40.707286, -74.002694 40.707285, -74.002695 40.707285, -74.002697 40.707285, -74.002698 40.707284, -74.002699 40.707284, -74.002701 40.707284, -74.002702 40.707283, -74.002704 40.707283, -74.002705 40.707283, -74.002707 40.707283, -74.002708 40.707283, -74.00271 40.707283, -74.00271 40.707283, -74.002711 40.707283, -74.002713 40.707283, -74.002714 40.707283, -74.002716 40.707283, -74.002717 40.707283, -74.002719 40.707283, -74.00272 40.707284, -74.002722 40.707284, -74.002723 40.707284, -74.002724 40.707284, -74.002726 40.707285, -74.002727 40.707285, -74.002729 40.707286, -74.00273 40.707286, -74.00273 40.707286, -74.002731 40.707287, -74.002733 40.707287, -74.002734 40.707288, -74.002735 40.707289, -74.002736 40.707289, -74.002737 40.70729, -74.002739 40.707291, -74.00274 40.707291, -74.002741 40.707292, -74.002742 40.707293, -74.002743 40.707294, -74.002744 40.707295, -74.002744 40.707295, -74.002745 40.707296, -74.002746 40.707297, -74.002755 40.707307, -74.002757 40.707308, -74.00279 40.707349, -74.002823 40.70739, -74.002856 40.707431, -74.002889 40.707472, -74.002923 40.707513, -74.002956 40.707555, -74.002989 40.707596, -74.00302 40.707634, -74.003021 40.707635, -74.003022 40.707636, -74.003022 40.707637, -74.003023 40.707638, -74.003023 40.707639, -74.003024 40.70764, -74.003024 40.707641, -74.003024 40.707641, -74.003025 40.707642, -74.003025 40.707643, -74.003025 40.707644, -74.003026 40.707646, -74.003026 40.707647, -74.003026 40.707648, -74.003026 40.707649, -74.003026 40.70765, -74.003026 40.707651, -74.003026 40.707652, -74.003026 40.707653, -74.003026 40.707654, -74.003026 40.707655, -74.003026 40.707656, -74.003026 40.707656, -74.003025 40.707657, -74.003025 40.707658, -74.003025 40.70766, -74.003024 40.707661, -74.003024 40.707662, -74.003023 40.707663, -74.003023 40.707664, -74.003022 40.707665, -74.003021 40.707666, -74.003021 40.707666, -74.003021 40.707667, -74.00302 40.707667, -74.003019 40.707668, -74.003018 40.707669, -74.003018 40.70767, -74.003017 40.707671, -74.003016 40.707672, -74.003015 40.707673, -74.003014 40.707673, -74.003013 40.707674, -74.003012 40.707675, -74.003011 40.707676, -74.00301 40.707676, -74.003008 40.707677, -74.003007 40.707677, -74.003007 40.707678, -74.003006 40.707678, -74.002949 40.707706, -74.002892 40.707735, -74.002835 40.707763, -74.002778 40.707791, -74.002721 40.70782, -74.002664 40.707848, -74.002607 40.707876, -74.00255 40.707905, -74.002493 40.707933, -74.002435 40.707961))"^^<http://www.opengis.net/ont/geosparql#wktLiteral> .
<https://w3id.org/rtskg/new_york_city/instance/block_17769> <https://w3id.org/rtskg/ontology/objectproperty/block_intersects_station_area> <https://w3id.org/rtskg/new_york_city/instance/station_area_317> .
<https://w3id.org/rtskg/new_york_city/instance/block_17769> <https://w3id.org/rtskg/ontology/objectproperty/block_intersects_station_area> <https://w3id.org/rtskg/new_york_city/instance/station_area_329> .
<https://w3id.org/rtskg/new_york_city/instance/block_17769> <https://w3id.org/rtskg/ontology/objectproperty/block_intersects_station_area> <https://w3id.org/rtskg/new_york_city/instance/station_area_355> .
<https://w3id.org/rtskg/new_york_city/instance/block_17769> <https://w3id.org/rtskg/ontology/objectproperty/block_intersects_station_area> <https://w3id.org/rtskg/new_york_city/instance/station_area_363> .
<https://w3id.org/rtskg/new_york_city/instance/block_17769> <https://w3id.org/rtskg/ontology/objectproperty/block_intersects_station_area> <https://w3id.org/rtskg/new_york_city/instance/station_area_449> .
<https://w3id.org/rtskg/new_york_city/instance/block_17769> <https://w3id.org/rtskg/ontology/objectproperty/block_intersects_station_area> <https://w3id.org/rtskg/new_york_city/instance/station_area_450> .
<https://w3id.org/rtskg/new_york_city/instance/block_17769> <https://w3id.org/rtskg/ontology/objectproperty/block_intersects_station_area> <https://w3id.org/rtskg/new_york_city/instance/station_area_719> .
<https://w3id.org/rtskg/new_york_city/instance/block_17769> <https://w3id.org/rtskg/ontology/objectproperty/block_locates_at_borough> <https://w3id.org/rtskg/new_york_city/instance/borough_1> .
<https://w3id.org/rtskg/new_york_city/instance/block_17769> <https://w3id.org/rtskg/ontology/objectproperty/block_locates_at_functional_area> <https://w3id.org/rtskg/new_york_city/instance/functional_area_209> .
