<https://w3id.org/rtskg/new_york_city/instance/block_19601> <http://www.w3.org/1999/02/22-rdf-syntax-ns#type> <https://w3id.org/rtskg/ontology/class/block> .
<https://w3id.org/rtskg/new_york_city/instance/block_19601> <https://w3id.org/rtskg/ontology/dataproperty/geometry> "POLYGON ((-73.989645 40.700776, -73.989646 40.700777, -73.989647 40.700777, -73.989648 40.700777, -73.989649 40.700778, -73.98965 40.700778, -73.989651 40.700779, -73.989652 40.700779, -73.989653 40.70078, -73.989654 40.70078, -73.989655 40.700781, -73.989656 40.700782, -73.989657 40.700782, -73.989658 40.700783, -73.989658 40.700784, -73.989659 40.700784, -73.98966 40.700785, -73.98966 40.700786, -73.989661 40.700786, -73.989662 40.700787, -73.989662 40.700788, -73.989663 40.700789, -73.989663 40.70079, -73.989664 40.70079, -73.989664 40.700791, -73.989664 40.700791, -73.989664 40.700791, -73.989665 40.700792, -73.989665 40.700793, -73.989665 40.700794, -73.989666 40.700795, -73.989666 40.700795, -73.989666 40.700796, -73.989666 40.700797, -73.989666 40.700798, -73.989667 40.700799, -73.989667 40.7008, -73.989667 40.700801, -73.989667 40.700802, -73.989666 40.700806, -73.989666 40.700806, -73.989665 40.70083, -73.989664 40.700854, -73.989662 40.70088, -73.989661 40.700906, -73.989658 40.700954, -73.989658 40.700958, -73.989655 40.70101, -73.989653 40.701035, -73.989652 40.701062, -73.989649 40.701115, -73.989648 40.701123, -73.989646 40.701162, -73.989643 40.701207, -73.989643 40.70121, -73.98964 40.701258, -73.989637 40.701306, -73.989637 40.701308, -73.989634 40.701354, -73.989631 40.701404, -73.989631 40.701407, -73.989631 40.701412, -73.989583 40.701405, -73.989551 40.7014, -73.989527 40.701396, -73.989526 40.701396, -73.9895 40.701391, -73.989498 40.701391, -73.989473 40.701385, -73.98947 40.701384, -73.989449 40.701379, -73.989442 40.701378, -73.989427 40.701374, -73.989414 40.70137, -73.989406 40.701368, -73.989387 40.701362, -73.989384 40.701361, -73.98936 40.701353, -73.989359 40.701352, -73.989335 40.701344, -73.989334 40.701343, -73.989315 40.701336, -73.989308 40.701333, -73.989296 40.701328, -73.989285 40.701323, -73.989282 40.701322, -73.989277 40.70132, -73.989262 40.701313, -73.989257 40.70131, -73.989256 40.70131, -73.989236 40.7013, -73.989233 40.701298, -73.989218 40.70129, -73.989209 40.701285, -73.989185 40.701272, -73.989162 40.701258, -73.989161 40.701257, -73.989142 40.701244, -73.989133 40.701238, -73.989103 40.701215, -73.989084 40.7012, -73.989067 40.701184, -73.989049 40.701168, -73.989033 40.701152, -73.989017 40.701135, -73.989002 40.701118, -73.988984 40.701097, -73.988968 40.701075, -73.988952 40.701053, -73.988938 40.701031, -73.988925 40.701008, -73.988912 40.700985, -73.988901 40.700962, -73.988891 40.700938, -73.988882 40.700914, -73.988873 40.70089, -73.988866 40.700866, -73.988861 40.700841, -73.988858 40.700828, -73.988856 40.700817, -73.988852 40.700792, -73.988852 40.700792, -73.988852 40.700791, -73.988852 40.70079, -73.988852 40.700789, -73.988852 40.700789, -73.988852 40.700789, -73.988852 40.700789, -73.988852 40.700788, -73.988852 40.700787, -73.988852 40.700787, -73.988852 40.700787, -73.988851 40.700786, -73.988851 40.700779, -73.988851 40.700778, -73.988851 40.700777, -73.98885 40.700763, -73.988849 40.700749, -73.988858 40.700749, -73.9889 40.700751, -73.98896 40.700753, -73.989019 40.700755, -73.989079 40.700757, -73.989148 40.700759, -73.989217 40.700761, -73.989286 40.700763, -73.989356 40.700766, -73.989402 40.700767, -73.989425 40.700768, -73.989494 40.70077, -73.989563 40.700772, -73.989583 40.700773, -73.989625 40.700774, -73.989634 40.700774, -73.989635 40.700774, -73.989636 40.700775, -73.989637 40.700775, -73.989638 40.700775, -73.989639 40.700775, -73.989641 40.700775, -73.989641 40.700775, -73.989642 40.700775, -73.989643 40.700776, -73.989644 40.700776, -73.989645 40.700776))"^^<http://www.opengis.net/ont/geosparql#wktLiteral> .
<https://w3id.org/rtskg/new_york_city/instance/block_19601> <https://w3id.org/rtskg/ontology/objectproperty/block_intersects_station_area> <https://w3id.org/rtskg/new_york_city/instance/station_area_305> .
<https://w3id.org/rtskg/new_york_city/instance/block_19601> <https://w3id.org/rtskg/ontology/objectproperty/block_intersects_station_area> <https://w3id.org/rtskg/new_york_city/instance/station_area_365> .
<https://w3id.org/rtskg/new_york_city/instance/block_19601> <https://w3id.org/rtskg/ontology/objectproperty/block_intersects_station_area> <https://w3id.org/rtskg/new_york_city/instance/station_area_481> .
<https://w3id.org/rtskg/new_york_city/instance/block_19601> <https://w3id.org/rtskg/ontology/objectproperty/block_intersects_station_area> <https://w3id.org/rtskg/new_york_city/instance/station_area_482> .
<https://w3id.org/rtskg/new_york_city/instance/block_19601> <https://w3id.org/rtskg/ontology/objectproperty/block_intersects_station_area> <https://w3id.org/rtskg/new_york_city/instance/station_area_737> .
<https://w3id.org/rtskg/new_york_city/instance/block_19601> <https://w3id.org/rtskg/ontology/objectproperty/block_intersects_station_area> <https://w3id.org/rtskg/new_york_city/instance/station_area_738> .
<https://w3id.org/rtskg/new_york_city/instance/block_19601> <https://w3id.org/rtskg/ontology/objectproperty/block_locates_at_borough> <https://w3id.org/rtskg/new_york_city/instance/borough_3> .
<https://w3id.org/rtskg/new_york_city/instance/block_19601> <https://w3id.org/rtskg/ontology/objectproperty/block_locates_at_functional_area> <https://w3id.org/rtskg/new_york_city/instance/functional_area_66> .
