<https://w3id.org/rtskg/new_york_city/instance/block_38016> <http://www.w3.org/1999/02/22-rdf-syntax-ns#type> <https://w3id.org/rtskg/ontology/class/block> .
<https://w3id.org/rtskg/new_york_city/instance/block_38016> <https://w3id.org/rtskg/ontology/dataproperty/geometry> "POLYGON ((-73.910571 40.845224, -73.910574 40.845224, -73.910578 40.845225, -73.910582 40.845225, -73.91059 40.845225, -73.910642 40.845227, -73.910643 40.845227, -73.91064 40.845231, -73.91062 40.84525, -73.910568 40.845298, -73.910517 40.845345, -73.910505 40.845356, -73.910505 40.845356, -73.910505 40.845374, -73.910499 40.845387, -73.910496 40.84539, -73.910489 40.845396, -73.910483 40.845401, -73.910482 40.845402, -73.910474 40.845406, -73.910466 40.84541, -73.910454 40.845413, -73.910449 40.845414, -73.910436 40.845416, -73.910422 40.845426, -73.910408 40.845438, -73.910367 40.84547, -73.910324 40.845504, -73.910276 40.845539, -73.910228 40.845573, -73.910179 40.845607, -73.910131 40.845641, -73.910082 40.845676, -73.910034 40.84571, -73.909986 40.845744, -73.909937 40.845779, -73.909889 40.845813, -73.909887 40.845814, -73.909845 40.845844, -73.909841 40.845847, -73.909793 40.845881, -73.909745 40.845914, -73.909697 40.845948, -73.909665 40.84597, -73.909648 40.845981, -73.9096 40.846015, -73.909552 40.846048, -73.909504 40.846082, -73.909456 40.846115, -73.909425 40.846137, -73.909409 40.846149, -73.909382 40.846168, -73.909375 40.846158, -73.909362 40.846132, -73.909362 40.846132, -73.909361 40.846131, -73.909361 40.846131, -73.909361 40.846131, -73.90936 40.84613, -73.90936 40.84613, -73.90936 40.846129, -73.90936 40.846129, -73.90936 40.846128, -73.909359 40.846128, -73.909359 40.846127, -73.909359 40.846127, -73.909359 40.846126, -73.909358 40.846126, -73.909358 40.846126, -73.909358 40.846125, -73.909358 40.846125, -73.909357 40.846124, -73.909357 40.846124, -73.909357 40.846123, -73.909357 40.846123, -73.909356 40.846122, -73.909355 40.846119, -73.90935 40.846111, -73.90935 40.846111, -73.909347 40.846101, -73.909346 40.846087, -73.909348 40.846051, -73.909351 40.84597, -73.909352 40.845963, -73.909357 40.84591, -73.909357 40.845907, -73.909361 40.845866, -73.909362 40.845858, -73.909367 40.845805, -73.909372 40.845753, -73.909377 40.845709, -73.909377 40.8457, -73.909383 40.845648, -73.909388 40.845595, -73.909393 40.845543, -73.909393 40.845541, -73.9094 40.84551, -73.909415 40.845439, -73.909422 40.845409, -73.909427 40.845384, -73.909428 40.845381, -73.909434 40.84535, -73.90944 40.845326, -73.90944 40.84532, -73.909441 40.845286, -73.909442 40.845247, -73.909443 40.845228, -73.909444 40.845207, -73.909445 40.845195, -73.909445 40.845189, -73.909446 40.845188, -73.909446 40.845187, -73.909446 40.845186, -73.909446 40.845185, -73.909446 40.845184, -73.909446 40.845183, -73.909446 40.845182, -73.909446 40.845181, -73.909446 40.845181, -73.909446 40.845179, -73.909447 40.845178, -73.909447 40.845172, -73.909461 40.845173, -73.909491 40.845174, -73.909491 40.845174, -73.909491 40.845181, -73.909491 40.845182, -73.909491 40.845183, -73.909491 40.845184, -73.90949 40.845185, -73.90949 40.845186, -73.90949 40.845187, -73.90949 40.845188, -73.90949 40.845188, -73.910067 40.845213, -73.910457 40.845229, -73.910458 40.84522, -73.910464 40.84522, -73.910465 40.84522, -73.910465 40.84522, -73.910466 40.84522, -73.910466 40.84522, -73.910467 40.84522, -73.910467 40.84522, -73.910468 40.84522, -73.910468 40.84522, -73.910469 40.84522, -73.910469 40.84522, -73.910469 40.84522, -73.910469 40.84522, -73.91047 40.84522, -73.910471 40.84522, -73.910471 40.84522, -73.910472 40.845221, -73.910472 40.845221, -73.910473 40.845221, -73.910473 40.845221, -73.910474 40.845221, -73.910477 40.845221, -73.910486 40.845221, -73.910492 40.845221, -73.910496 40.845221, -73.910501 40.845222, -73.910505 40.845222, -73.910511 40.845222, -73.910519 40.845222, -73.910528 40.845223, -73.910535 40.845223, -73.910544 40.845223, -73.91055 40.845223, -73.91056 40.845224, -73.910567 40.845224, -73.910571 40.845224))"^^<http://www.opengis.net/ont/geosparql#wktLiteral> .
<https://w3id.org/rtskg/new_york_city/instance/block_38016> <https://w3id.org/rtskg/ontology/objectproperty/block_intersects_station_area> <https://w3id.org/rtskg/new_york_city/instance/station_area_53> .
<https://w3id.org/rtskg/new_york_city/instance/block_38016> <https://w3id.org/rtskg/ontology/objectproperty/block_intersects_station_area> <https://w3id.org/rtskg/new_york_city/instance/station_area_573> .
<https://w3id.org/rtskg/new_york_city/instance/block_38016> <https://w3id.org/rtskg/ontology/objectproperty/block_intersects_station_area> <https://w3id.org/rtskg/new_york_city/instance/station_area_57> .
<https://w3id.org/rtskg/new_york_city/instance/block_38016> <https://w3id.org/rtskg/ontology/objectproperty/block_intersects_station_area> <https://w3id.org/rtskg/new_york_city/instance/station_area_58> .
<https://w3id.org/rtskg/new_york_city/instance/block_38016> <https://w3id.org/rtskg/ontology/objectproperty/block_intersects_station_area> <https://w3id.org/rtskg/new_york_city/instance/station_area_61> .
<https://w3id.org/rtskg/new_york_city/instance/block_38016> <https://w3id.org/rtskg/ontology/objectproperty/block_intersects_station_area> <https://w3id.org/rtskg/new_york_city/instance/station_area_699> .
<https://w3id.org/rtskg/new_york_city/instance/block_38016> <https://w3id.org/rtskg/ontology/objectproperty/block_locates_at_borough> <https://w3id.org/rtskg/new_york_city/instance/borough_2> .
<https://w3id.org/rtskg/new_york_city/instance/block_38016> <https://w3id.org/rtskg/ontology/objectproperty/block_locates_at_functional_area> <https://w3id.org/rtskg/new_york_city/instance/functional_area_169> .
