<https://w3id.org/rtskg/new_york_city/instance/block_44151> <http://www.w3.org/1999/02/22-rdf-syntax-ns#type> <https://w3id.org/rtskg/ontology/class/block> .
<https://w3id.org/rtskg/new_york_city/instance/block_44151> <https://w3id.org/rtskg/ontology/dataproperty/geometry> "POLYGON ((-73.938428 40.829582, -73.938281 40.82952, -73.937703 40.829275, -73.937567 40.829217, -73.937422 40.829156, -73.937422 40.829156, -73.937422 40.829156, -73.937423 40.829155, -73.937423 40.829155, -73.937424 40.829154, -73.937424 40.829154, -73.937425 40.829154, -73.937425 40.829153, -73.937432 40.829142, -73.937435 40.829138, -73.937436 40.829137, -73.937437 40.829135, -73.937446 40.829122, -73.937452 40.829113, -73.937486 40.829068, -73.937519 40.829022, -73.937553 40.828977, -73.937587 40.828931, -73.937621 40.828886, -73.937656 40.828838, -73.937691 40.82879, -73.937726 40.828743, -73.93773 40.828737, -73.937761 40.828695, -73.937795 40.828647, -73.937812 40.828625, -73.937829 40.828602, -73.93783 40.8286, -73.937831 40.828599, -73.937832 40.828598, -73.937834 40.828597, -73.937835 40.828596, -73.937836 40.828595, -73.937837 40.828594, -73.937838 40.828593, -73.93784 40.828593, -73.937841 40.828592, -73.937842 40.828591, -73.937843 40.828591, -73.937844 40.828591, -73.937845 40.82859, -73.937846 40.828589, -73.937848 40.828589, -73.937849 40.828588, -73.937851 40.828588, -73.937852 40.828587, -73.937854 40.828587, -73.937856 40.828587, -73.937857 40.828586, -73.937859 40.828586, -73.93786 40.828586, -73.937862 40.828586, -73.937863 40.828586, -73.937865 40.828586, -73.937867 40.828586, -73.937868 40.828586, -73.93787 40.828586, -73.937872 40.828586, -73.937873 40.828586, -73.937875 40.828586, -73.937876 40.828586, -73.937877 40.828586, -73.937878 40.828586, -73.93788 40.828587, -73.937881 40.828587, -73.937883 40.828587, -73.937884 40.828588, -73.937886 40.828588, -73.937887 40.828589, -73.937889 40.828589, -73.937896 40.828593, -73.937922 40.828604, -73.937951 40.828616, -73.938 40.828637, -73.938012 40.828643, -73.938074 40.828669, -73.938136 40.828696, -73.938198 40.828722, -73.938256 40.828747, -73.938314 40.828771, -73.938372 40.828795, -73.938429 40.828819, -73.938436 40.828822, -73.938487 40.828843, -73.938545 40.828867, -73.938607 40.828894, -73.93867 40.82892, -73.938732 40.828946, -73.938795 40.828972, -73.938837 40.82899, -73.938851 40.828996, -73.938857 40.828998, -73.938858 40.828999, -73.938859 40.829, -73.93886 40.829001, -73.938861 40.829002, -73.938862 40.829003, -73.938863 40.829004, -73.938864 40.829005, -73.938864 40.829005, -73.938865 40.829006, -73.938865 40.829007, -73.938866 40.829008, -73.938867 40.829009, -73.938867 40.82901, -73.938868 40.829011, -73.938868 40.829012, -73.938869 40.829013, -73.938869 40.829014, -73.938869 40.829015, -73.93887 40.829016, -73.93887 40.829017, -73.93887 40.829018, -73.93887 40.829018, -73.93887 40.829019, -73.93887 40.829021, -73.93887 40.829022, -73.93887 40.829023, -73.93887 40.829024, -73.93887 40.829025, -73.93887 40.829026, -73.93887 40.829027, -73.93887 40.829028, -73.938869 40.82903, -73.938869 40.82903, -73.938869 40.829031, -73.938868 40.829032, -73.938868 40.829033, -73.938867 40.829034, -73.938867 40.829035, -73.938863 40.829044, -73.938845 40.829086, -73.938824 40.829137, -73.938802 40.829188, -73.938797 40.829201, -73.938781 40.829239, -73.938759 40.82929, -73.938738 40.829341, -73.938716 40.829392, -73.938694 40.829443, -73.938673 40.829494, -73.938651 40.829545, -73.938633 40.829587, -73.938614 40.82963, -73.938613 40.829631, -73.938613 40.829632, -73.938612 40.829632, -73.938611 40.829633, -73.93861 40.829635, -73.938608 40.829636, -73.938607 40.829637, -73.938606 40.829637, -73.938605 40.829638, -73.938604 40.829639, -73.938602 40.82964, -73.938601 40.829641, -73.938599 40.829642, -73.938597 40.829643, -73.938596 40.829644, -73.938594 40.829645, -73.938592 40.829646, -73.93859 40.829647, -73.938588 40.829647, -73.938586 40.829648, -73.938586 40.829648, -73.938572 40.829642, -73.938548 40.829632, -73.938428 40.829582))"^^<http://www.opengis.net/ont/geosparql#wktLiteral> .
<https://w3id.org/rtskg/new_york_city/instance/block_44151> <https://w3id.org/rtskg/ontology/objectproperty/block_intersects_station_area> <https://w3id.org/rtskg/new_york_city/instance/station_area_33> .
<https://w3id.org/rtskg/new_york_city/instance/block_44151> <https://w3id.org/rtskg/ontology/objectproperty/block_intersects_station_area> <https://w3id.org/rtskg/new_york_city/instance/station_area_39> .
<https://w3id.org/rtskg/new_york_city/instance/block_44151> <https://w3id.org/rtskg/ontology/objectproperty/block_intersects_station_area> <https://w3id.org/rtskg/new_york_city/instance/station_area_40> .
<https://w3id.org/rtskg/new_york_city/instance/block_44151> <https://w3id.org/rtskg/ontology/objectproperty/block_intersects_station_area> <https://w3id.org/rtskg/new_york_city/instance/station_area_41> .
<https://w3id.org/rtskg/new_york_city/instance/block_44151> <https://w3id.org/rtskg/ontology/objectproperty/block_intersects_station_area> <https://w3id.org/rtskg/new_york_city/instance/station_area_45> .
<https://w3id.org/rtskg/new_york_city/instance/block_44151> <https://w3id.org/rtskg/ontology/objectproperty/block_intersects_station_area> <https://w3id.org/rtskg/new_york_city/instance/station_area_477> .
<https://w3id.org/rtskg/new_york_city/instance/block_44151> <https://w3id.org/rtskg/ontology/objectproperty/block_locates_at_borough> <https://w3id.org/rtskg/new_york_city/instance/borough_1> .
<https://w3id.org/rtskg/new_york_city/instance/block_44151> <https://w3id.org/rtskg/ontology/objectproperty/block_locates_at_functional_area> <https://w3id.org/rtskg/new_york_city/instance/functional_area_42> .
