<https://w3id.org/rtskg/new_york_city/instance/block_16623> <http://www.w3.org/1999/02/22-rdf-syntax-ns#type> <https://w3id.org/rtskg/ontology/class/block> .
<https://w3id.org/rtskg/new_york_city/instance/block_16623> <https://w3id.org/rtskg/ontology/dataproperty/geometry> "POLYGON ((-73.945218 40.667533, -73.945223 40.667481, -73.945228 40.667429, -73.945233 40.667377, -73.945235 40.66735, -73.945236 40.667344, -73.945238 40.667325, -73.945241 40.667293, -73.945263 40.667295, -73.945537 40.667309, -73.945921 40.667329, -73.945939 40.66733, -73.946348 40.667352, -73.946406 40.667355, -73.946782 40.667374, -73.947042 40.667388, -73.947096 40.667391, -73.947132 40.667393, -73.94715 40.667394, -73.947494 40.66741, -73.947679 40.667418, -73.947847 40.667427, -73.94785 40.667427, -73.947878 40.667428, -73.947884 40.667429, -73.94788 40.667466, -73.94788 40.667472, -73.947875 40.667517, -73.947872 40.667553, -73.947871 40.667568, -73.947869 40.667585, -73.947869 40.667586, -73.947866 40.667619, -73.947861 40.66767, -73.947856 40.667721, -73.947852 40.667772, -73.947848 40.667807, -73.947847 40.667814, -73.947845 40.667835, -73.947844 40.667842, -73.947843 40.667843, -73.947842 40.667844, -73.947841 40.667845, -73.94784 40.667845, -73.94784 40.667846, -73.947839 40.667847, -73.947837 40.667848, -73.947836 40.667849, -73.947835 40.667849, -73.947834 40.66785, -73.947832 40.667851, -73.947831 40.667852, -73.947829 40.667853, -73.947828 40.667853, -73.947826 40.667854, -73.947825 40.667855, -73.947823 40.667855, -73.947822 40.667856, -73.947821 40.667856, -73.94782 40.667856, -73.947819 40.667857, -73.947817 40.667857, -73.947815 40.667857, -73.947814 40.667858, -73.947812 40.667858, -73.94781 40.667858, -73.947809 40.667858, -73.947807 40.667859, -73.947805 40.667859, -73.947803 40.667859, -73.947803 40.667859, -73.947802 40.667859, -73.9478 40.667859, -73.947798 40.667859, -73.947768 40.667857, -73.947728 40.667855, -73.947657 40.667851, -73.947586 40.667847, -73.947515 40.667843, -73.947445 40.667839, -73.947374 40.667835, -73.947303 40.667831, -73.947232 40.667827, -73.947162 40.667823, -73.947091 40.667819, -73.94706 40.667817, -73.94702 40.667815, -73.947014 40.667815, -73.94695 40.667811, -73.946879 40.667807, -73.946808 40.667804, -73.946738 40.6678, -73.946667 40.667796, -73.946596 40.667792, -73.946526 40.667789, -73.946455 40.667785, -73.946445 40.667784, -73.946442 40.667784, -73.946412 40.667783, -73.946385 40.667781, -73.946314 40.667777, -73.946248 40.667774, -73.946235 40.667773, -73.946205 40.667771, -73.946182 40.66777, -73.946116 40.667767, -73.946051 40.667763, -73.94604 40.667762, -73.946005 40.66776, -73.945985 40.667759, -73.945919 40.667756, -73.945853 40.667752, -73.945787 40.667748, -73.945779 40.667748, -73.945753 40.667746, -73.945721 40.667745, -73.945652 40.667741, -73.945622 40.667739, -73.945587 40.667737, -73.945583 40.667737, -73.945514 40.667733, -73.945503 40.667733, -73.945445 40.66773, -73.945375 40.667726, -73.945306 40.667722, -73.945275 40.667721, -73.945247 40.667719, -73.945237 40.667719, -73.945236 40.667718, -73.945234 40.667718, -73.945233 40.667718, -73.945231 40.667717, -73.94523 40.667717, -73.945229 40.667717, -73.945227 40.667716, -73.945226 40.667716, -73.945226 40.667716, -73.945225 40.667715, -73.945224 40.667715, -73.945222 40.667714, -73.945221 40.667713, -73.94522 40.667713, -73.945219 40.667712, -73.945218 40.667711, -73.945217 40.66771, -73.945215 40.66771, -73.945214 40.667709, -73.945213 40.667708, -73.945213 40.667707, -73.945212 40.667706, -73.945211 40.667705, -73.94521 40.667704, -73.945209 40.667704, -73.945208 40.667703, -73.945208 40.667702, -73.945207 40.667701, -73.945206 40.6677, -73.945206 40.667699, -73.945205 40.667697, -73.945205 40.667696, -73.945204 40.667695, -73.945204 40.667694, -73.945204 40.667693, -73.945204 40.667692, -73.945203 40.667691, -73.945203 40.66769, -73.945203 40.667689, -73.945204 40.667682, -73.945204 40.667676, -73.945205 40.667668, -73.945206 40.667657, -73.945208 40.667637, -73.945212 40.667594, -73.945213 40.667585, -73.945213 40.667584, -73.945218 40.667533))"^^<http://www.opengis.net/ont/geosparql#wktLiteral> .
<https://w3id.org/rtskg/new_york_city/instance/block_16623> <https://w3id.org/rtskg/ontology/objectproperty/block_intersects_station_area> <https://w3id.org/rtskg/new_york_city/instance/station_area_527> .
<https://w3id.org/rtskg/new_york_city/instance/block_16623> <https://w3id.org/rtskg/ontology/objectproperty/block_intersects_station_area> <https://w3id.org/rtskg/new_york_city/instance/station_area_528> .
<https://w3id.org/rtskg/new_york_city/instance/block_16623> <https://w3id.org/rtskg/ontology/objectproperty/block_intersects_station_area> <https://w3id.org/rtskg/new_york_city/instance/station_area_605> .
<https://w3id.org/rtskg/new_york_city/instance/block_16623> <https://w3id.org/rtskg/ontology/objectproperty/block_intersects_station_area> <https://w3id.org/rtskg/new_york_city/instance/station_area_606> .
<https://w3id.org/rtskg/new_york_city/instance/block_16623> <https://w3id.org/rtskg/ontology/objectproperty/block_intersects_station_area> <https://w3id.org/rtskg/new_york_city/instance/station_area_631> .
<https://w3id.org/rtskg/new_york_city/instance/block_16623> <https://w3id.org/rtskg/ontology/objectproperty/block_intersects_station_area> <https://w3id.org/rtskg/new_york_city/instance/station_area_632> .
<https://w3id.org/rtskg/new_york_city/instance/block_16623> <https://w3id.org/rtskg/ontology/objectproperty/block_intersects_station_area> <https://w3id.org/rtskg/new_york_city/instance/station_area_681> .
<https://w3id.org/rtskg/new_york_city/instance/block_16623> <https://w3id.org/rtskg/ontology/objectproperty/block_locates_at_borough> <https://w3id.org/rtskg/new_york_city/instance/borough_3> .
<https://w3id.org/rtskg/new_york_city/instance/block_16623> <https://w3id.org/rtskg/ontology/objectproperty/block_locates_at_functional_area> <https://w3id.org/rtskg/new_york_city/instance/functional_area_62> .
