<https://w3id.org/rtskg/new_york_city/instance/block_19277> <http://www.w3.org/1999/02/22-rdf-syntax-ns#type> <https://w3id.org/rtskg/ontology/class/block> .
<https://w3id.org/rtskg/new_york_city/instance/block_19277> <https://w3id.org/rtskg/ontology/dataproperty/geometry> "POLYGON ((-73.939662 40.706127, -73.939659 40.706109, -73.939654 40.706086, -73.939647 40.706046, -73.939639 40.706005, -73.939629 40.705948, -73.939603 40.705795, -73.939595 40.705751, -73.939593 40.705738, -73.939568 40.705585, -73.939556 40.705514, -73.939616 40.70551, -73.939625 40.705509, -73.939762 40.705498, -73.939853 40.70549, -73.939871 40.705488, -73.939879 40.705487, -73.939891 40.705486, -73.939929 40.705482, -73.940111 40.705464, -73.940599 40.705419, -73.940713 40.705408, -73.940735 40.705406, -73.940736 40.705406, -73.940758 40.705404, -73.940959 40.705385, -73.94102 40.70538, -73.941032 40.705379, -73.941118 40.705373, -73.941127 40.705433, -73.94113 40.705445, -73.941168 40.705677, -73.941173 40.705706, -73.94118 40.705752, -73.941206 40.705909, -73.941208 40.705918, -73.941211 40.705944, -73.941213 40.705953, -73.941216 40.70598, -73.941216 40.705981, -73.941216 40.705983, -73.941216 40.705984, -73.941216 40.705985, -73.941216 40.705986, -73.941215 40.705987, -73.941215 40.705988, -73.941214 40.70599, -73.941214 40.705991, -73.941213 40.705992, -73.941212 40.705994, -73.941212 40.705995, -73.941212 40.705995, -73.941211 40.705996, -73.94121 40.705998, -73.941209 40.705999, -73.941208 40.706, -73.941207 40.706001, -73.941206 40.706003, -73.941205 40.706004, -73.941204 40.706005, -73.941202 40.706006, -73.941201 40.706007, -73.941201 40.706007, -73.9412 40.706008, -73.941199 40.706009, -73.941197 40.70601, -73.941196 40.706011, -73.941194 40.706012, -73.941193 40.706012, -73.941191 40.706013, -73.941189 40.706014, -73.941188 40.706015, -73.941186 40.706015, -73.941186 40.706015, -73.941184 40.706016, -73.941183 40.706016, -73.941181 40.706017, -73.941179 40.706017, -73.941177 40.706018, -73.941176 40.706018, -73.941174 40.706018, -73.941172 40.706019, -73.94117 40.706019, -73.941168 40.706019, -73.941166 40.706019, -73.941165 40.706019, -73.941105 40.706025, -73.941097 40.706026, -73.941029 40.706032, -73.940962 40.706039, -73.940894 40.706045, -73.940855 40.706049, -73.940851 40.70605, -73.940827 40.706052, -73.940759 40.706058, -73.940692 40.706065, -73.940624 40.706071, -73.940557 40.706078, -73.940489 40.706084, -73.940423 40.706091, -73.940356 40.706097, -73.94029 40.706103, -73.940224 40.706109, -73.940158 40.706115, -73.940091 40.706121, -73.940052 40.706125, -73.940038 40.706126, -73.940025 40.706127, -73.940016 40.706128, -73.939981 40.706131, -73.93997 40.706132, -73.939959 40.706133, -73.939959 40.706133, -73.939959 40.706133, -73.939893 40.706139, -73.939826 40.706145, -73.939764 40.706151, -73.93976 40.706151, -73.939704 40.706156, -73.939694 40.706157, -73.939692 40.706157, -73.939691 40.706157, -73.93969 40.706156, -73.939688 40.706156, -73.939687 40.706155, -73.939686 40.706155, -73.939686 40.706155, -73.939684 40.706155, -73.939683 40.706154, -73.939682 40.706153, -73.939681 40.706153, -73.93968 40.706152, -73.939678 40.706152, -73.939677 40.706151, -73.939676 40.70615, -73.939675 40.706149, -73.939674 40.706149, -73.939673 40.706148, -73.939672 40.706147, -73.939671 40.706146, -73.93967 40.706145, -73.93967 40.706145, -73.939669 40.706144, -73.939668 40.706143, -73.939668 40.706142, -73.939667 40.706142, -73.939667 40.706141, -73.939666 40.70614, -73.939665 40.706139, -73.939665 40.706138, -73.939664 40.706137, -73.939664 40.706136, -73.939664 40.706135, -73.939663 40.706134, -73.939663 40.706133, -73.939663 40.706132, -73.939663 40.706131, -73.939662 40.70613, -73.939662 40.706129, -73.939662 40.706128, -73.939662 40.706127))"^^<http://www.opengis.net/ont/geosparql#wktLiteral> .
<https://w3id.org/rtskg/new_york_city/instance/block_19277> <https://w3id.org/rtskg/ontology/objectproperty/block_intersects_station_area> <https://w3id.org/rtskg/new_york_city/instance/station_area_323> .
<https://w3id.org/rtskg/new_york_city/instance/block_19277> <https://w3id.org/rtskg/ontology/objectproperty/block_intersects_station_area> <https://w3id.org/rtskg/new_york_city/instance/station_area_427> .
<https://w3id.org/rtskg/new_york_city/instance/block_19277> <https://w3id.org/rtskg/ontology/objectproperty/block_intersects_station_area> <https://w3id.org/rtskg/new_york_city/instance/station_area_461> .
<https://w3id.org/rtskg/new_york_city/instance/block_19277> <https://w3id.org/rtskg/ontology/objectproperty/block_intersects_station_area> <https://w3id.org/rtskg/new_york_city/instance/station_area_549> .
<https://w3id.org/rtskg/new_york_city/instance/block_19277> <https://w3id.org/rtskg/ontology/objectproperty/block_intersects_station_area> <https://w3id.org/rtskg/new_york_city/instance/station_area_563> .
<https://w3id.org/rtskg/new_york_city/instance/block_19277> <https://w3id.org/rtskg/ontology/objectproperty/block_intersects_station_area> <https://w3id.org/rtskg/new_york_city/instance/station_area_564> .
<https://w3id.org/rtskg/new_york_city/instance/block_19277> <https://w3id.org/rtskg/ontology/objectproperty/block_intersects_station_area> <https://w3id.org/rtskg/new_york_city/instance/station_area_565> .
<https://w3id.org/rtskg/new_york_city/instance/block_19277> <https://w3id.org/rtskg/ontology/objectproperty/block_locates_at_borough> <https://w3id.org/rtskg/new_york_city/instance/borough_3> .
<https://w3id.org/rtskg/new_york_city/instance/block_19277> <https://w3id.org/rtskg/ontology/objectproperty/block_locates_at_functional_area> <https://w3id.org/rtskg/new_york_city/instance/functional_area_37> .
