<https://w3id.org/rtskg/new_york_city/instance/block_5328> <http://www.w3.org/1999/02/22-rdf-syntax-ns#type> <https://w3id.org/rtskg/ontology/class/block> .
<https://w3id.org/rtskg/new_york_city/instance/block_5328> <https://w3id.org/rtskg/ontology/dataproperty/geometry> "POLYGON ((-73.975881 40.582698, -73.975854 40.582701, -73.975659 40.58272, -73.975616 40.582724, -73.975538 40.582733, -73.975283 40.582763, -73.974884 40.582817, -73.974787 40.58283, -73.974724 40.582838, -73.974724 40.582831, -73.974724 40.582826, -73.974724 40.582818, -73.974725 40.582817, -73.974725 40.582813, -73.974725 40.582813, -73.974786 40.582804, -73.974956 40.582779, -73.975382 40.582721, -73.975534 40.582705, -73.975676 40.582691, -73.975809 40.582677, -73.976133 40.582651, -73.976738 40.582627, -73.976792 40.582627, -73.977095 40.582624, -73.97715 40.582624, -73.977204 40.582623, -73.977275 40.582624, -73.977373 40.582626, -73.977447 40.582627, -73.977517 40.582628, -73.977529 40.582629, -73.977661 40.582634, -73.977804 40.582639, -73.97783 40.58264, -73.977949 40.582646, -73.978189 40.582657, -73.978338 40.582667, -73.97838 40.582671, -73.978439 40.582676, -73.978604 40.582691, -73.97862 40.582692, -73.978765 40.582705, -73.978906 40.58272, -73.979088 40.582739, -73.979165 40.582748, -73.979198 40.582752, -73.97928 40.582762, -73.979286 40.582763, -73.979301 40.582765, -73.979379 40.582776, -73.979767 40.582829, -73.979784 40.582831, -73.980116 40.582878, -73.980116 40.582878, -73.980249 40.582896, -73.980253 40.582897, -73.980267 40.582899, -73.980378 40.582916, -73.980423 40.582923, -73.980544 40.582941, -73.980563 40.582944, -73.980608 40.582951, -73.98063 40.582954, -73.98063 40.582954, -73.980678 40.582961, -73.980757 40.582973, -73.980759 40.582974, -73.980835 40.582985, -73.980876 40.582992, -73.980917 40.582998, -73.980983 40.583008, -73.980989 40.583009, -73.98102 40.583014, -73.981022 40.583014, -73.981089 40.583025, -73.98135 40.583067, -73.981537 40.583097, -73.981666 40.583118, -73.981775 40.583137, -73.981928 40.583164, -73.982195 40.58321, -73.982428 40.583251, -73.982578 40.583277, -73.98261 40.583283, -73.982616 40.583284, -73.982617 40.583292, -73.982617 40.583296, -73.982611 40.583295, -73.98258 40.58329, -73.982431 40.583263, -73.982325 40.583245, -73.982264 40.583234, -73.982201 40.583223, -73.981852 40.583162, -73.981787 40.583151, -73.98133 40.583076, -73.981303 40.583072, -73.981041 40.583031, -73.981017 40.583027, -73.980985 40.583022, -73.980979 40.583021, -73.980916 40.583011, -73.980874 40.583004, -73.980846 40.583, -73.980833 40.582998, -73.980758 40.582986, -73.980752 40.582986, -73.980628 40.582967, -73.980628 40.582967, -73.980603 40.582963, -73.980558 40.582956, -73.980535 40.582953, -73.980483 40.582945, -73.980418 40.582935, -73.980372 40.582929, -73.980257 40.582912, -73.980247 40.58291, -73.980101 40.582889, -73.980101 40.582889, -73.979783 40.582843, -73.979765 40.58284, -73.979542 40.582809, -73.97938 40.582788, -73.979299 40.582778, -73.979286 40.582777, -73.979165 40.582763, -73.979058 40.582751, -73.978972 40.582741, -73.978746 40.58272, -73.978643 40.58271, -73.978592 40.582706, -73.978592 40.582706, -73.978417 40.582693, -73.978377 40.582689, -73.978314 40.582685, -73.97822 40.582679, -73.977984 40.582665, -73.977907 40.582661, -73.97783 40.582658, -73.977694 40.582652, -73.977653 40.58265, -73.97754 40.582647, -73.97736 40.582642, -73.977322 40.582641, -73.977137 40.582642, -73.977137 40.582642, -73.977048 40.582642, -73.976973 40.582642, -73.976836 40.582646, -73.976679 40.58265, -73.976679 40.58265, -73.976624 40.582651, -73.976387 40.582663, -73.976276 40.582669, -73.976164 40.582677, -73.975929 40.582694, -73.975881 40.582698))"^^<http://www.opengis.net/ont/geosparql#wktLiteral> .
<https://w3id.org/rtskg/new_york_city/instance/block_5328> <https://w3id.org/rtskg/ontology/objectproperty/block_intersects_station_area> <https://w3id.org/rtskg/new_york_city/instance/station_area_261> .
<https://w3id.org/rtskg/new_york_city/instance/block_5328> <https://w3id.org/rtskg/ontology/objectproperty/block_intersects_station_area> <https://w3id.org/rtskg/new_york_city/instance/station_area_263> .
<https://w3id.org/rtskg/new_york_city/instance/block_5328> <https://w3id.org/rtskg/ontology/objectproperty/block_intersects_station_area> <https://w3id.org/rtskg/new_york_city/instance/station_area_375> .
<https://w3id.org/rtskg/new_york_city/instance/block_5328> <https://w3id.org/rtskg/ontology/objectproperty/block_intersects_station_area> <https://w3id.org/rtskg/new_york_city/instance/station_area_585> .
<https://w3id.org/rtskg/new_york_city/instance/block_5328> <https://w3id.org/rtskg/ontology/objectproperty/block_intersects_station_area> <https://w3id.org/rtskg/new_york_city/instance/station_area_586> .
<https://w3id.org/rtskg/new_york_city/instance/block_5328> <https://w3id.org/rtskg/ontology/objectproperty/block_intersects_station_area> <https://w3id.org/rtskg/new_york_city/instance/station_area_713> .
<https://w3id.org/rtskg/new_york_city/instance/block_5328> <https://w3id.org/rtskg/ontology/objectproperty/block_locates_at_borough> <https://w3id.org/rtskg/new_york_city/instance/borough_3> .
<https://w3id.org/rtskg/new_york_city/instance/block_5328> <https://w3id.org/rtskg/ontology/objectproperty/block_locates_at_functional_area> <https://w3id.org/rtskg/new_york_city/instance/functional_area_55> .
