<https://w3id.org/rtskg/new_york_city/instance/block_17220> <http://www.w3.org/1999/02/22-rdf-syntax-ns#type> <https://w3id.org/rtskg/ontology/class/block> .
<https://w3id.org/rtskg/new_york_city/instance/block_17220> <https://w3id.org/rtskg/ontology/dataproperty/geometry> "POLYGON ((-73.969899 40.674563, -73.969964 40.67459, -73.970028 40.674617, -73.970049 40.674625, -73.970094 40.674642, -73.970118 40.674652, -73.970123 40.674654, -73.970145 40.674662, -73.970159 40.674668, -73.970162 40.674668, -73.970164 40.674668, -73.970166 40.674669, -73.970168 40.674671, -73.970168 40.674673, -73.970168 40.674675, -73.970167 40.674677, -73.970165 40.674679, -73.970152 40.674689, -73.970136 40.674702, -73.970133 40.674704, -73.970103 40.674728, -73.970092 40.674737, -73.970005 40.674806, -73.969957 40.674847, -73.969893 40.674901, -73.969891 40.674903, -73.969888 40.674904, -73.969887 40.674904, -73.969887 40.674904, -73.969885 40.674905, -73.969882 40.674905, -73.969878 40.674904, -73.969876 40.674903, -73.969873 40.674902, -73.969871 40.6749, -73.96987 40.674898, -73.969869 40.674895, -73.969869 40.674893, -73.96987 40.674891, -73.969907 40.674796, -73.969913 40.674778, -73.969915 40.674774, -73.969918 40.674767, -73.969918 40.674766, -73.969919 40.674764, -73.969921 40.674758, -73.969923 40.67475, -73.969923 40.674748, -73.969924 40.674742, -73.969924 40.674733, -73.969924 40.674726, -73.969924 40.674725, -73.969923 40.674717, -73.969921 40.674709, -73.969919 40.6747, -73.969915 40.674692, -73.969914 40.674689, -73.969912 40.674685, -73.969909 40.67468, -73.969907 40.674677, -73.969902 40.67467, -73.96986 40.67462, -73.969818 40.674569, -73.969764 40.674508, -73.969755 40.674499, -73.96973 40.674471, -73.96973 40.67447, -73.96973 40.67447, -73.96973 40.67447, -73.969731 40.67447, -73.969731 40.67447, -73.969731 40.674469, -73.969731 40.674469, -73.969731 40.674469, -73.969731 40.674468, -73.969732 40.674468, -73.969732 40.674468, -73.969732 40.674468, -73.969732 40.674467, -73.969732 40.674467, -73.969733 40.674467, -73.969733 40.674467, -73.969733 40.674466, -73.969733 40.674466, -73.969734 40.674466, -73.969734 40.674466, -73.969734 40.674466, -73.969735 40.674465, -73.969735 40.674465, -73.969735 40.674465, -73.969736 40.674465, -73.969736 40.674465, -73.969736 40.674465, -73.969737 40.674464, -73.969737 40.674464, -73.969738 40.674464, -73.969738 40.674464, -73.969738 40.674464, -73.969739 40.674464, -73.969739 40.674464, -73.96974 40.674464, -73.96974 40.674464, -73.96974 40.674464, -73.969741 40.674464, -73.969741 40.674464, -73.969742 40.674464, -73.969742 40.674464, -73.969742 40.674464, -73.969743 40.674464, -73.969743 40.674464, -73.969744 40.674464, -73.969744 40.674464, -73.969744 40.674464, -73.969745 40.674464, -73.969745 40.674464, -73.969745 40.674464, -73.969746 40.674464, -73.969746 40.674464, -73.969746 40.674464, -73.969747 40.674465, -73.969747 40.674465, -73.969747 40.674465, -73.969748 40.674465, -73.969748 40.674465, -73.969748 40.674465, -73.969749 40.674465, -73.969749 40.674466, -73.969749 40.674466, -73.96975 40.674466, -73.96975 40.674466, -73.96975 40.674467, -73.96975 40.674467, -73.969751 40.674467, -73.969751 40.674467, -73.969751 40.674467, -73.969751 40.674468, -73.969752 40.674468, -73.969752 40.674468, -73.969752 40.674469, -73.969752 40.674469, -73.969752 40.674469, -73.969785 40.674492, -73.969818 40.674515, -73.969852 40.674537, -73.969873 40.674548, -73.969888 40.674557, -73.969899 40.674563))"^^<http://www.opengis.net/ont/geosparql#wktLiteral> .
<https://w3id.org/rtskg/new_york_city/instance/block_17220> <https://w3id.org/rtskg/ontology/objectproperty/block_intersects_station_area> <https://w3id.org/rtskg/new_york_city/instance/station_area_185> .
<https://w3id.org/rtskg/new_york_city/instance/block_17220> <https://w3id.org/rtskg/ontology/objectproperty/block_intersects_station_area> <https://w3id.org/rtskg/new_york_city/instance/station_area_186> .
<https://w3id.org/rtskg/new_york_city/instance/block_17220> <https://w3id.org/rtskg/ontology/objectproperty/block_intersects_station_area> <https://w3id.org/rtskg/new_york_city/instance/station_area_299> .
<https://w3id.org/rtskg/new_york_city/instance/block_17220> <https://w3id.org/rtskg/ontology/objectproperty/block_intersects_station_area> <https://w3id.org/rtskg/new_york_city/instance/station_area_413> .
<https://w3id.org/rtskg/new_york_city/instance/block_17220> <https://w3id.org/rtskg/ontology/objectproperty/block_intersects_station_area> <https://w3id.org/rtskg/new_york_city/instance/station_area_455> .
<https://w3id.org/rtskg/new_york_city/instance/block_17220> <https://w3id.org/rtskg/ontology/objectproperty/block_intersects_station_area> <https://w3id.org/rtskg/new_york_city/instance/station_area_456> .
<https://w3id.org/rtskg/new_york_city/instance/block_17220> <https://w3id.org/rtskg/ontology/objectproperty/block_locates_at_borough> <https://w3id.org/rtskg/new_york_city/instance/borough_3> .
<https://w3id.org/rtskg/new_york_city/instance/block_17220> <https://w3id.org/rtskg/ontology/objectproperty/block_locates_at_functional_area> <https://w3id.org/rtskg/new_york_city/instance/functional_area_181> .
