<https://w3id.org/rtskg/new_york_city/instance/block_44666> <http://www.w3.org/1999/02/22-rdf-syntax-ns#type> <https://w3id.org/rtskg/ontology/class/block> .
<https://w3id.org/rtskg/new_york_city/instance/block_44666> <https://w3id.org/rtskg/ontology/dataproperty/geometry> "POLYGON ((-73.93021 40.813394, -73.93021 40.813395, -73.930209 40.813395, -73.930209 40.813396, -73.930208 40.813397, -73.930208 40.813398, -73.930207 40.813399, -73.930206 40.813399, -73.930206 40.8134, -73.930205 40.813401, -73.930199 40.813408, -73.930187 40.81342, -73.930186 40.813421, -73.93018 40.813428, -73.930176 40.813432, -73.930161 40.813448, -73.930153 40.813457, -73.930121 40.813491, -73.930083 40.813533, -73.930081 40.813534, -73.930042 40.813577, -73.930002 40.81362, -73.929962 40.813663, -73.929923 40.813706, -73.929916 40.813712, -73.929883 40.813749, -73.929843 40.813792, -73.929803 40.813833, -73.929764 40.813874, -73.929745 40.813893, -73.929724 40.813915, -73.929684 40.813956, -73.929644 40.813998, -73.929604 40.814039, -73.929572 40.814073, -73.929564 40.81408, -73.929525 40.814121, -73.929485 40.814163, -73.929445 40.814204, -73.929405 40.814245, -73.929398 40.814253, -73.929365 40.814286, -73.929353 40.814298, -73.929349 40.814303, -73.929333 40.81432, -73.929311 40.814306, -73.929337 40.814278, -73.92934 40.814274, -73.929341 40.814273, -73.929368 40.814244, -73.929398 40.81421, -73.929403 40.814205, -73.929404 40.814204, -73.929407 40.814201, -73.929424 40.814183, -73.929428 40.81418, -73.929445 40.814162, -73.929449 40.814159, -73.929466 40.814141, -73.929469 40.814137, -73.929487 40.814119, -73.92949 40.814116, -73.929508 40.814098, -73.929511 40.814095, -73.929521 40.814085, -73.929528 40.814077, -73.929532 40.814074, -73.929549 40.814056, -73.929553 40.814052, -73.929571 40.814034, -73.929574 40.814031, -73.929592 40.814012, -73.929595 40.814009, -73.929614 40.81399, -73.929617 40.813987, -73.929635 40.813968, -73.929638 40.813965, -73.929648 40.813955, -73.929656 40.813946, -73.92966 40.813943, -73.929678 40.813924, -73.929681 40.813921, -73.929699 40.813902, -73.929702 40.813899, -73.929702 40.813898, -73.92972 40.81388, -73.929723 40.813877, -73.929741 40.813858, -73.929744 40.813855, -73.929762 40.813836, -73.929765 40.813832, -73.929783 40.813814, -73.929787 40.81381, -73.929804 40.813792, -73.929808 40.813788, -73.929808 40.813788, -73.929826 40.81377, -73.929829 40.813766, -73.929847 40.813748, -73.92985 40.813744, -73.929868 40.813725, -73.929871 40.813722, -73.929882 40.813711, -73.929889 40.813703, -73.929892 40.8137, -73.92991 40.813681, -73.929912 40.81368, -73.929927 40.813664, -73.929931 40.81366, -73.929948 40.813642, -73.929951 40.813639, -73.929968 40.813621, -73.929971 40.813618, -73.929971 40.813618, -73.929989 40.8136, -73.929992 40.813597, -73.930009 40.813579, -73.930012 40.813576, -73.930029 40.813558, -73.930033 40.813555, -73.93005 40.813537, -73.930053 40.813534, -73.930062 40.813525, -73.93007 40.813516, -73.930073 40.813513, -73.930091 40.813495, -73.930094 40.813492, -73.930111 40.813474, -73.930114 40.813471, -73.930132 40.813453, -73.930134 40.81345, -73.930152 40.813432, -73.930153 40.81343, -73.930155 40.813429, -73.930159 40.813424, -73.930172 40.813411, -73.930175 40.813408, -73.930189 40.813393, -73.930193 40.813389, -73.930195 40.813386, -73.930208 40.813373, -73.930209 40.813374, -73.930209 40.813375, -73.930209 40.813376, -73.93021 40.813377, -73.93021 40.813377, -73.930211 40.813378, -73.930211 40.813379, -73.930211 40.81338, -73.930211 40.81338, -73.930211 40.813381, -73.930212 40.813382, -73.930212 40.813383, -73.930212 40.813384, -73.930212 40.813385, -73.930212 40.813386, -73.930212 40.813387, -73.930212 40.813388, -73.930212 40.813388, -73.930211 40.813389, -73.930211 40.81339, -73.930211 40.813391, -73.930211 40.813392, -73.93021 40.813393, -73.93021 40.813394))"^^<http://www.opengis.net/ont/geosparql#wktLiteral> .
<https://w3id.org/rtskg/new_york_city/instance/block_44666> <https://w3id.org/rtskg/ontology/objectproperty/block_intersects_station_area> <https://w3id.org/rtskg/new_york_city/instance/station_area_107> .
<https://w3id.org/rtskg/new_york_city/instance/block_44666> <https://w3id.org/rtskg/ontology/objectproperty/block_intersects_station_area> <https://w3id.org/rtskg/new_york_city/instance/station_area_108> .
<https://w3id.org/rtskg/new_york_city/instance/block_44666> <https://w3id.org/rtskg/ontology/objectproperty/block_intersects_station_area> <https://w3id.org/rtskg/new_york_city/instance/station_area_25> .
<https://w3id.org/rtskg/new_york_city/instance/block_44666> <https://w3id.org/rtskg/ontology/objectproperty/block_intersects_station_area> <https://w3id.org/rtskg/new_york_city/instance/station_area_26> .
<https://w3id.org/rtskg/new_york_city/instance/block_44666> <https://w3id.org/rtskg/ontology/objectproperty/block_intersects_station_area> <https://w3id.org/rtskg/new_york_city/instance/station_area_35> .
<https://w3id.org/rtskg/new_york_city/instance/block_44666> <https://w3id.org/rtskg/ontology/objectproperty/block_intersects_station_area> <https://w3id.org/rtskg/new_york_city/instance/station_area_36> .
<https://w3id.org/rtskg/new_york_city/instance/block_44666> <https://w3id.org/rtskg/ontology/objectproperty/block_locates_at_borough> <https://w3id.org/rtskg/new_york_city/instance/borough_2> .
<https://w3id.org/rtskg/new_york_city/instance/block_44666> <https://w3id.org/rtskg/ontology/objectproperty/block_locates_at_functional_area> <https://w3id.org/rtskg/new_york_city/instance/functional_area_247> .
