<https://w3id.org/rtskg/new_york_city/instance/block_40825> <http://www.w3.org/1999/02/22-rdf-syntax-ns#type> <https://w3id.org/rtskg/ontology/class/block> .
<https://w3id.org/rtskg/new_york_city/instance/block_40825> <https://w3id.org/rtskg/ontology/dataproperty/geometry> "POLYGON ((-73.913028 40.742485, -73.91303 40.742485, -73.91303 40.742485, -73.913036 40.742485, -73.913069 40.742489, -73.913383 40.742526, -73.913745 40.742568, -73.913775 40.742571, -73.913827 40.742577, -73.914003 40.742598, -73.914019 40.7426, -73.914091 40.742608, -73.914779 40.742684, -73.91488 40.742695, -73.914881 40.742695, -73.914893 40.742696, -73.914893 40.742696, -73.914894 40.742696, -73.914894 40.742696, -73.914895 40.742697, -73.914895 40.742697, -73.914896 40.742697, -73.914896 40.742697, -73.914897 40.742697, -73.914898 40.742698, -73.914898 40.742698, -73.914898 40.742698, -73.914899 40.742698, -73.914899 40.742699, -73.9149 40.742699, -73.9149 40.742699, -73.914901 40.742699, -73.914901 40.7427, -73.914901 40.7427, -73.914902 40.7427, -73.914902 40.742701, -73.914902 40.742701, -73.914903 40.742701, -73.914903 40.742701, -73.914903 40.742702, -73.914903 40.742702, -73.914904 40.742703, -73.914904 40.742703, -73.914904 40.742703, -73.914904 40.742704, -73.914904 40.742704, -73.914905 40.742704, -73.914905 40.742704, -73.914905 40.742705, -73.914905 40.742705, -73.914905 40.742705, -73.914905 40.742705, -73.914905 40.742705, -73.914905 40.742705, -73.914905 40.742706, -73.914905 40.742706, -73.914905 40.742706, -73.914905 40.742706, -73.914906 40.742707, -73.914906 40.742707, -73.914906 40.742707, -73.914906 40.742707, -73.914906 40.742708, -73.914906 40.742708, -73.914906 40.742708, -73.914906 40.742708, -73.914906 40.742708, -73.914906 40.742708, -73.914906 40.742709, -73.914906 40.742709, -73.914906 40.742709, -73.914906 40.742709, -73.914906 40.74271, -73.914906 40.74271, -73.914906 40.74271, -73.914906 40.74271, -73.914905 40.74271, -73.914905 40.742711, -73.914905 40.742711, -73.914905 40.742711, -73.914905 40.742711, -73.914905 40.742711, -73.914905 40.742711, -73.914905 40.742712, -73.914905 40.742712, -73.914905 40.742712, -73.914905 40.742712, -73.914905 40.742713, -73.914905 40.742713, -73.914904 40.742713, -73.914904 40.742713, -73.914904 40.742714, -73.914904 40.742714, -73.914904 40.742714, -73.914903 40.742715, -73.914903 40.742715, -73.914903 40.742715, -73.914903 40.742716, -73.914902 40.742716, -73.914902 40.742716, -73.914901 40.742717, -73.914901 40.742717, -73.914901 40.742717, -73.9149 40.742718, -73.9149 40.742718, -73.914899 40.742718, -73.914899 40.742719, -73.914898 40.742719, -73.914898 40.742719, -73.914897 40.742719, -73.914897 40.74272, -73.914896 40.74272, -73.914896 40.74272, -73.914895 40.74272, -73.914895 40.74272, -73.914894 40.74272, -73.914894 40.742721, -73.914877 40.742718, -73.914875 40.742718, -73.914815 40.742711, -73.914708 40.742699, -73.914571 40.742686, -73.914522 40.742681, -73.914335 40.742669, -73.914148 40.742661, -73.914091 40.742654, -73.914039 40.742648, -73.914004 40.742644, -73.913808 40.742621, -73.913741 40.742613, -73.91338 40.74257, -73.913083 40.742535, -73.913053 40.742532, -73.913023 40.742528, -73.913018 40.742528, -73.913013 40.742527, -73.913002 40.742525, -73.912996 40.742524, -73.912995 40.742524, -73.912987 40.742523, -73.912983 40.742522, -73.912976 40.742518, -73.912972 40.742513, -73.91297 40.742506, -73.912972 40.742495, -73.912976 40.742488, -73.912985 40.742483, -73.912994 40.74248, -73.912999 40.74248, -73.913006 40.742481, -73.913006 40.742481, -73.913023 40.742484, -73.913028 40.742485))"^^<http://www.opengis.net/ont/geosparql#wktLiteral> .
<https://w3id.org/rtskg/new_york_city/instance/block_40825> <https://w3id.org/rtskg/ontology/objectproperty/block_intersects_station_area> <https://w3id.org/rtskg/new_york_city/instance/station_area_135> .
<https://w3id.org/rtskg/new_york_city/instance/block_40825> <https://w3id.org/rtskg/ontology/objectproperty/block_intersects_station_area> <https://w3id.org/rtskg/new_york_city/instance/station_area_141> .
<https://w3id.org/rtskg/new_york_city/instance/block_40825> <https://w3id.org/rtskg/ontology/objectproperty/block_intersects_station_area> <https://w3id.org/rtskg/new_york_city/instance/station_area_142> .
<https://w3id.org/rtskg/new_york_city/instance/block_40825> <https://w3id.org/rtskg/ontology/objectproperty/block_intersects_station_area> <https://w3id.org/rtskg/new_york_city/instance/station_area_155> .
<https://w3id.org/rtskg/new_york_city/instance/block_40825> <https://w3id.org/rtskg/ontology/objectproperty/block_intersects_station_area> <https://w3id.org/rtskg/new_york_city/instance/station_area_156> .
<https://w3id.org/rtskg/new_york_city/instance/block_40825> <https://w3id.org/rtskg/ontology/objectproperty/block_locates_at_borough> <https://w3id.org/rtskg/new_york_city/instance/borough_4> .
<https://w3id.org/rtskg/new_york_city/instance/block_40825> <https://w3id.org/rtskg/ontology/objectproperty/block_locates_at_functional_area> <https://w3id.org/rtskg/new_york_city/instance/functional_area_226> .
<https://w3id.org/rtskg/new_york_city/instance/block_40825> <https://w3id.org/rtskg/ontology/objectproperty/block_locates_at_functional_area> <https://w3id.org/rtskg/new_york_city/instance/functional_area_260> .
