<https://w3id.org/rtskg/new_york_city/instance/block_8716> <http://www.w3.org/1999/02/22-rdf-syntax-ns#type> <https://w3id.org/rtskg/ontology/class/block> .
<https://w3id.org/rtskg/new_york_city/instance/block_8716> <https://w3id.org/rtskg/ontology/dataproperty/geometry> "POLYGON ((-73.90027 40.663352, -73.90028 40.663389, -73.900283 40.663403, -73.900352 40.663676, -73.900356 40.663694, -73.900368 40.663723, -73.900378 40.66375, -73.900381 40.663753, -73.900383 40.663756, -73.900384 40.663758, -73.900385 40.663762, -73.900385 40.663762, -73.900385 40.663765, -73.900384 40.663768, -73.900382 40.663771, -73.90038 40.663773, -73.900377 40.663775, -73.900374 40.663777, -73.900374 40.663777, -73.90037 40.663778, -73.900236 40.66379, -73.900209 40.663794, -73.900175 40.663799, -73.89981 40.663854, -73.899764 40.663861, -73.899746 40.663863, -73.899733 40.663865, -73.899729 40.663866, -73.899729 40.663866, -73.899729 40.663866, -73.899709 40.663868, -73.899685 40.663872, -73.899677 40.663873, -73.899677 40.663873, -73.899672 40.663873, -73.899667 40.663873, -73.899662 40.663872, -73.899657 40.663871, -73.899657 40.663871, -73.899656 40.66387, -73.899653 40.663869, -73.899652 40.663868, -73.899649 40.663867, -73.899645 40.663864, -73.899642 40.663861, -73.899642 40.663861, -73.89964 40.663857, -73.899638 40.663854, -73.899636 40.663845, -73.89963 40.663823, -73.899624 40.6638, -73.899617 40.663773, -73.899616 40.663769, -73.899613 40.663755, -73.899603 40.663716, -73.899589 40.663663, -73.899576 40.66361, -73.899562 40.663557, -73.899549 40.663505, -73.899536 40.663452, -73.899522 40.663399, -73.899509 40.663346, -73.899495 40.663293, -73.899482 40.66324, -73.899468 40.663187, -73.899457 40.663142, -73.899455 40.663134, -73.899445 40.663093, -73.899442 40.663081, -73.899433 40.663048, -73.899428 40.663028, -73.899415 40.662975, -73.899401 40.662922, -73.899399 40.662914, -73.899396 40.662901, -73.899388 40.662869, -73.899375 40.662816, -73.899361 40.662763, -73.899348 40.662711, -73.899348 40.66271, -73.899347 40.662709, -73.899337 40.662666, -73.899334 40.662657, -73.899321 40.662604, -73.899307 40.662551, -73.899295 40.66251, -73.899292 40.662502, -73.899292 40.662501, -73.899283 40.662472, -73.899281 40.662467, -73.899281 40.662466, -73.89928 40.662465, -73.89928 40.662464, -73.89928 40.662463, -73.89928 40.662462, -73.89928 40.662461, -73.89928 40.66246, -73.89928 40.662459, -73.89928 40.662458, -73.89928 40.662458, -73.89928 40.662457, -73.89928 40.662456, -73.899281 40.662455, -73.899281 40.662455, -73.899281 40.662454, -73.899281 40.662453, -73.899282 40.662452, -73.899282 40.662451, -73.899283 40.66245, -73.899283 40.662449, -73.899284 40.662448, -73.899284 40.662448, -73.899285 40.662447, -73.899285 40.662446, -73.899286 40.662445, -73.899287 40.662444, -73.899287 40.662444, -73.899288 40.662443, -73.899289 40.662442, -73.89929 40.662441, -73.899291 40.662441, -73.899292 40.66244, -73.899292 40.662439, -73.899293 40.662439, -73.899294 40.662439, -73.899294 40.662438, -73.899295 40.662438, -73.899296 40.662437, -73.899297 40.662437, -73.899299 40.662436, -73.8993 40.662436, -73.899301 40.662435, -73.899302 40.662435, -73.899303 40.662435, -73.899304 40.662434, -73.899305 40.662434, -73.899307 40.662434, -73.899308 40.662434, -73.899309 40.662433, -73.899311 40.662433, -73.899364 40.662425, -73.899376 40.662423, -73.899443 40.662413, -73.899511 40.662403, -73.899566 40.662395, -73.899578 40.662393, -73.899601 40.66239, -73.899625 40.662386, -73.899645 40.662383, -73.899647 40.662383, -73.899712 40.662373, -73.899779 40.662363, -73.899799 40.662361, -73.899846 40.662354, -73.899914 40.662344, -73.899981 40.662334, -73.899995 40.662331, -73.900001 40.662332, -73.900002 40.662333, -73.900007 40.662333, -73.900012 40.662335, -73.900017 40.662336, -73.90002 40.662339, -73.900021 40.662339, -73.900024 40.662342, -73.900027 40.662345, -73.90003 40.662348, -73.900031 40.662352, -73.900032 40.662356, -73.900158 40.662802, -73.900166 40.662831, -73.900234 40.663079, -73.900243 40.663112, -73.900276 40.663236, -73.900271 40.663237, -73.90026 40.663239, -73.900243 40.663242, -73.900242 40.663242, -73.900245 40.663251, -73.900245 40.663254, -73.900248 40.663265, -73.90025 40.66327, -73.900257 40.663302, -73.90027 40.663352))"^^<http://www.opengis.net/ont/geosparql#wktLiteral> .
<https://w3id.org/rtskg/new_york_city/instance/block_8716> <https://w3id.org/rtskg/ontology/objectproperty/block_intersects_station_area> <https://w3id.org/rtskg/new_york_city/instance/station_area_519> .
<https://w3id.org/rtskg/new_york_city/instance/block_8716> <https://w3id.org/rtskg/ontology/objectproperty/block_intersects_station_area> <https://w3id.org/rtskg/new_york_city/instance/station_area_520> .
<https://w3id.org/rtskg/new_york_city/instance/block_8716> <https://w3id.org/rtskg/ontology/objectproperty/block_intersects_station_area> <https://w3id.org/rtskg/new_york_city/instance/station_area_545> .
<https://w3id.org/rtskg/new_york_city/instance/block_8716> <https://w3id.org/rtskg/ontology/objectproperty/block_intersects_station_area> <https://w3id.org/rtskg/new_york_city/instance/station_area_546> .
<https://w3id.org/rtskg/new_york_city/instance/block_8716> <https://w3id.org/rtskg/ontology/objectproperty/block_intersects_station_area> <https://w3id.org/rtskg/new_york_city/instance/station_area_593> .
<https://w3id.org/rtskg/new_york_city/instance/block_8716> <https://w3id.org/rtskg/ontology/objectproperty/block_intersects_station_area> <https://w3id.org/rtskg/new_york_city/instance/station_area_594> .
<https://w3id.org/rtskg/new_york_city/instance/block_8716> <https://w3id.org/rtskg/ontology/objectproperty/block_intersects_station_area> <https://w3id.org/rtskg/new_york_city/instance/station_area_627> .
<https://w3id.org/rtskg/new_york_city/instance/block_8716> <https://w3id.org/rtskg/ontology/objectproperty/block_intersects_station_area> <https://w3id.org/rtskg/new_york_city/instance/station_area_651> .
<https://w3id.org/rtskg/new_york_city/instance/block_8716> <https://w3id.org/rtskg/ontology/objectproperty/block_intersects_station_area> <https://w3id.org/rtskg/new_york_city/instance/station_area_689> .
<https://w3id.org/rtskg/new_york_city/instance/block_8716> <https://w3id.org/rtskg/ontology/objectproperty/block_locates_at_borough> <https://w3id.org/rtskg/new_york_city/instance/borough_3> .
<https://w3id.org/rtskg/new_york_city/instance/block_8716> <https://w3id.org/rtskg/ontology/objectproperty/block_locates_at_functional_area> <https://w3id.org/rtskg/new_york_city/instance/functional_area_77> .
