<https://w3id.org/rtskg/new_york_city/instance/block_19301> <http://www.w3.org/1999/02/22-rdf-syntax-ns#type> <https://w3id.org/rtskg/ontology/class/block> .
<https://w3id.org/rtskg/new_york_city/instance/block_19301> <https://w3id.org/rtskg/ontology/dataproperty/geometry> "POLYGON ((-73.948698 40.704506, -73.948697 40.704507, -73.948696 40.704507, -73.948696 40.704507, -73.948695 40.704507, -73.948694 40.704507, -73.948693 40.704507, -73.948693 40.704507, -73.948692 40.704507, -73.948691 40.704507, -73.94869 40.704507, -73.948689 40.704507, -73.948689 40.704507, -73.948688 40.704507, -73.948687 40.704507, -73.948687 40.704507, -73.948686 40.704507, -73.948686 40.704507, -73.948685 40.704506, -73.948684 40.704506, -73.948683 40.704506, -73.948683 40.704506, -73.948682 40.704505, -73.948681 40.704505, -73.948681 40.704505, -73.948621 40.704471, -73.948621 40.704471, -73.94862 40.70447, -73.948619 40.70447, -73.948619 40.704469, -73.948618 40.704469, -73.948618 40.704468, -73.948617 40.704468, -73.948617 40.704467, -73.948617 40.704467, -73.948616 40.704467, -73.948616 40.704466, -73.948616 40.704466, -73.948616 40.704465, -73.948615 40.704465, -73.948615 40.704464, -73.948615 40.704464, -73.948614 40.704463, -73.948614 40.704463, -73.948614 40.704462, -73.948614 40.704462, -73.948614 40.704461, -73.948614 40.70446, -73.948613 40.70446, -73.948613 40.704459, -73.948613 40.704459, -73.948613 40.704458, -73.948613 40.704457, -73.948613 40.704457, -73.948613 40.704456, -73.948614 40.704456, -73.948614 40.704455, -73.948614 40.704455, -73.948615 40.704452, -73.948617 40.704449, -73.948618 40.704447, -73.948618 40.704446, -73.94862 40.704443, -73.948621 40.70444, -73.948622 40.704437, -73.948622 40.704434, -73.948623 40.704431, -73.948624 40.704428, -73.948624 40.704427, -73.948624 40.704425, -73.948625 40.704422, -73.948625 40.704419, -73.948625 40.704416, -73.948625 40.704413, -73.948625 40.704413, -73.948625 40.704413, -73.948625 40.704413, -73.948625 40.704412, -73.948625 40.704412, -73.948625 40.704412, -73.948625 40.704412, -73.948625 40.704412, -73.948625 40.704411, -73.948625 40.704411, -73.948626 40.704411, -73.948626 40.704411, -73.948626 40.704411, -73.948626 40.70441, -73.948626 40.70441, -73.948626 40.70441, -73.948627 40.70441, -73.948627 40.70441, -73.948627 40.704409, -73.948627 40.704409, -73.948627 40.704409, -73.948628 40.704409, -73.948628 40.704409, -73.948628 40.704409, -73.948628 40.704408, -73.948629 40.704408, -73.948629 40.704408, -73.948629 40.704408, -73.948629 40.704408, -73.94863 40.704408, -73.94863 40.704408, -73.94863 40.704408, -73.94863 40.704408, -73.94863 40.704408, -73.948631 40.704407, -73.948631 40.704407, -73.948631 40.704407, -73.948632 40.704407, -73.948632 40.704407, -73.948632 40.704407, -73.948633 40.704407, -73.948633 40.704407, -73.948633 40.704407, -73.948634 40.704407, -73.948634 40.704407, -73.948634 40.704407, -73.948634 40.704407, -73.948635 40.704407, -73.948635 40.704407, -73.948635 40.704407, -73.948636 40.704407, -73.948636 40.704407, -73.948636 40.704407, -73.948637 40.704408, -73.948637 40.704408, -73.948637 40.704408, -73.948637 40.704408, -73.948637 40.704408, -73.948638 40.704408, -73.948638 40.704408, -73.948638 40.704408, -73.948638 40.704408, -73.948639 40.704408, -73.948639 40.704409, -73.948639 40.704409, -73.948639 40.704409, -73.94864 40.704409, -73.94864 40.704409, -73.94864 40.704409, -73.94864 40.704409, -73.948641 40.70441, -73.948641 40.70441, -73.948641 40.70441, -73.948714 40.704476, -73.948714 40.704477, -73.948714 40.704477, -73.948715 40.704478, -73.948715 40.704479, -73.948715 40.704479, -73.948716 40.70448, -73.948716 40.704481, -73.948716 40.704481, -73.948716 40.704482, -73.948717 40.704483, -73.948717 40.704483, -73.948717 40.704484, -73.948717 40.704485, -73.948717 40.704486, -73.948717 40.704486, -73.948717 40.704487, -73.948717 40.704488, -73.948717 40.704489, -73.948717 40.704489, -73.948717 40.70449, -73.948716 40.704491, -73.948716 40.704491, -73.948716 40.704492, -73.948705 40.704504, -73.948705 40.704504, -73.948704 40.704504, -73.948704 40.704505, -73.948703 40.704505, -73.948702 40.704505, -73.948701 40.704505, -73.948701 40.704506, -73.9487 40.704506, -73.948699 40.704506, -73.948699 40.704506, -73.948698 40.704506))"^^<http://www.opengis.net/ont/geosparql#wktLiteral> .
<https://w3id.org/rtskg/new_york_city/instance/block_19301> <https://w3id.org/rtskg/ontology/objectproperty/block_intersects_station_area> <https://w3id.org/rtskg/new_york_city/instance/station_area_323> .
<https://w3id.org/rtskg/new_york_city/instance/block_19301> <https://w3id.org/rtskg/ontology/objectproperty/block_intersects_station_area> <https://w3id.org/rtskg/new_york_city/instance/station_area_324> .
<https://w3id.org/rtskg/new_york_city/instance/block_19301> <https://w3id.org/rtskg/ontology/objectproperty/block_intersects_station_area> <https://w3id.org/rtskg/new_york_city/instance/station_area_427> .
<https://w3id.org/rtskg/new_york_city/instance/block_19301> <https://w3id.org/rtskg/ontology/objectproperty/block_intersects_station_area> <https://w3id.org/rtskg/new_york_city/instance/station_area_479> .
<https://w3id.org/rtskg/new_york_city/instance/block_19301> <https://w3id.org/rtskg/ontology/objectproperty/block_intersects_station_area> <https://w3id.org/rtskg/new_york_city/instance/station_area_480> .
<https://w3id.org/rtskg/new_york_city/instance/block_19301> <https://w3id.org/rtskg/ontology/objectproperty/block_intersects_station_area> <https://w3id.org/rtskg/new_york_city/instance/station_area_549> .
<https://w3id.org/rtskg/new_york_city/instance/block_19301> <https://w3id.org/rtskg/ontology/objectproperty/block_intersects_station_area> <https://w3id.org/rtskg/new_york_city/instance/station_area_550> .
<https://w3id.org/rtskg/new_york_city/instance/block_19301> <https://w3id.org/rtskg/ontology/objectproperty/block_intersects_station_area> <https://w3id.org/rtskg/new_york_city/instance/station_area_553> .
<https://w3id.org/rtskg/new_york_city/instance/block_19301> <https://w3id.org/rtskg/ontology/objectproperty/block_intersects_station_area> <https://w3id.org/rtskg/new_york_city/instance/station_area_555> .
<https://w3id.org/rtskg/new_york_city/instance/block_19301> <https://w3id.org/rtskg/ontology/objectproperty/block_locates_at_borough> <https://w3id.org/rtskg/new_york_city/instance/borough_3> .
<https://w3id.org/rtskg/new_york_city/instance/block_19301> <https://w3id.org/rtskg/ontology/objectproperty/block_locates_at_functional_area> <https://w3id.org/rtskg/new_york_city/instance/functional_area_217> .
