<https://w3id.org/rtskg/new_york_city/instance/block_19865> <http://www.w3.org/1999/02/22-rdf-syntax-ns#type> <https://w3id.org/rtskg/ontology/class/block> .
<https://w3id.org/rtskg/new_york_city/instance/block_19865> <https://w3id.org/rtskg/ontology/dataproperty/geometry> "POLYGON ((-73.95662 40.708981, -73.956595 40.709021, -73.956571 40.709061, -73.95654 40.709107, -73.956532 40.709119, -73.956509 40.709154, -73.956479 40.709201, -73.956448 40.709247, -73.956417 40.709294, -73.956387 40.70934, -73.956356 40.709385, -73.956346 40.7094, -73.956345 40.709401, -73.956342 40.709406, -73.956335 40.709417, -73.95633 40.709424, -73.956325 40.709431, -73.956309 40.709455, -73.956253 40.709435, -73.95599 40.709339, -73.955985 40.709337, -73.95598 40.709334, -73.955977 40.709331, -73.955976 40.709331, -73.955972 40.709327, -73.95597 40.709324, -73.955969 40.709323, -73.955967 40.709318, -73.955967 40.709318, -73.955965 40.709314, -73.955964 40.70931, -73.95597 40.7093, -73.955978 40.709287, -73.955986 40.709274, -73.955986 40.709274, -73.955986 40.709274, -73.955986 40.709273, -73.955987 40.709272, -73.955987 40.709271, -73.955987 40.70927, -73.955988 40.709269, -73.955988 40.709268, -73.955989 40.709267, -73.955989 40.709266, -73.956013 40.709228, -73.956015 40.709225, -73.956016 40.709223, -73.956017 40.709222, -73.956017 40.709222, -73.95603 40.709201, -73.956046 40.709176, -73.956051 40.709168, -73.956074 40.70913, -73.956103 40.709084, -73.956116 40.709063, -73.956131 40.709038, -73.95616 40.708992, -73.956189 40.708947, -73.956217 40.708901, -73.956224 40.708889, -73.956246 40.708855, -73.956274 40.708809, -73.956302 40.708764, -73.956303 40.708763, -73.956304 40.708762, -73.956305 40.708761, -73.956305 40.70876, -73.956306 40.708759, -73.956307 40.708758, -73.956308 40.708757, -73.956308 40.708757, -73.956309 40.708756, -73.95631 40.708755, -73.956312 40.708754, -73.956313 40.708753, -73.956314 40.708753, -73.956315 40.708752, -73.956317 40.708751, -73.956318 40.70875, -73.956319 40.708749, -73.956321 40.708749, -73.956322 40.708748, -73.956323 40.708748, -73.956324 40.708747, -73.956325 40.708747, -73.956327 40.708746, -73.956328 40.708746, -73.95633 40.708745, -73.956331 40.708745, -73.956333 40.708745, -73.956335 40.708744, -73.956336 40.708744, -73.956338 40.708744, -73.95634 40.708744, -73.956341 40.708743, -73.956341 40.708743, -73.956343 40.708743, -73.956345 40.708743, -73.956346 40.708743, -73.956348 40.708743, -73.95635 40.708743, -73.956351 40.708744, -73.956353 40.708744, -73.956355 40.708744, -73.956356 40.708744, -73.956358 40.708744, -73.95636 40.708745, -73.956363 40.708746, -73.956397 40.708758, -73.956405 40.70876, -73.956415 40.708764, -73.956461 40.70878, -73.956471 40.708783, -73.956518 40.7088, -73.956526 40.708802, -73.956554 40.708812, -73.956638 40.708841, -73.95664 40.708842, -73.956645 40.708843, -73.956652 40.708845, -73.956659 40.708848, -73.956665 40.70885, -73.956672 40.708853, -73.956679 40.708855, -73.956687 40.708857, -73.956695 40.70886, -73.956695 40.708861, -73.956684 40.708878, -73.956684 40.708878, -73.956682 40.708881, -73.95668 40.708884, -73.956669 40.708902, -73.956645 40.708941, -73.956644 40.708942, -73.95662 40.708981))"^^<http://www.opengis.net/ont/geosparql#wktLiteral> .
<https://w3id.org/rtskg/new_york_city/instance/block_19865> <https://w3id.org/rtskg/ontology/objectproperty/block_intersects_station_area> <https://w3id.org/rtskg/new_york_city/instance/station_area_323> .
<https://w3id.org/rtskg/new_york_city/instance/block_19865> <https://w3id.org/rtskg/ontology/objectproperty/block_intersects_station_area> <https://w3id.org/rtskg/new_york_city/instance/station_area_479> .
<https://w3id.org/rtskg/new_york_city/instance/block_19865> <https://w3id.org/rtskg/ontology/objectproperty/block_intersects_station_area> <https://w3id.org/rtskg/new_york_city/instance/station_area_480> .
<https://w3id.org/rtskg/new_york_city/instance/block_19865> <https://w3id.org/rtskg/ontology/objectproperty/block_intersects_station_area> <https://w3id.org/rtskg/new_york_city/instance/station_area_553> .
<https://w3id.org/rtskg/new_york_city/instance/block_19865> <https://w3id.org/rtskg/ontology/objectproperty/block_intersects_station_area> <https://w3id.org/rtskg/new_york_city/instance/station_area_554> .
<https://w3id.org/rtskg/new_york_city/instance/block_19865> <https://w3id.org/rtskg/ontology/objectproperty/block_intersects_station_area> <https://w3id.org/rtskg/new_york_city/instance/station_area_555> .
<https://w3id.org/rtskg/new_york_city/instance/block_19865> <https://w3id.org/rtskg/ontology/objectproperty/block_locates_at_borough> <https://w3id.org/rtskg/new_york_city/instance/borough_3> .
<https://w3id.org/rtskg/new_york_city/instance/block_19865> <https://w3id.org/rtskg/ontology/objectproperty/block_locates_at_functional_area> <https://w3id.org/rtskg/new_york_city/instance/functional_area_256> .
