<https://w3id.org/rtskg/new_york_city/instance/block_37925> <http://www.w3.org/1999/02/22-rdf-syntax-ns#type> <https://w3id.org/rtskg/ontology/class/block> .
<https://w3id.org/rtskg/new_york_city/instance/block_37925> <https://w3id.org/rtskg/ontology/dataproperty/geometry> "POLYGON ((-73.911708 40.843145, -73.911705 40.843146, -73.9117 40.843147, -73.911695 40.843148, -73.91169 40.843149, -73.911683 40.843149, -73.91168 40.843148, -73.911674 40.843148, -73.911669 40.843147, -73.911668 40.843147, -73.911661 40.843145, -73.911653 40.843142, -73.911641 40.843139, -73.911617 40.843132, -73.91161 40.84313, -73.911604 40.843129, -73.911602 40.843129, -73.911596 40.843128, -73.911582 40.843128, -73.911577 40.843128, -73.911564 40.843127, -73.91152 40.843125, -73.911516 40.843125, -73.911492 40.843124, -73.911447 40.843121, -73.911379 40.843118, -73.911367 40.843118, -73.911314 40.843115, -73.91131 40.843115, -73.911295 40.843114, -73.91129 40.843114, -73.91127 40.843112, -73.911247 40.843111, -73.91124 40.84311, -73.911183 40.843107, -73.911121 40.843103, -73.91112 40.843102, -73.911113 40.843102, -73.911112 40.843102, -73.911086 40.8431, -73.911077 40.8431, -73.911058 40.843098, -73.911056 40.843098, -73.911054 40.843098, -73.911053 40.843097, -73.911052 40.843097, -73.91105 40.843096, -73.911049 40.843096, -73.911048 40.843095, -73.911046 40.843094, -73.911045 40.843094, -73.911044 40.843093, -73.911043 40.843092, -73.911041 40.843091, -73.91104 40.84309, -73.911039 40.84309, -73.911039 40.843089, -73.911038 40.843089, -73.911037 40.843088, -73.911036 40.843087, -73.911035 40.843086, -73.911034 40.843085, -73.911034 40.843084, -73.911033 40.843083, -73.911032 40.843082, -73.911032 40.843082, -73.911031 40.843081, -73.911031 40.843079, -73.91103 40.843078, -73.91103 40.843077, -73.911029 40.843076, -73.911029 40.843075, -73.911028 40.843074, -73.911028 40.843073, -73.911028 40.843071, -73.911028 40.84307, -73.911027 40.843069, -73.911027 40.843068, -73.911027 40.843067, -73.911028 40.843061, -73.911029 40.843054, -73.911029 40.843049, -73.91103 40.843043, -73.911032 40.843021, -73.911037 40.842976, -73.911042 40.84293, -73.911044 40.842915, -73.911044 40.842915, -73.911044 40.842911, -73.911046 40.8429, -73.911046 40.842899, -73.911047 40.842885, -73.911048 40.842884, -73.911049 40.842883, -73.911049 40.842881, -73.91105 40.84288, -73.911051 40.842879, -73.911052 40.842878, -73.911053 40.842876, -73.911054 40.842875, -73.911055 40.842874, -73.911056 40.842873, -73.911057 40.842872, -73.911058 40.842871, -73.911059 40.84287, -73.91106 40.842869, -73.911062 40.842868, -73.911063 40.842867, -73.911064 40.842866, -73.911066 40.842865, -73.911067 40.842865, -73.911069 40.842864, -73.91107 40.842863, -73.911072 40.842863, -73.911073 40.842862, -73.911075 40.842861, -73.911076 40.842861, -73.911077 40.842861, -73.911078 40.84286, -73.91108 40.84286, -73.911081 40.842859, -73.911083 40.842859, -73.911085 40.842859, -73.911087 40.842858, -73.911101 40.842859, -73.911107 40.842859, -73.911118 40.84286, -73.911125 40.842861, -73.911151 40.842862, -73.911152 40.842862, -73.911205 40.842865, -73.911218 40.842866, -73.911251 40.842868, -73.911281 40.84287, -73.911284 40.84287, -73.911305 40.842871, -73.911317 40.842872, -73.91133 40.842873, -73.911349 40.842874, -73.911351 40.842874, -73.911415 40.842878, -73.911451 40.84288, -73.911481 40.842882, -73.911543 40.842886, -73.911546 40.842886, -73.911552 40.842886, -73.911608 40.84289, -73.911608 40.84289, -73.911613 40.84289, -73.911643 40.842893, -73.911651 40.842894, -73.911657 40.842896, -73.911669 40.842899, -73.911683 40.842903, -73.911694 40.842908, -73.911703 40.842911, -73.911714 40.842917, -73.911726 40.842924, -73.911735 40.84293, -73.911737 40.842932, -73.911747 40.842939, -73.911747 40.842939, -73.911751 40.842942, -73.911755 40.842946, -73.911761 40.842951, -73.911763 40.842952, -73.911766 40.842955, -73.911768 40.842959, -73.911769 40.842962, -73.91177 40.842965, -73.911771 40.842969, -73.911771 40.842973, -73.91177 40.842983, -73.911768 40.842998, -73.911731 40.843105, -73.911721 40.843128, -73.911719 40.843132, -73.911712 40.843141, -73.91171 40.843143, -73.911708 40.843145))"^^<http://www.opengis.net/ont/geosparql#wktLiteral> .
<https://w3id.org/rtskg/new_york_city/instance/block_37925> <https://w3id.org/rtskg/ontology/objectproperty/block_intersects_station_area> <https://w3id.org/rtskg/new_york_city/instance/station_area_53> .
<https://w3id.org/rtskg/new_york_city/instance/block_37925> <https://w3id.org/rtskg/ontology/objectproperty/block_intersects_station_area> <https://w3id.org/rtskg/new_york_city/instance/station_area_54> .
<https://w3id.org/rtskg/new_york_city/instance/block_37925> <https://w3id.org/rtskg/ontology/objectproperty/block_intersects_station_area> <https://w3id.org/rtskg/new_york_city/instance/station_area_573> .
<https://w3id.org/rtskg/new_york_city/instance/block_37925> <https://w3id.org/rtskg/ontology/objectproperty/block_intersects_station_area> <https://w3id.org/rtskg/new_york_city/instance/station_area_574> .
<https://w3id.org/rtskg/new_york_city/instance/block_37925> <https://w3id.org/rtskg/ontology/objectproperty/block_intersects_station_area> <https://w3id.org/rtskg/new_york_city/instance/station_area_57> .
<https://w3id.org/rtskg/new_york_city/instance/block_37925> <https://w3id.org/rtskg/ontology/objectproperty/block_intersects_station_area> <https://w3id.org/rtskg/new_york_city/instance/station_area_58> .
<https://w3id.org/rtskg/new_york_city/instance/block_37925> <https://w3id.org/rtskg/ontology/objectproperty/block_intersects_station_area> <https://w3id.org/rtskg/new_york_city/instance/station_area_61> .
<https://w3id.org/rtskg/new_york_city/instance/block_37925> <https://w3id.org/rtskg/ontology/objectproperty/block_locates_at_borough> <https://w3id.org/rtskg/new_york_city/instance/borough_2> .
<https://w3id.org/rtskg/new_york_city/instance/block_37925> <https://w3id.org/rtskg/ontology/objectproperty/block_locates_at_functional_area> <https://w3id.org/rtskg/new_york_city/instance/functional_area_69> .
