<https://w3id.org/rtskg/new_york_city/instance/block_23625> <http://www.w3.org/1999/02/22-rdf-syntax-ns#type> <https://w3id.org/rtskg/ontology/class/block> .
<https://w3id.org/rtskg/new_york_city/instance/block_23625> <https://w3id.org/rtskg/ontology/dataproperty/geometry> "POLYGON ((-73.90948 40.84492, -73.909485 40.844914, -73.909487 40.844911, -73.909495 40.844903, -73.909495 40.844903, -73.909496 40.844903, -73.909497 40.844903, -73.909497 40.844903, -73.909498 40.844902, -73.9095 40.844902, -73.909501 40.844902, -73.909502 40.844902, -73.909503 40.844902, -73.909504 40.844901, -73.909506 40.844901, -73.909507 40.844901, -73.909508 40.844901, -73.909541 40.844903, -73.909554 40.844904, -73.909573 40.844905, -73.909637 40.844908, -73.909702 40.844912, -73.909767 40.844916, -73.909831 40.844919, -73.909885 40.844922, -73.909938 40.844925, -73.909992 40.844927, -73.910049 40.84493, -73.910105 40.844933, -73.910139 40.844934, -73.910162 40.844935, -73.910218 40.844938, -73.91022 40.844938, -73.91024 40.844939, -73.910274 40.844941, -73.910316 40.844943, -73.91033 40.844944, -73.91036 40.844942, -73.910382 40.844942, -73.91039 40.844941, -73.910449 40.844938, -73.910509 40.844932, -73.910568 40.844925, -73.910626 40.844917, -73.910676 40.84491, -73.910726 40.844903, -73.910775 40.844896, -73.910845 40.844889, -73.910849 40.844888, -73.910861 40.844887, -73.910863 40.844887, -73.910886 40.844884, -73.910901 40.844883, -73.910938 40.844879, -73.910927 40.844894, -73.910925 40.844898, -73.910925 40.844898, -73.910897 40.844936, -73.910897 40.844937, -73.910895 40.84494, -73.910894 40.844942, -73.910893 40.844942, -73.910893 40.844943, -73.910892 40.844944, -73.910892 40.844944, -73.910891 40.844945, -73.910891 40.844945, -73.91089 40.844946, -73.91089 40.844947, -73.91089 40.844947, -73.910889 40.844948, -73.910889 40.844948, -73.910888 40.844949, -73.910888 40.844949, -73.910841 40.845015, -73.910787 40.845013, -73.910772 40.845013, -73.910768 40.845013, -73.910765 40.845013, -73.910762 40.845012, -73.910757 40.845012, -73.910727 40.845011, -73.910675 40.84501, -73.910645 40.845009, -73.910607 40.845008, -73.910595 40.845007, -73.910585 40.845007, -73.910574 40.845006, -73.910567 40.845006, -73.910553 40.845006, -73.910536 40.845005, -73.910513 40.845005, -73.91049 40.845004, -73.91049 40.845004, -73.910489 40.845004, -73.910489 40.845004, -73.910489 40.845004, -73.910489 40.845004, -73.910488 40.845004, -73.910488 40.845004, -73.910488 40.845004, -73.910487 40.845004, -73.910487 40.845004, -73.910487 40.845004, -73.910487 40.845004, -73.910486 40.845004, -73.910486 40.845004, -73.910485 40.845004, -73.910481 40.845004, -73.910471 40.845003, -73.910465 40.845003, -73.910461 40.845003, -73.910425 40.845002, -73.910359 40.845, -73.910177 40.844995, -73.910116 40.844992, -73.909938 40.844983, -73.909889 40.844981, -73.909775 40.844975, -73.909709 40.844972, -73.909666 40.84497, -73.909642 40.844969, -73.909576 40.844965, -73.90951 40.844962, -73.909508 40.844962, -73.909502 40.844962, -73.90947 40.84496, -73.90947 40.844953, -73.90947 40.844952, -73.909471 40.844951, -73.909471 40.844949, -73.909471 40.844948, -73.909471 40.844947, -73.909471 40.844946, -73.909471 40.844944, -73.909471 40.844943, -73.909472 40.844942, -73.909472 40.844941, -73.909472 40.84494, -73.909472 40.844939, -73.909473 40.844928, -73.90948 40.84492))"^^<http://www.opengis.net/ont/geosparql#wktLiteral> .
<https://w3id.org/rtskg/new_york_city/instance/block_23625> <https://w3id.org/rtskg/ontology/objectproperty/block_intersects_station_area> <https://w3id.org/rtskg/new_york_city/instance/station_area_53> .
<https://w3id.org/rtskg/new_york_city/instance/block_23625> <https://w3id.org/rtskg/ontology/objectproperty/block_intersects_station_area> <https://w3id.org/rtskg/new_york_city/instance/station_area_573> .
<https://w3id.org/rtskg/new_york_city/instance/block_23625> <https://w3id.org/rtskg/ontology/objectproperty/block_intersects_station_area> <https://w3id.org/rtskg/new_york_city/instance/station_area_57> .
<https://w3id.org/rtskg/new_york_city/instance/block_23625> <https://w3id.org/rtskg/ontology/objectproperty/block_intersects_station_area> <https://w3id.org/rtskg/new_york_city/instance/station_area_58> .
<https://w3id.org/rtskg/new_york_city/instance/block_23625> <https://w3id.org/rtskg/ontology/objectproperty/block_intersects_station_area> <https://w3id.org/rtskg/new_york_city/instance/station_area_61> .
<https://w3id.org/rtskg/new_york_city/instance/block_23625> <https://w3id.org/rtskg/ontology/objectproperty/block_intersects_station_area> <https://w3id.org/rtskg/new_york_city/instance/station_area_699> .
<https://w3id.org/rtskg/new_york_city/instance/block_23625> <https://w3id.org/rtskg/ontology/objectproperty/block_locates_at_borough> <https://w3id.org/rtskg/new_york_city/instance/borough_2> .
<https://w3id.org/rtskg/new_york_city/instance/block_23625> <https://w3id.org/rtskg/ontology/objectproperty/block_locates_at_functional_area> <https://w3id.org/rtskg/new_york_city/instance/functional_area_169> .
