<https://w3id.org/rtskg/new_york_city/instance/block_43501> <http://www.w3.org/1999/02/22-rdf-syntax-ns#type> <https://w3id.org/rtskg/ontology/class/block> .
<https://w3id.org/rtskg/new_york_city/instance/block_43501> <https://w3id.org/rtskg/ontology/dataproperty/geometry> "POLYGON ((-73.890567 40.820295, -73.890568 40.820294, -73.890586 40.820277, -73.890605 40.820259, -73.890607 40.82026, -73.890609 40.820262, -73.890611 40.820263, -73.890613 40.820265, -73.890613 40.820266, -73.890614 40.820267, -73.890615 40.820267, -73.890615 40.820268, -73.890615 40.820269, -73.890616 40.820271, -73.890617 40.820273, -73.890617 40.820275, -73.890618 40.820276, -73.890618 40.820276, -73.890617 40.820277, -73.890617 40.820278, -73.890617 40.820279, -73.890616 40.82028, -73.890615 40.820282, -73.890614 40.820284, -73.890611 40.820288, -73.890603 40.820298, -73.89059 40.820309, -73.890588 40.82031, -73.890579 40.820317, -73.890576 40.82032, -73.890563 40.820331, -73.890558 40.820335, -73.890556 40.820338, -73.890416 40.820462, -73.890387 40.820488, -73.890271 40.820589, -73.890145 40.820683, -73.890014 40.820774, -73.890002 40.820782, -73.889731 40.820962, -73.889514 40.821107, -73.889417 40.821174, -73.889243 40.821293, -73.889163 40.821344, -73.88909 40.821389, -73.889041 40.821421, -73.889037 40.821424, -73.888983 40.821459, -73.88893 40.821493, -73.888899 40.821513, -73.888877 40.821528, -73.888824 40.821562, -73.888797 40.821579, -73.88877 40.821597, -73.888717 40.821632, -73.888668 40.821663, -73.888618 40.821695, -73.888569 40.821727, -73.888527 40.821754, -73.88852 40.821758, -73.88847 40.82179, -73.888421 40.821822, -73.888377 40.821847, -73.888377 40.821847, -73.888376 40.821848, -73.888375 40.821848, -73.888375 40.821848, -73.888374 40.821848, -73.888373 40.821848, -73.888373 40.821849, -73.888372 40.821849, -73.888371 40.821849, -73.888371 40.821849, -73.88837 40.821849, -73.888369 40.821849, -73.888368 40.821849, -73.888368 40.821849, -73.888367 40.821849, -73.888366 40.821849, -73.888366 40.821849, -73.888365 40.821849, -73.888364 40.821848, -73.888364 40.821848, -73.888363 40.821848, -73.888362 40.821848, -73.888362 40.821847, -73.888361 40.821847, -73.88836 40.821847, -73.88836 40.821846, -73.888359 40.821846, -73.888359 40.821846, -73.888358 40.821845, -73.888358 40.821845, -73.888357 40.821844, -73.888357 40.821844, -73.888357 40.821843, -73.888356 40.821843, -73.888356 40.821842, -73.888356 40.821842, -73.888356 40.821841, -73.888355 40.821841, -73.888355 40.82184, -73.888355 40.82184, -73.888355 40.821839, -73.888355 40.821839, -73.888355 40.821838, -73.888355 40.821838, -73.888355 40.821837, -73.888355 40.821836, -73.888356 40.821836, -73.888356 40.821835, -73.888356 40.821835, -73.888356 40.821834, -73.888357 40.821834, -73.888357 40.821833, -73.888357 40.821833, -73.888358 40.821832, -73.888419 40.821792, -73.888469 40.82176, -73.88852 40.821727, -73.888571 40.821694, -73.888621 40.821661, -73.888672 40.821629, -73.888723 40.821596, -73.888773 40.821563, -73.888824 40.82153, -73.888835 40.821523, -73.888877 40.821496, -73.888885 40.82149, -73.888899 40.821482, -73.888931 40.821461, -73.889253 40.821257, -73.889503 40.821097, -73.889609 40.821029, -73.889735 40.82094, -73.88975 40.820929, -73.889907 40.820825, -73.890006 40.820757, -73.890098 40.820693, -73.890129 40.82067, -73.890162 40.820645, -73.890187 40.820627, -73.890245 40.820581, -73.890274 40.820558, -73.890321 40.820517, -73.890433 40.820419, -73.89054 40.82032, -73.890542 40.820319, -73.890567 40.820295))"^^<http://www.opengis.net/ont/geosparql#wktLiteral> .
<https://w3id.org/rtskg/new_york_city/instance/block_43501> <https://w3id.org/rtskg/ontology/objectproperty/block_intersects_station_area> <https://w3id.org/rtskg/new_york_city/instance/station_area_495> .
<https://w3id.org/rtskg/new_york_city/instance/block_43501> <https://w3id.org/rtskg/ontology/objectproperty/block_intersects_station_area> <https://w3id.org/rtskg/new_york_city/instance/station_area_496> .
<https://w3id.org/rtskg/new_york_city/instance/block_43501> <https://w3id.org/rtskg/ontology/objectproperty/block_intersects_station_area> <https://w3id.org/rtskg/new_york_city/instance/station_area_497> .
<https://w3id.org/rtskg/new_york_city/instance/block_43501> <https://w3id.org/rtskg/ontology/objectproperty/block_intersects_station_area> <https://w3id.org/rtskg/new_york_city/instance/station_area_547> .
<https://w3id.org/rtskg/new_york_city/instance/block_43501> <https://w3id.org/rtskg/ontology/objectproperty/block_intersects_station_area> <https://w3id.org/rtskg/new_york_city/instance/station_area_667> .
<https://w3id.org/rtskg/new_york_city/instance/block_43501> <https://w3id.org/rtskg/ontology/objectproperty/block_intersects_station_area> <https://w3id.org/rtskg/new_york_city/instance/station_area_727> .
<https://w3id.org/rtskg/new_york_city/instance/block_43501> <https://w3id.org/rtskg/ontology/objectproperty/block_locates_at_borough> <https://w3id.org/rtskg/new_york_city/instance/borough_2> .
<https://w3id.org/rtskg/new_york_city/instance/block_43501> <https://w3id.org/rtskg/ontology/objectproperty/block_locates_at_functional_area> <https://w3id.org/rtskg/new_york_city/instance/functional_area_126> .
