<https://w3id.org/rtskg/new_york_city/instance/block_18348> <http://www.w3.org/1999/02/22-rdf-syntax-ns#type> <https://w3id.org/rtskg/ontology/class/block> .
<https://w3id.org/rtskg/new_york_city/instance/block_18348> <https://w3id.org/rtskg/ontology/dataproperty/geometry> "POLYGON ((-74.00181 40.735133, -74.00181 40.735133, -74.001811 40.735134, -74.001811 40.735134, -74.001811 40.735134, -74.001811 40.735135, -74.001811 40.735135, -74.001811 40.735135, -74.001811 40.735135, -74.001812 40.735136, -74.001812 40.735136, -74.001812 40.735136, -74.001812 40.735137, -74.001812 40.735137, -74.001812 40.735137, -74.001812 40.735138, -74.001812 40.735138, -74.001812 40.735138, -74.001812 40.735139, -74.001812 40.735139, -74.001812 40.735139, -74.001812 40.73514, -74.001811 40.73514, -74.001811 40.735141, -74.001811 40.735141, -74.001811 40.735141, -74.001811 40.735142, -74.001802 40.735157, -74.001714 40.735314, -74.001713 40.735315, -74.001713 40.735315, -74.001713 40.735315, -74.001712 40.735316, -74.001712 40.735316, -74.001711 40.735317, -74.001711 40.735317, -74.001711 40.735317, -74.00171 40.735317, -74.00171 40.735318, -74.001709 40.735318, -74.001709 40.735318, -74.001708 40.735318, -74.001708 40.735319, -74.001708 40.735319, -74.001707 40.735319, -74.001706 40.735319, -74.001706 40.735319, -74.001705 40.73532, -74.001705 40.73532, -74.001704 40.73532, -74.001704 40.73532, -74.001703 40.73532, -74.001702 40.73532, -74.001702 40.73532, -74.001701 40.73532, -74.001701 40.73532, -74.0017 40.73532, -74.001699 40.73532, -74.001699 40.73532, -74.001698 40.73532, -74.001698 40.73532, -74.001697 40.73532, -74.001696 40.73532, -74.001696 40.73532, -74.001695 40.73532, -74.001694 40.73532, -74.001694 40.73532, -74.001693 40.73532, -74.001693 40.73532, -74.001692 40.735319, -74.001692 40.735319, -74.001691 40.735319, -74.001691 40.735319, -74.00169 40.735319, -74.00169 40.735319, -74.001689 40.735318, -74.001689 40.735318, -74.001688 40.735318, -74.001688 40.735317, -74.001687 40.735317, -74.001687 40.735317, -74.001687 40.735317, -74.001687 40.735317, -74.001686 40.735316, -74.001686 40.735316, -74.001685 40.735316, -74.001685 40.735315, -74.001685 40.735315, -74.001684 40.735314, -74.001684 40.735314, -74.001684 40.735314, -74.001683 40.735313, -74.001683 40.735313, -74.00168 40.735302, -74.001644 40.735191, -74.001639 40.735178, -74.001639 40.735177, -74.001639 40.735176, -74.001639 40.735175, -74.001639 40.735174, -74.001639 40.735172, -74.00164 40.735171, -74.00164 40.73517, -74.00164 40.735169, -74.001641 40.735168, -74.001641 40.735166, -74.001642 40.735165, -74.001642 40.735164, -74.001642 40.735164, -74.001643 40.735163, -74.001643 40.735162, -74.001644 40.735161, -74.001645 40.73516, -74.001645 40.73516, -74.001645 40.735159, -74.001646 40.735159, -74.001647 40.735158, -74.001647 40.735157, -74.001648 40.735156, -74.001649 40.735155, -74.00165 40.735154, -74.001651 40.735153, -74.001653 40.735152, -74.001654 40.735151, -74.001654 40.735151, -74.001655 40.73515, -74.001656 40.73515, -74.001657 40.735149, -74.001659 40.735148, -74.00166 40.735147, -74.001661 40.735147, -74.001663 40.735146, -74.001664 40.735146, -74.001667 40.735145, -74.001782 40.73513, -74.001795 40.735128, -74.001795 40.735128, -74.001796 40.735128, -74.001796 40.735128, -74.001797 40.735128, -74.001797 40.735128, -74.001798 40.735128, -74.001798 40.735128, -74.001799 40.735128, -74.001799 40.735128, -74.0018 40.735128, -74.0018 40.735128, -74.0018 40.735128, -74.001801 40.735128, -74.001801 40.735128, -74.001801 40.735128, -74.001802 40.735128, -74.001802 40.735128, -74.001803 40.735128, -74.001803 40.735128, -74.001804 40.735129, -74.001804 40.735129, -74.001804 40.735129, -74.001805 40.735129, -74.001805 40.735129, -74.001806 40.735129, -74.001806 40.73513, -74.001806 40.73513, -74.001807 40.73513, -74.001807 40.73513, -74.001807 40.73513, -74.001808 40.735131, -74.001808 40.735131, -74.001808 40.735131, -74.001809 40.735131, -74.001809 40.735132, -74.001809 40.735132, -74.00181 40.735132, -74.00181 40.735132, -74.00181 40.735132, -74.00181 40.735133, -74.00181 40.735133))"^^<http://www.opengis.net/ont/geosparql#wktLiteral> .
<https://w3id.org/rtskg/new_york_city/instance/block_18348> <https://w3id.org/rtskg/ontology/objectproperty/block_intersects_station_area> <https://w3id.org/rtskg/new_york_city/instance/station_area_29> .
<https://w3id.org/rtskg/new_york_city/instance/block_18348> <https://w3id.org/rtskg/ontology/objectproperty/block_intersects_station_area> <https://w3id.org/rtskg/new_york_city/instance/station_area_30> .
<https://w3id.org/rtskg/new_york_city/instance/block_18348> <https://w3id.org/rtskg/ontology/objectproperty/block_intersects_station_area> <https://w3id.org/rtskg/new_york_city/instance/station_area_31> .
<https://w3id.org/rtskg/new_york_city/instance/block_18348> <https://w3id.org/rtskg/ontology/objectproperty/block_intersects_station_area> <https://w3id.org/rtskg/new_york_city/instance/station_area_359> .
<https://w3id.org/rtskg/new_york_city/instance/block_18348> <https://w3id.org/rtskg/ontology/objectproperty/block_intersects_station_area> <https://w3id.org/rtskg/new_york_city/instance/station_area_360> .
<https://w3id.org/rtskg/new_york_city/instance/block_18348> <https://w3id.org/rtskg/ontology/objectproperty/block_intersects_station_area> <https://w3id.org/rtskg/new_york_city/instance/station_area_483> .
<https://w3id.org/rtskg/new_york_city/instance/block_18348> <https://w3id.org/rtskg/ontology/objectproperty/block_intersects_station_area> <https://w3id.org/rtskg/new_york_city/instance/station_area_65> .
<https://w3id.org/rtskg/new_york_city/instance/block_18348> <https://w3id.org/rtskg/ontology/objectproperty/block_intersects_station_area> <https://w3id.org/rtskg/new_york_city/instance/station_area_711> .
<https://w3id.org/rtskg/new_york_city/instance/block_18348> <https://w3id.org/rtskg/ontology/objectproperty/block_intersects_station_area> <https://w3id.org/rtskg/new_york_city/instance/station_area_712> .
<https://w3id.org/rtskg/new_york_city/instance/block_18348> <https://w3id.org/rtskg/ontology/objectproperty/block_locates_at_borough> <https://w3id.org/rtskg/new_york_city/instance/borough_1> .
<https://w3id.org/rtskg/new_york_city/instance/block_18348> <https://w3id.org/rtskg/ontology/objectproperty/block_locates_at_functional_area> <https://w3id.org/rtskg/new_york_city/instance/functional_area_249> .
