<https://w3id.org/rtskg/new_york_city/instance/block_21663> <http://www.w3.org/1999/02/22-rdf-syntax-ns#type> <https://w3id.org/rtskg/ontology/class/block> .
<https://w3id.org/rtskg/new_york_city/instance/block_21663> <https://w3id.org/rtskg/ontology/dataproperty/geometry> "POLYGON ((-73.982479 40.77226, -73.982468 40.772274, -73.982379 40.772395, -73.982361 40.77242, -73.982358 40.772424, -73.982356 40.772425, -73.982354 40.772425, -73.982351 40.772425, -73.982348 40.772425, -73.982346 40.772424, -73.982344 40.772423, -73.982342 40.772421, -73.982341 40.772419, -73.98234 40.772414, -73.98234 40.772399, -73.982339 40.772383, -73.982339 40.772374, -73.982334 40.772221, -73.982334 40.772204, -73.982332 40.772168, -73.982363 40.772138, -73.982362 40.772091, -73.98236 40.772039, -73.982359 40.771987, -73.982358 40.771935, -73.982357 40.771883, -73.982357 40.771881, -73.982356 40.77183, -73.982355 40.771777, -73.982355 40.771724, -73.982355 40.771702, -73.982354 40.771671, -73.982354 40.771622, -73.982354 40.771617, -73.982353 40.771572, -73.982353 40.771567, -73.982353 40.771566, -73.982353 40.771566, -73.982353 40.771565, -73.982353 40.771564, -73.982353 40.771563, -73.982354 40.771563, -73.982354 40.771562, -73.982354 40.771562, -73.982354 40.771561, -73.982354 40.771561, -73.982355 40.77156, -73.982355 40.771559, -73.982355 40.771558, -73.982356 40.771558, -73.982356 40.771557, -73.982357 40.771556, -73.982357 40.771556, -73.982358 40.771555, -73.982358 40.771555, -73.982359 40.771554, -73.982359 40.771553, -73.98236 40.771553, -73.98236 40.771552, -73.982361 40.771552, -73.982361 40.771552, -73.982362 40.771551, -73.982363 40.771551, -73.982363 40.77155, -73.982364 40.77155, -73.982365 40.771549, -73.982366 40.771549, -73.982367 40.771549, -73.982367 40.771548, -73.982368 40.771548, -73.982369 40.771548, -73.98237 40.771547, -73.982371 40.771547, -73.982372 40.771547, -73.982373 40.771547, -73.982374 40.771546, -73.982374 40.771546, -73.982375 40.771546, -73.982376 40.771546, -73.982376 40.771546, -73.982376 40.771546, -73.982377 40.771546, -73.982378 40.771546, -73.982379 40.771546, -73.98238 40.771546, -73.982381 40.771546, -73.982382 40.771546, -73.982383 40.771546, -73.982384 40.771546, -73.982385 40.771546, -73.982386 40.771546, -73.982387 40.771546, -73.982388 40.771546, -73.982389 40.771547, -73.98239 40.771547, -73.982391 40.771547, -73.982392 40.771547, -73.982393 40.771548, -73.982393 40.771548, -73.982394 40.771548, -73.982394 40.771548, -73.982403 40.771552, -73.982452 40.771572, -73.982508 40.771595, -73.982564 40.771618, -73.98262 40.771641, -73.982676 40.771664, -73.982733 40.771687, -73.982777 40.771706, -73.982783 40.771708, -73.982784 40.771708, -73.982786 40.771709, -73.982787 40.77171, -73.982788 40.77171, -73.982789 40.771711, -73.98279 40.771711, -73.982791 40.771712, -73.982792 40.771713, -73.982792 40.771713, -73.982793 40.771713, -73.982794 40.771714, -73.982794 40.771715, -73.982795 40.771716, -73.982796 40.771717, -73.982797 40.771717, -73.982798 40.771718, -73.982798 40.771719, -73.982799 40.77172, -73.982799 40.771721, -73.9828 40.771722, -73.982801 40.771723, -73.982801 40.771724, -73.982801 40.771725, -73.982802 40.771726, -73.982802 40.771726, -73.982802 40.771727, -73.982803 40.771728, -73.982803 40.771729, -73.982803 40.77173, -73.982803 40.771731, -73.982803 40.771732, -73.982803 40.771733, -73.982803 40.771734, -73.982803 40.771735, -73.982803 40.771736, -73.982803 40.771737, -73.982803 40.771738, -73.982803 40.771739, -73.982802 40.77174, -73.982802 40.771741, -73.982802 40.771742, -73.982801 40.771743, -73.982801 40.771743, -73.982801 40.771744, -73.9828 40.771745, -73.9828 40.771746, -73.982799 40.771747, -73.982798 40.771748, -73.982793 40.771756, -73.982771 40.771785, -73.982763 40.771797, -73.98273 40.771841, -73.982698 40.771886, -73.982666 40.77193, -73.982634 40.771974, -73.982601 40.772019, -73.982569 40.772063, -73.982537 40.772107, -73.982511 40.772144, -73.982484 40.77218, -73.982473 40.772196, -73.982489 40.772246, -73.982479 40.77226))"^^<http://www.opengis.net/ont/geosparql#wktLiteral> .
<https://w3id.org/rtskg/new_york_city/instance/block_21663> <https://w3id.org/rtskg/ontology/objectproperty/block_intersects_station_area> <https://w3id.org/rtskg/new_york_city/instance/station_area_161> .
<https://w3id.org/rtskg/new_york_city/instance/block_21663> <https://w3id.org/rtskg/ontology/objectproperty/block_intersects_station_area> <https://w3id.org/rtskg/new_york_city/instance/station_area_165> .
<https://w3id.org/rtskg/new_york_city/instance/block_21663> <https://w3id.org/rtskg/ontology/objectproperty/block_intersects_station_area> <https://w3id.org/rtskg/new_york_city/instance/station_area_166> .
<https://w3id.org/rtskg/new_york_city/instance/block_21663> <https://w3id.org/rtskg/ontology/objectproperty/block_intersects_station_area> <https://w3id.org/rtskg/new_york_city/instance/station_area_177> .
<https://w3id.org/rtskg/new_york_city/instance/block_21663> <https://w3id.org/rtskg/ontology/objectproperty/block_intersects_station_area> <https://w3id.org/rtskg/new_york_city/instance/station_area_178> .
<https://w3id.org/rtskg/new_york_city/instance/block_21663> <https://w3id.org/rtskg/ontology/objectproperty/block_intersects_station_area> <https://w3id.org/rtskg/new_york_city/instance/station_area_189> .
<https://w3id.org/rtskg/new_york_city/instance/block_21663> <https://w3id.org/rtskg/ontology/objectproperty/block_locates_at_borough> <https://w3id.org/rtskg/new_york_city/instance/borough_1> .
<https://w3id.org/rtskg/new_york_city/instance/block_21663> <https://w3id.org/rtskg/ontology/objectproperty/block_locates_at_functional_area> <https://w3id.org/rtskg/new_york_city/instance/functional_area_142> .
