<https://w3id.org/rtskg/new_york_city/instance/block_40575> <http://www.w3.org/1999/02/22-rdf-syntax-ns#type> <https://w3id.org/rtskg/ontology/class/block> .
<https://w3id.org/rtskg/new_york_city/instance/block_40575> <https://w3id.org/rtskg/ontology/dataproperty/geometry> "POLYGON ((-73.950344 40.746358, -73.950344 40.746359, -73.950343 40.746359, -73.950343 40.746359, -73.950343 40.74636, -73.950343 40.74636, -73.950342 40.74636, -73.950342 40.74636, -73.950342 40.746361, -73.950342 40.746361, -73.950341 40.746361, -73.950341 40.746361, -73.950341 40.746361, -73.950341 40.746362, -73.95034 40.746362, -73.95034 40.746362, -73.95034 40.746362, -73.950339 40.746362, -73.950339 40.746363, -73.950339 40.746363, -73.950338 40.746363, -73.950338 40.746363, -73.950337 40.746363, -73.950337 40.746363, -73.950337 40.746364, -73.950336 40.746364, -73.950336 40.746364, -73.950335 40.746364, -73.950335 40.746364, -73.950334 40.746364, -73.950334 40.746364, -73.950334 40.746364, -73.950333 40.746364, -73.950333 40.746364, -73.950332 40.746364, -73.950332 40.746364, -73.950331 40.746364, -73.950331 40.746364, -73.95033 40.746364, -73.95033 40.746364, -73.95033 40.746364, -73.950329 40.746364, -73.950329 40.746364, -73.950328 40.746364, -73.950328 40.746364, -73.950327 40.746364, -73.950327 40.746363, -73.950327 40.746363, -73.950326 40.746363, -73.950326 40.746363, -73.950326 40.746363, -73.950325 40.746363, -73.950325 40.746363, -73.950325 40.746363, -73.950324 40.746362, -73.950324 40.746362, -73.950324 40.746362, -73.950323 40.746362, -73.950323 40.746361, -73.950323 40.746361, -73.950322 40.746361, -73.950322 40.746361, -73.950322 40.74636, -73.950322 40.74636, -73.950321 40.74636, -73.950321 40.74636, -73.950321 40.746359, -73.950321 40.746359, -73.95032 40.746359, -73.95032 40.746358, -73.95032 40.746358, -73.95032 40.746358, -73.95032 40.746357, -73.95032 40.746357, -73.95032 40.746357, -73.95032 40.746357, -73.950319 40.746356, -73.950319 40.746356, -73.950319 40.746356, -73.950319 40.746355, -73.950319 40.746355, -73.950319 40.746355, -73.950319 40.746355, -73.950319 40.746354, -73.950319 40.746354, -73.950319 40.746354, -73.950319 40.746353, -73.950319 40.746353, -73.950319 40.746353, -73.950319 40.746352, -73.95032 40.746352, -73.95032 40.746352, -73.95032 40.746351, -73.95032 40.746351, -73.950328 40.746327, -73.950329 40.746322, -73.95033 40.746319, -73.950346 40.746269, -73.950348 40.746261, -73.95037 40.74619, -73.950391 40.746123, -73.950405 40.746079, -73.950408 40.746067, -73.950424 40.746018, -73.950426 40.74601, -73.950437 40.745978, -73.950463 40.745901, -73.950487 40.745829, -73.950492 40.745814, -73.950497 40.745798, -73.950503 40.745781, -73.950503 40.745781, -73.950504 40.74578, -73.950504 40.745779, -73.950505 40.745779, -73.950506 40.745778, -73.950507 40.745778, -73.950508 40.745777, -73.950509 40.745777, -73.95051 40.745776, -73.950511 40.745776, -73.950512 40.745776, -73.950513 40.745776, -73.950514 40.745776, -73.950515 40.745776, -73.950516 40.745776, -73.950517 40.745776, -73.950518 40.745776, -73.950519 40.745777, -73.95052 40.745777, -73.950521 40.745777, -73.950522 40.745778, -73.950523 40.745778, -73.950524 40.745779, -73.950524 40.74578, -73.950525 40.74578, -73.950525 40.745781, -73.950526 40.745782, -73.950526 40.745783, -73.950526 40.745783, -73.950527 40.745784, -73.950527 40.745785, -73.950527 40.745786, -73.950526 40.745787, -73.950521 40.745804, -73.950516 40.74582, -73.950511 40.745836, -73.950497 40.745879, -73.950483 40.745922, -73.950463 40.745983, -73.950444 40.746042, -73.95044 40.746057, -73.95043 40.746086, -73.950426 40.746099, -73.950417 40.746128, -73.950395 40.746197, -73.950392 40.746206, -73.950384 40.74623, -73.950375 40.746259, -73.950354 40.746323, -73.950354 40.746324, -73.950351 40.746333, -73.950345 40.746353, -73.950345 40.746354, -73.950345 40.746354, -73.950345 40.746354, -73.950345 40.746355, -73.950345 40.746355, -73.950345 40.746355, -73.950345 40.746356, -73.950345 40.746356, -73.950344 40.746356, -73.950344 40.746357, -73.950344 40.746357, -73.950344 40.746357, -73.950344 40.746358, -73.950344 40.746358, -73.950344 40.746358))"^^<http://www.opengis.net/ont/geosparql#wktLiteral> .
<https://w3id.org/rtskg/new_york_city/instance/block_40575> <https://w3id.org/rtskg/ontology/objectproperty/block_intersects_station_area> <https://w3id.org/rtskg/new_york_city/instance/station_area_379> .
<https://w3id.org/rtskg/new_york_city/instance/block_40575> <https://w3id.org/rtskg/ontology/objectproperty/block_intersects_station_area> <https://w3id.org/rtskg/new_york_city/instance/station_area_380> .
<https://w3id.org/rtskg/new_york_city/instance/block_40575> <https://w3id.org/rtskg/ontology/objectproperty/block_intersects_station_area> <https://w3id.org/rtskg/new_york_city/instance/station_area_493> .
<https://w3id.org/rtskg/new_york_city/instance/block_40575> <https://w3id.org/rtskg/ontology/objectproperty/block_intersects_station_area> <https://w3id.org/rtskg/new_york_city/instance/station_area_709> .
<https://w3id.org/rtskg/new_york_city/instance/block_40575> <https://w3id.org/rtskg/ontology/objectproperty/block_intersects_station_area> <https://w3id.org/rtskg/new_york_city/instance/station_area_710> .
<https://w3id.org/rtskg/new_york_city/instance/block_40575> <https://w3id.org/rtskg/ontology/objectproperty/block_intersects_station_area> <https://w3id.org/rtskg/new_york_city/instance/station_area_85> .
<https://w3id.org/rtskg/new_york_city/instance/block_40575> <https://w3id.org/rtskg/ontology/objectproperty/block_intersects_station_area> <https://w3id.org/rtskg/new_york_city/instance/station_area_86> .
<https://w3id.org/rtskg/new_york_city/instance/block_40575> <https://w3id.org/rtskg/ontology/objectproperty/block_locates_at_borough> <https://w3id.org/rtskg/new_york_city/instance/borough_4> .
<https://w3id.org/rtskg/new_york_city/instance/block_40575> <https://w3id.org/rtskg/ontology/objectproperty/block_locates_at_functional_area> <https://w3id.org/rtskg/new_york_city/instance/functional_area_145> .
