<https://w3id.org/rtskg/new_york_city/instance/block_11357> <http://www.w3.org/1999/02/22-rdf-syntax-ns#type> <https://w3id.org/rtskg/ontology/class/block> .
<https://w3id.org/rtskg/new_york_city/instance/block_11357> <https://w3id.org/rtskg/ontology/dataproperty/geometry> "POLYGON ((-73.884118 40.678129, -73.884118 40.678129, -73.884117 40.67813, -73.884117 40.67813, -73.884116 40.67813, -73.884115 40.678131, -73.884115 40.678131, -73.884114 40.678131, -73.884113 40.678132, -73.884113 40.678132, -73.884112 40.678132, -73.884102 40.678135, -73.8841 40.678135, -73.884084 40.67814, -73.884065 40.678145, -73.884063 40.678146, -73.883691 40.678251, -73.883627 40.678269, -73.883527 40.678298, -73.883343 40.67835, -73.883312 40.678359, -73.883259 40.678374, -73.882944 40.678463, -73.882914 40.678471, -73.882865 40.678485, -73.882809 40.678501, -73.882806 40.678502, -73.882444 40.678605, -73.882414 40.678613, -73.882361 40.678629, -73.881998 40.678732, -73.881945 40.678747, -73.881934 40.67875, -73.881914 40.678756, -73.881553 40.678858, -73.881523 40.678867, -73.881471 40.678881, -73.881229 40.67895, -73.881159 40.67897, -73.881148 40.678973, -73.881147 40.678973, -73.881116 40.678982, -73.881115 40.678982, -73.881106 40.678985, -73.881102 40.678984, -73.8811 40.678983, -73.881097 40.678981, -73.881093 40.678964, -73.881094 40.678961, -73.881096 40.678958, -73.881099 40.678956, -73.881106 40.678954, -73.88111 40.678952, -73.881138 40.678944, -73.881139 40.678943, -73.881144 40.678942, -73.881144 40.678942, -73.881145 40.678942, -73.881145 40.678941, -73.881215 40.678921, -73.881469 40.678849, -73.881532 40.678831, -73.881899 40.678725, -73.881912 40.678722, -73.881929 40.678717, -73.881943 40.678713, -73.881996 40.678698, -73.88236 40.678595, -73.882423 40.678577, -73.882532 40.678546, -73.88279 40.678473, -73.882815 40.678466, -73.882862 40.678453, -73.882901 40.678441, -73.882907 40.67844, -73.882931 40.678433, -73.883257 40.67834, -73.883322 40.678321, -73.883476 40.678277, -73.883609 40.678239, -73.883671 40.678222, -73.883697 40.678215, -73.884048 40.678116, -73.88405 40.678115, -73.884079 40.678107, -73.884085 40.678105, -73.884087 40.678105, -73.884094 40.678103, -73.884095 40.678102, -73.884095 40.678102, -73.884096 40.678102, -73.884097 40.678102, -73.884097 40.678101, -73.884098 40.678101, -73.884099 40.678101, -73.8841 40.678101, -73.8841 40.678101, -73.884101 40.678101, -73.884102 40.678101, -73.884103 40.678101, -73.884103 40.678101, -73.884104 40.678101, -73.884105 40.678101, -73.884106 40.678101, -73.884106 40.678101, -73.884107 40.678101, -73.884108 40.678101, -73.884108 40.678101, -73.884109 40.678101, -73.88411 40.678101, -73.884111 40.678101, -73.884111 40.678101, -73.884112 40.678102, -73.884113 40.678102, -73.884113 40.678102, -73.884114 40.678102, -73.884115 40.678103, -73.884115 40.678103, -73.884116 40.678103, -73.884117 40.678104, -73.884117 40.678104, -73.884118 40.678104, -73.884118 40.678105, -73.884119 40.678105, -73.884119 40.678105, -73.88412 40.678106, -73.88412 40.678106, -73.884121 40.678107, -73.884121 40.678107, -73.884122 40.678108, -73.884122 40.678108, -73.884123 40.678108, -73.884123 40.678109, -73.884123 40.678109, -73.884123 40.678109, -73.884124 40.67811, -73.884124 40.67811, -73.884124 40.678111, -73.884124 40.678112, -73.884125 40.678112, -73.884125 40.678113, -73.884125 40.678113, -73.884125 40.678114, -73.884125 40.678114, -73.884125 40.678115, -73.884126 40.678115, -73.884126 40.678116, -73.884126 40.678117, -73.884126 40.678117, -73.884126 40.678118, -73.884126 40.678118, -73.884125 40.678119, -73.884125 40.678119, -73.884125 40.67812, -73.884125 40.67812, -73.884125 40.678121, -73.884125 40.678122, -73.884124 40.678122, -73.884124 40.678123, -73.884124 40.678123, -73.884124 40.678124, -73.884123 40.678124, -73.884123 40.678125, -73.884123 40.678125, -73.884122 40.678126, -73.884122 40.678126, -73.884121 40.678127, -73.884121 40.678127, -73.88412 40.678127, -73.88412 40.678128, -73.884119 40.678128, -73.884119 40.678129, -73.884118 40.678129))"^^<http://www.opengis.net/ont/geosparql#wktLiteral> .
<https://w3id.org/rtskg/new_york_city/instance/block_11357> <https://w3id.org/rtskg/ontology/objectproperty/block_intersects_station_area> <https://w3id.org/rtskg/new_york_city/instance/station_area_369> .
<https://w3id.org/rtskg/new_york_city/instance/block_11357> <https://w3id.org/rtskg/ontology/objectproperty/block_intersects_station_area> <https://w3id.org/rtskg/new_york_city/instance/station_area_370> .
<https://w3id.org/rtskg/new_york_city/instance/block_11357> <https://w3id.org/rtskg/ontology/objectproperty/block_intersects_station_area> <https://w3id.org/rtskg/new_york_city/instance/station_area_601> .
<https://w3id.org/rtskg/new_york_city/instance/block_11357> <https://w3id.org/rtskg/ontology/objectproperty/block_intersects_station_area> <https://w3id.org/rtskg/new_york_city/instance/station_area_602> .
<https://w3id.org/rtskg/new_york_city/instance/block_11357> <https://w3id.org/rtskg/ontology/objectproperty/block_intersects_station_area> <https://w3id.org/rtskg/new_york_city/instance/station_area_665> .
<https://w3id.org/rtskg/new_york_city/instance/block_11357> <https://w3id.org/rtskg/ontology/objectproperty/block_intersects_station_area> <https://w3id.org/rtskg/new_york_city/instance/station_area_707> .
<https://w3id.org/rtskg/new_york_city/instance/block_11357> <https://w3id.org/rtskg/ontology/objectproperty/block_locates_at_borough> <https://w3id.org/rtskg/new_york_city/instance/borough_3> .
<https://w3id.org/rtskg/new_york_city/instance/block_11357> <https://w3id.org/rtskg/ontology/objectproperty/block_locates_at_functional_area> <https://w3id.org/rtskg/new_york_city/instance/functional_area_76> .
