<https://w3id.org/rtskg/new_york_city/instance/block_40578> <http://www.w3.org/1999/02/22-rdf-syntax-ns#type> <https://w3id.org/rtskg/ontology/class/block> .
<https://w3id.org/rtskg/new_york_city/instance/block_40578> <https://w3id.org/rtskg/ontology/dataproperty/geometry> "POLYGON ((-73.950755 40.745087, -73.950755 40.745087, -73.950755 40.745087, -73.950756 40.745088, -73.950756 40.745088, -73.950756 40.745088, -73.950756 40.745088, -73.950757 40.745089, -73.950757 40.745089, -73.950757 40.745089, -73.950757 40.745089, -73.950757 40.74509, -73.950757 40.74509, -73.950758 40.74509, -73.950758 40.74509, -73.950758 40.745091, -73.950758 40.745091, -73.950758 40.745091, -73.950758 40.745091, -73.950758 40.745092, -73.950758 40.745092, -73.950758 40.745092, -73.950758 40.745092, -73.950758 40.745093, -73.950758 40.745093, -73.950758 40.745093, -73.950758 40.745094, -73.950758 40.745094, -73.950758 40.745094, -73.950758 40.745094, -73.950758 40.745095, -73.950758 40.745095, -73.950758 40.745095, -73.950758 40.745096, -73.950758 40.745096, -73.950755 40.745105, -73.950754 40.745108, -73.950748 40.745126, -73.950733 40.745172, -73.950672 40.745365, -73.95066 40.745402, -73.950656 40.745413, -73.950622 40.745515, -73.95061 40.74555, -73.950598 40.745585, -73.950581 40.745635, -73.950579 40.745641, -73.950579 40.745642, -73.950573 40.74566, -73.950573 40.74566, -73.950572 40.745661, -73.950571 40.745661, -73.950571 40.745662, -73.95057 40.745663, -73.950569 40.745663, -73.950568 40.745664, -73.950567 40.745664, -73.950566 40.745664, -73.950565 40.745665, -73.950564 40.745665, -73.950563 40.745665, -73.950562 40.745665, -73.95056 40.745665, -73.950559 40.745665, -73.950558 40.745665, -73.950557 40.745665, -73.950556 40.745664, -73.950555 40.745664, -73.950554 40.745664, -73.950553 40.745663, -73.950552 40.745662, -73.950551 40.745662, -73.950551 40.745661, -73.95055 40.74566, -73.950549 40.74566, -73.950549 40.745659, -73.950548 40.745658, -73.950548 40.745657, -73.950548 40.745656, -73.950548 40.745656, -73.950553 40.745639, -73.950554 40.745637, -73.950554 40.745635, -73.950584 40.745543, -73.950606 40.745476, -73.950612 40.745457, -73.950628 40.745409, -73.950652 40.745336, -73.950673 40.745274, -73.950677 40.745261, -73.950696 40.745208, -73.950726 40.745122, -73.950733 40.745103, -73.950734 40.745099, -73.950737 40.745089, -73.950738 40.745089, -73.950738 40.745089, -73.950738 40.745088, -73.950738 40.745088, -73.950738 40.745088, -73.950739 40.745088, -73.950739 40.745087, -73.950739 40.745087, -73.950739 40.745087, -73.95074 40.745087, -73.95074 40.745087, -73.95074 40.745087, -73.95074 40.745086, -73.950741 40.745086, -73.950741 40.745086, -73.950741 40.745086, -73.950742 40.745086, -73.950742 40.745086, -73.950742 40.745085, -73.950743 40.745085, -73.950743 40.745085, -73.950743 40.745085, -73.950744 40.745085, -73.950744 40.745085, -73.950744 40.745085, -73.950745 40.745085, -73.950745 40.745085, -73.950745 40.745085, -73.950746 40.745085, -73.950746 40.745085, -73.950747 40.745085, -73.950747 40.745085, -73.950747 40.745085, -73.950748 40.745085, -73.950748 40.745085, -73.950749 40.745085, -73.950749 40.745085, -73.950749 40.745085, -73.95075 40.745085, -73.95075 40.745085, -73.95075 40.745085, -73.950751 40.745085, -73.950751 40.745085, -73.950751 40.745085, -73.950752 40.745085, -73.950752 40.745085, -73.950753 40.745086, -73.950753 40.745086, -73.950753 40.745086, -73.950753 40.745086, -73.950754 40.745086, -73.950754 40.745086, -73.950754 40.745087, -73.950755 40.745087, -73.950755 40.745087))"^^<http://www.opengis.net/ont/geosparql#wktLiteral> .
<https://w3id.org/rtskg/new_york_city/instance/block_40578> <https://w3id.org/rtskg/ontology/objectproperty/block_intersects_station_area> <https://w3id.org/rtskg/new_york_city/instance/station_area_379> .
<https://w3id.org/rtskg/new_york_city/instance/block_40578> <https://w3id.org/rtskg/ontology/objectproperty/block_intersects_station_area> <https://w3id.org/rtskg/new_york_city/instance/station_area_493> .
<https://w3id.org/rtskg/new_york_city/instance/block_40578> <https://w3id.org/rtskg/ontology/objectproperty/block_intersects_station_area> <https://w3id.org/rtskg/new_york_city/instance/station_area_494> .
<https://w3id.org/rtskg/new_york_city/instance/block_40578> <https://w3id.org/rtskg/ontology/objectproperty/block_intersects_station_area> <https://w3id.org/rtskg/new_york_city/instance/station_area_709> .
<https://w3id.org/rtskg/new_york_city/instance/block_40578> <https://w3id.org/rtskg/ontology/objectproperty/block_intersects_station_area> <https://w3id.org/rtskg/new_york_city/instance/station_area_710> .
<https://w3id.org/rtskg/new_york_city/instance/block_40578> <https://w3id.org/rtskg/ontology/objectproperty/block_intersects_station_area> <https://w3id.org/rtskg/new_york_city/instance/station_area_85> .
<https://w3id.org/rtskg/new_york_city/instance/block_40578> <https://w3id.org/rtskg/ontology/objectproperty/block_intersects_station_area> <https://w3id.org/rtskg/new_york_city/instance/station_area_86> .
<https://w3id.org/rtskg/new_york_city/instance/block_40578> <https://w3id.org/rtskg/ontology/objectproperty/block_locates_at_borough> <https://w3id.org/rtskg/new_york_city/instance/borough_4> .
<https://w3id.org/rtskg/new_york_city/instance/block_40578> <https://w3id.org/rtskg/ontology/objectproperty/block_locates_at_functional_area> <https://w3id.org/rtskg/new_york_city/instance/functional_area_145> .
