<https://w3id.org/rtskg/new_york_city/instance/block_22252> <http://www.w3.org/1999/02/22-rdf-syntax-ns#type> <https://w3id.org/rtskg/ontology/class/block> .
<https://w3id.org/rtskg/new_york_city/instance/block_22252> <https://w3id.org/rtskg/ontology/dataproperty/geometry> "POLYGON ((-73.950588 40.799786, -73.950622 40.7998, -73.950678 40.799824, -73.950736 40.799849, -73.950794 40.799873, -73.950852 40.799898, -73.95091 40.799923, -73.950922 40.799928, -73.950946 40.799939, -73.951018 40.79997, -73.951004 40.79999, -73.950993 40.800005, -73.950969 40.800038, -73.950969 40.800038, -73.95093 40.800092, -73.95092 40.800105, -73.950878 40.800164, -73.950827 40.800234, -73.950739 40.800355, -73.9506 40.800546, -73.950553 40.80061, -73.950543 40.800623, -73.950511 40.800667, -73.950511 40.800667, -73.950483 40.800705, -73.950473 40.800719, -73.95046 40.800737, -73.950406 40.800714, -73.950382 40.800704, -73.950352 40.800691, -73.95035 40.80069, -73.950338 40.800686, -73.950294 40.800667, -73.950239 40.800644, -73.950183 40.800621, -73.950128 40.800598, -73.950093 40.800583, -73.950073 40.800574, -73.950017 40.800551, -73.949962 40.800528, -73.949906 40.800505, -73.949904 40.800504, -73.949902 40.800503, -73.949899 40.800501, -73.949897 40.8005, -73.949895 40.800498, -73.949893 40.800497, -73.949891 40.800495, -73.949889 40.800494, -73.949887 40.800492, -73.949885 40.80049, -73.949884 40.800489, -73.949882 40.800487, -73.94988 40.800485, -73.949879 40.800483, -73.949878 40.800481, -73.949876 40.800479, -73.949875 40.800477, -73.949874 40.800475, -73.949873 40.800473, -73.949872 40.800471, -73.949871 40.800469, -73.94987 40.800467, -73.94987 40.800465, -73.949869 40.800463, -73.949869 40.800461, -73.949868 40.800459, -73.949868 40.800456, -73.949868 40.800454, -73.949868 40.800452, -73.949868 40.80045, -73.949868 40.800448, -73.949868 40.800446, -73.949868 40.800443, -73.949869 40.800441, -73.949869 40.800439, -73.94987 40.800437, -73.949871 40.800435, -73.949871 40.800433, -73.949872 40.800431, -73.949873 40.800429, -73.949874 40.800427, -73.949876 40.800425, -73.94989 40.800404, -73.949902 40.800386, -73.949929 40.800348, -73.949951 40.800318, -73.949975 40.800288, -73.950001 40.80026, -73.950027 40.800231, -73.950055 40.800204, -73.950087 40.800159, -73.950119 40.800114, -73.950151 40.80007, -73.950183 40.800025, -73.950215 40.79998, -73.95022 40.799965, -73.950227 40.79995, -73.950234 40.799936, -73.950241 40.799921, -73.95025 40.799907, -73.950258 40.799893, -73.950268 40.799879, -73.950278 40.799866, -73.950307 40.799828, -73.950336 40.79979, -73.950347 40.799777, -73.950366 40.799752, -73.950367 40.799751, -73.950368 40.799749, -73.950369 40.799748, -73.95037 40.799746, -73.950372 40.799745, -73.950373 40.799743, -73.950375 40.799742, -73.950376 40.799741, -73.950378 40.799739, -73.950379 40.799738, -73.950381 40.799737, -73.950383 40.799736, -73.950385 40.799735, -73.950386 40.799734, -73.950388 40.799733, -73.95039 40.799732, -73.950392 40.799731, -73.950394 40.79973, -73.950396 40.799729, -73.950399 40.799729, -73.950401 40.799728, -73.950403 40.799727, -73.950405 40.799727, -73.950407 40.799726, -73.95041 40.799726, -73.950412 40.799726, -73.950414 40.799725, -73.950416 40.799725, -73.950419 40.799725, -73.950421 40.799725, -73.950423 40.799725, -73.950423 40.799725, -73.950426 40.799725, -73.950428 40.799725, -73.95043 40.799725, -73.950432 40.799725, -73.950435 40.799725, -73.950437 40.799725, -73.950439 40.799726, -73.950442 40.799726, -73.950444 40.799727, -73.950446 40.799727, -73.950448 40.799728, -73.95045 40.799728, -73.950452 40.799729, -73.950454 40.79973, -73.950457 40.799731, -73.950512 40.799754, -73.950567 40.799777, -73.950588 40.799786))"^^<http://www.opengis.net/ont/geosparql#wktLiteral> .
<https://w3id.org/rtskg/new_york_city/instance/block_22252> <https://w3id.org/rtskg/ontology/objectproperty/block_intersects_station_area> <https://w3id.org/rtskg/new_york_city/instance/station_area_15> .
<https://w3id.org/rtskg/new_york_city/instance/block_22252> <https://w3id.org/rtskg/ontology/objectproperty/block_intersects_station_area> <https://w3id.org/rtskg/new_york_city/instance/station_area_16> .
<https://w3id.org/rtskg/new_york_city/instance/block_22252> <https://w3id.org/rtskg/ontology/objectproperty/block_intersects_station_area> <https://w3id.org/rtskg/new_york_city/instance/station_area_19> .
<https://w3id.org/rtskg/new_york_city/instance/block_22252> <https://w3id.org/rtskg/ontology/objectproperty/block_intersects_station_area> <https://w3id.org/rtskg/new_york_city/instance/station_area_347> .
<https://w3id.org/rtskg/new_york_city/instance/block_22252> <https://w3id.org/rtskg/ontology/objectproperty/block_intersects_station_area> <https://w3id.org/rtskg/new_york_city/instance/station_area_351> .
<https://w3id.org/rtskg/new_york_city/instance/block_22252> <https://w3id.org/rtskg/ontology/objectproperty/block_intersects_station_area> <https://w3id.org/rtskg/new_york_city/instance/station_area_352> .
<https://w3id.org/rtskg/new_york_city/instance/block_22252> <https://w3id.org/rtskg/ontology/objectproperty/block_locates_at_borough> <https://w3id.org/rtskg/new_york_city/instance/borough_1> .
<https://w3id.org/rtskg/new_york_city/instance/block_22252> <https://w3id.org/rtskg/ontology/objectproperty/block_locates_at_functional_area> <https://w3id.org/rtskg/new_york_city/instance/functional_area_41> .
