<https://w3id.org/rtskg/new_york_city/instance/block_40564> <http://www.w3.org/1999/02/22-rdf-syntax-ns#type> <https://w3id.org/rtskg/ontology/class/block> .
<https://w3id.org/rtskg/new_york_city/instance/block_40564> <https://w3id.org/rtskg/ontology/dataproperty/geometry> "POLYGON ((-73.941019 40.748509, -73.941024 40.748508, -73.941025 40.748507, -73.941031 40.748505, -73.941049 40.748535, -73.941075 40.748577, -73.941132 40.748667, -73.941135 40.748672, -73.941146 40.74869, -73.94114 40.748696, -73.941136 40.7487, -73.941118 40.748719, -73.941115 40.748723, -73.941075 40.748766, -73.94107 40.748771, -73.94104 40.748805, -73.941028 40.748818, -73.941005 40.748843, -73.940993 40.748855, -73.94097 40.748881, -73.940935 40.748919, -73.9409 40.748957, -73.940865 40.748995, -73.940827 40.749036, -73.94079 40.749076, -73.940752 40.749116, -73.940714 40.749156, -73.940677 40.749196, -73.940673 40.7492, -73.940639 40.749237, -73.940602 40.749277, -73.940564 40.749317, -73.940542 40.749341, -73.940541 40.749342, -73.94053 40.749354, -73.940527 40.749357, -73.940526 40.749358, -73.940526 40.749358, -73.940525 40.749358, -73.940524 40.749359, -73.940524 40.749359, -73.940523 40.74936, -73.940522 40.74936, -73.940522 40.74936, -73.940521 40.749361, -73.94052 40.749361, -73.94052 40.749361, -73.940519 40.749362, -73.940518 40.749362, -73.940518 40.749362, -73.940517 40.749362, -73.940516 40.749363, -73.940515 40.749363, -73.940514 40.749363, -73.940514 40.749363, -73.940513 40.749363, -73.940512 40.749363, -73.940511 40.749363, -73.940511 40.749364, -73.94051 40.749364, -73.940509 40.749364, -73.940508 40.749364, -73.940507 40.749364, -73.940506 40.749364, -73.940506 40.749363, -73.940505 40.749363, -73.940504 40.749363, -73.940503 40.749363, -73.940502 40.749363, -73.940502 40.749363, -73.940501 40.749363, -73.9405 40.749362, -73.940499 40.749362, -73.940499 40.749362, -73.940499 40.749362, -73.940498 40.749362, -73.940497 40.749361, -73.940496 40.749361, -73.940496 40.749361, -73.940495 40.74936, -73.940494 40.74936, -73.940494 40.74936, -73.940493 40.749359, -73.940493 40.749359, -73.940492 40.749358, -73.940483 40.749354, -73.940478 40.749351, -73.94044 40.749331, -73.940388 40.749303, -73.940336 40.749275, -73.940284 40.749247, -73.940232 40.74922, -73.940179 40.749192, -73.940127 40.749164, -73.940075 40.749137, -73.940019 40.749107, -73.939963 40.749077, -73.939907 40.749047, -73.939858 40.749022, -73.939854 40.749019, -73.93985 40.749018, -73.939843 40.749014, -73.939794 40.748988, -73.939794 40.748987, -73.939794 40.748987, -73.939793 40.748986, -73.939793 40.748986, -73.939793 40.748985, -73.939793 40.748985, -73.939793 40.748984, -73.939793 40.748984, -73.939793 40.748983, -73.939792 40.748982, -73.939792 40.748982, -73.939792 40.748981, -73.939792 40.748981, -73.939792 40.74898, -73.939793 40.74898, -73.939793 40.748979, -73.939793 40.748979, -73.939793 40.748978, -73.939793 40.748977, -73.939793 40.748977, -73.939793 40.748976, -73.939794 40.748976, -73.939794 40.748975, -73.939794 40.748975, -73.939795 40.748974, -73.939795 40.748974, -73.939795 40.748973, -73.939796 40.748973, -73.939796 40.748972, -73.939796 40.748972, -73.939797 40.748971, -73.939797 40.748971, -73.939798 40.74897, -73.939798 40.74897, -73.939799 40.74897, -73.939799 40.748969, -73.9398 40.748969, -73.939801 40.748968, -73.939801 40.748968, -73.939802 40.748968, -73.939806 40.748966, -73.93983 40.748955, -73.93986 40.748942, -73.939919 40.748916, -73.939978 40.74889, -73.940037 40.748864, -73.940099 40.748842, -73.940161 40.74882, -73.940223 40.748798, -73.940225 40.748797, -73.940286 40.748775, -73.94033 40.74876, -73.940348 40.748753, -73.940397 40.748736, -73.94041 40.748731, -73.940469 40.74871, -73.940527 40.748688, -73.940586 40.748667, -73.940644 40.748646, -73.940703 40.748624, -73.940761 40.748603, -73.94082 40.748582, -73.940844 40.748573, -73.940868 40.748564, -73.940914 40.748548, -73.940917 40.748547, -73.940965 40.74853, -73.940979 40.748525, -73.941018 40.74851, -73.941019 40.748509))"^^<http://www.opengis.net/ont/geosparql#wktLiteral> .
<https://w3id.org/rtskg/new_york_city/instance/block_40564> <https://w3id.org/rtskg/ontology/objectproperty/block_intersects_station_area> <https://w3id.org/rtskg/new_york_city/instance/station_area_131> .
<https://w3id.org/rtskg/new_york_city/instance/block_40564> <https://w3id.org/rtskg/ontology/objectproperty/block_intersects_station_area> <https://w3id.org/rtskg/new_york_city/instance/station_area_379> .
<https://w3id.org/rtskg/new_york_city/instance/block_40564> <https://w3id.org/rtskg/ontology/objectproperty/block_intersects_station_area> <https://w3id.org/rtskg/new_york_city/instance/station_area_380> .
<https://w3id.org/rtskg/new_york_city/instance/block_40564> <https://w3id.org/rtskg/ontology/objectproperty/block_intersects_station_area> <https://w3id.org/rtskg/new_york_city/instance/station_area_641> .
<https://w3id.org/rtskg/new_york_city/instance/block_40564> <https://w3id.org/rtskg/ontology/objectproperty/block_intersects_station_area> <https://w3id.org/rtskg/new_york_city/instance/station_area_642> .
<https://w3id.org/rtskg/new_york_city/instance/block_40564> <https://w3id.org/rtskg/ontology/objectproperty/block_intersects_station_area> <https://w3id.org/rtskg/new_york_city/instance/station_area_643> .
<https://w3id.org/rtskg/new_york_city/instance/block_40564> <https://w3id.org/rtskg/ontology/objectproperty/block_intersects_station_area> <https://w3id.org/rtskg/new_york_city/instance/station_area_644> .
<https://w3id.org/rtskg/new_york_city/instance/block_40564> <https://w3id.org/rtskg/ontology/objectproperty/block_intersects_station_area> <https://w3id.org/rtskg/new_york_city/instance/station_area_83> .
<https://w3id.org/rtskg/new_york_city/instance/block_40564> <https://w3id.org/rtskg/ontology/objectproperty/block_intersects_station_area> <https://w3id.org/rtskg/new_york_city/instance/station_area_85> .
<https://w3id.org/rtskg/new_york_city/instance/block_40564> <https://w3id.org/rtskg/ontology/objectproperty/block_locates_at_borough> <https://w3id.org/rtskg/new_york_city/instance/borough_4> .
<https://w3id.org/rtskg/new_york_city/instance/block_40564> <https://w3id.org/rtskg/ontology/objectproperty/block_locates_at_functional_area> <https://w3id.org/rtskg/new_york_city/instance/functional_area_145> .
