<https://w3id.org/rtskg/new_york_city/instance/block_17221> <http://www.w3.org/1999/02/22-rdf-syntax-ns#type> <https://w3id.org/rtskg/ontology/class/block> .
<https://w3id.org/rtskg/new_york_city/instance/block_17221> <https://w3id.org/rtskg/ontology/dataproperty/geometry> "POLYGON ((-73.970523 40.674381, -73.970511 40.674392, -73.970499 40.674403, -73.970466 40.674428, -73.970437 40.674453, -73.970416 40.67447, -73.970309 40.67456, -73.970291 40.674575, -73.970288 40.674577, -73.970276 40.674587, -73.970266 40.674595, -73.970264 40.674597, -73.970262 40.674599, -73.970259 40.6746, -73.970255 40.6746, -73.970252 40.6746, -73.970249 40.6746, -73.970246 40.674599, -73.970234 40.674594, -73.970233 40.674593, -73.970216 40.674587, -73.970209 40.674584, -73.970191 40.674577, -73.97015 40.67456, -73.970027 40.674511, -73.969932 40.67447, -73.969931 40.67447, -73.96993 40.674469, -73.969928 40.674468, -73.969926 40.674467, -73.969926 40.674467, -73.969925 40.674466, -73.969925 40.674465, -73.969924 40.674463, -73.969924 40.674461, -73.969925 40.67446, -73.969926 40.674458, -73.969928 40.674457, -73.96993 40.674456, -73.969933 40.674455, -73.969935 40.674456, -73.969935 40.674456, -73.969938 40.674456, -73.96994 40.674458, -73.969946 40.674461, -73.969955 40.674465, -73.96997 40.674472, -73.969986 40.674478, -73.969995 40.674481, -73.970002 40.674483, -73.970019 40.674488, -73.970035 40.674493, -73.970052 40.674497, -73.970069 40.6745, -73.970087 40.674503, -73.970104 40.674505, -73.970122 40.674507, -73.97014 40.674508, -73.970157 40.674508, -73.970157 40.674508, -73.970167 40.674508, -73.970175 40.674508, -73.970191 40.674507, -73.970193 40.674507, -73.97021 40.674505, -73.970228 40.674503, -73.970239 40.674502, -73.970247 40.674501, -73.970265 40.674497, -73.970271 40.674496, -73.970284 40.674493, -73.970302 40.674489, -73.97032 40.674484, -73.970337 40.674478, -73.970355 40.674472, -73.970371 40.674465, -73.970388 40.674457, -73.970404 40.674449, -73.97042 40.674441, -73.970426 40.674437, -73.970435 40.674432, -73.970449 40.674422, -73.970451 40.674421, -73.970485 40.674394, -73.970497 40.674383, -73.970509 40.674373, -73.97052 40.674361, -73.97053 40.67435, -73.97054 40.674338, -73.970549 40.674326, -73.970557 40.674314, -73.970565 40.674301, -73.970568 40.674296, -73.970572 40.674288, -73.970578 40.674275, -73.970584 40.674262, -73.970589 40.674249, -73.970594 40.674235, -73.970597 40.674222, -73.9706 40.674208, -73.970605 40.674183, -73.97061 40.674159, -73.970613 40.674136, -73.970613 40.674135, -73.970616 40.674111, -73.970618 40.674086, -73.970619 40.674062, -73.970619 40.674038, -73.970619 40.674013, -73.970618 40.673989, -73.970615 40.673964, -73.970613 40.673938, -73.97061 40.673912, -73.970607 40.673886, -73.970603 40.67386, -73.970597 40.673835, -73.970592 40.673809, -73.970585 40.673783, -73.970578 40.673758, -73.97057 40.673732, -73.97054 40.67365, -73.97054 40.673648, -73.97054 40.673646, -73.970542 40.673644, -73.970543 40.673643, -73.970545 40.673642, -73.970548 40.673641, -73.970551 40.673641, -73.970553 40.673642, -73.970555 40.673643, -73.970557 40.673645, -73.970558 40.673646, -73.970588 40.673729, -73.970596 40.673755, -73.970603 40.673781, -73.970609 40.673806, -73.970615 40.673832, -73.97062 40.673859, -73.970625 40.673885, -73.970628 40.673911, -73.970631 40.673937, -73.970633 40.673964, -73.970636 40.673988, -73.970637 40.674013, -73.970637 40.674038, -73.970637 40.674062, -73.970636 40.674087, -73.970634 40.674112, -73.970631 40.674136, -73.970631 40.674138, -73.970628 40.674161, -73.970623 40.674185, -73.970618 40.67421, -73.970615 40.674224, -73.970611 40.674238, -73.970607 40.674252, -73.970601 40.674266, -73.970595 40.67428, -73.970589 40.674293, -73.970581 40.674307, -73.970573 40.67432, -73.970565 40.674333, -73.970555 40.674345, -73.970545 40.674357, -73.970534 40.674369, -73.970523 40.674381))"^^<http://www.opengis.net/ont/geosparql#wktLiteral> .
<https://w3id.org/rtskg/new_york_city/instance/block_17221> <https://w3id.org/rtskg/ontology/objectproperty/block_intersects_station_area> <https://w3id.org/rtskg/new_york_city/instance/station_area_185> .
<https://w3id.org/rtskg/new_york_city/instance/block_17221> <https://w3id.org/rtskg/ontology/objectproperty/block_intersects_station_area> <https://w3id.org/rtskg/new_york_city/instance/station_area_186> .
<https://w3id.org/rtskg/new_york_city/instance/block_17221> <https://w3id.org/rtskg/ontology/objectproperty/block_intersects_station_area> <https://w3id.org/rtskg/new_york_city/instance/station_area_299> .
<https://w3id.org/rtskg/new_york_city/instance/block_17221> <https://w3id.org/rtskg/ontology/objectproperty/block_intersects_station_area> <https://w3id.org/rtskg/new_york_city/instance/station_area_413> .
<https://w3id.org/rtskg/new_york_city/instance/block_17221> <https://w3id.org/rtskg/ontology/objectproperty/block_intersects_station_area> <https://w3id.org/rtskg/new_york_city/instance/station_area_455> .
<https://w3id.org/rtskg/new_york_city/instance/block_17221> <https://w3id.org/rtskg/ontology/objectproperty/block_intersects_station_area> <https://w3id.org/rtskg/new_york_city/instance/station_area_456> .
<https://w3id.org/rtskg/new_york_city/instance/block_17221> <https://w3id.org/rtskg/ontology/objectproperty/block_locates_at_borough> <https://w3id.org/rtskg/new_york_city/instance/borough_3> .
<https://w3id.org/rtskg/new_york_city/instance/block_17221> <https://w3id.org/rtskg/ontology/objectproperty/block_locates_at_functional_area> <https://w3id.org/rtskg/new_york_city/instance/functional_area_181> .
