<https://w3id.org/rtskg/new_york_city/instance/block_38251> <http://www.w3.org/1999/02/22-rdf-syntax-ns#type> <https://w3id.org/rtskg/ontology/class/block> .
<https://w3id.org/rtskg/new_york_city/instance/block_38251> <https://w3id.org/rtskg/ontology/dataproperty/geometry> "POLYGON ((-73.90987 40.848233, -73.909865 40.848232, -73.90986 40.84823, -73.909856 40.848228, -73.909855 40.848226, -73.909853 40.848225, -73.90985 40.848222, -73.909847 40.848218, -73.909847 40.848217, -73.909846 40.848214, -73.909845 40.84821, -73.909846 40.848206, -73.909847 40.848202, -73.909847 40.848202, -73.909849 40.848199, -73.909924 40.848092, -73.909968 40.848029, -73.909985 40.848004, -73.90999 40.847997, -73.910007 40.847973, -73.910075 40.847874, -73.910128 40.847801, -73.910248 40.847637, -73.910251 40.847632, -73.910255 40.847627, -73.910261 40.847619, -73.910273 40.847602, -73.910274 40.847601, -73.910355 40.847488, -73.910364 40.847474, -73.910375 40.847459, -73.910385 40.847444, -73.910417 40.8474, -73.910429 40.847384, -73.910464 40.847335, -73.910475 40.84732, -73.910482 40.84731, -73.910595 40.847155, -73.910616 40.847125, -73.910646 40.847081, -73.910647 40.847079, -73.910648 40.847079, -73.910649 40.847077, -73.91065 40.847076, -73.910652 40.847072, -73.910656 40.84707, -73.910657 40.847069, -73.910659 40.847067, -73.910664 40.847065, -73.910668 40.847064, -73.910671 40.847064, -73.910673 40.847063, -73.910678 40.847063, -73.910683 40.847063, -73.910688 40.847064, -73.910688 40.847064, -73.910692 40.847066, -73.910733 40.847084, -73.910761 40.847096, -73.91082 40.84712, -73.910859 40.847136, -73.910878 40.847144, -73.910937 40.847167, -73.910997 40.847192, -73.911023 40.847203, -73.911055 40.847216, -73.911056 40.847216, -73.911116 40.847241, -73.911176 40.847265, -73.911236 40.84729, -73.911296 40.847314, -73.911346 40.847335, -73.911351 40.847337, -73.911355 40.847338, -73.911357 40.847339, -73.911358 40.847341, -73.911359 40.847342, -73.91136 40.847343, -73.911362 40.847344, -73.911363 40.847345, -73.911364 40.847347, -73.911365 40.847348, -73.911365 40.847348, -73.911365 40.847349, -73.911366 40.847351, -73.911367 40.847352, -73.911368 40.847353, -73.911368 40.847355, -73.911369 40.847356, -73.91137 40.847358, -73.91137 40.847359, -73.91137 40.84736, -73.911371 40.847362, -73.911371 40.847363, -73.911371 40.847363, -73.911371 40.847365, -73.911371 40.847366, -73.911371 40.847368, -73.911371 40.847369, -73.911371 40.847371, -73.911371 40.847372, -73.911371 40.847374, -73.911371 40.847375, -73.91137 40.847377, -73.91137 40.847378, -73.91137 40.847378, -73.91137 40.84738, -73.911369 40.847381, -73.911368 40.847382, -73.911368 40.847384, -73.911334 40.847431, -73.911314 40.847459, -73.9113 40.847479, -73.911265 40.847526, -73.911231 40.847573, -73.911197 40.847621, -73.911163 40.847668, -73.911129 40.847716, -73.911094 40.847764, -73.911059 40.847812, -73.911024 40.84786, -73.91099 40.847908, -73.910955 40.847956, -73.91092 40.848004, -73.91089 40.848046, -73.910886 40.848052, -73.910866 40.84808, -73.910855 40.848096, -73.910825 40.84814, -73.910823 40.848141, -73.910794 40.848183, -73.910764 40.848227, -73.910733 40.84827, -73.910703 40.848314, -73.910672 40.848357, -73.910672 40.848358, -73.91067 40.84836, -73.910665 40.848368, -73.91066 40.848371, -73.910658 40.848373, -73.910655 40.848375, -73.91065 40.848377, -73.910644 40.848379, -73.910637 40.848381, -73.910631 40.848382, -73.910628 40.848382, -73.910624 40.848382, -73.910609 40.84838, -73.910608 40.84838, -73.910602 40.848379, -73.910518 40.848362, -73.910441 40.848346, -73.910369 40.848331, -73.910291 40.848316, -73.910255 40.848308, -73.910228 40.848303, -73.910219 40.848301, -73.910218 40.848301, -73.91016 40.84829, -73.910147 40.848287, -73.910078 40.848273, -73.909995 40.848257, -73.909957 40.848249, -73.909917 40.848242, -73.909871 40.848234, -73.90987 40.848233))"^^<http://www.opengis.net/ont/geosparql#wktLiteral> .
<https://w3id.org/rtskg/new_york_city/instance/block_38251> <https://w3id.org/rtskg/ontology/objectproperty/block_intersects_station_area> <https://w3id.org/rtskg/new_york_city/instance/station_area_335> .
<https://w3id.org/rtskg/new_york_city/instance/block_38251> <https://w3id.org/rtskg/ontology/objectproperty/block_intersects_station_area> <https://w3id.org/rtskg/new_york_city/instance/station_area_573> .
<https://w3id.org/rtskg/new_york_city/instance/block_38251> <https://w3id.org/rtskg/ontology/objectproperty/block_intersects_station_area> <https://w3id.org/rtskg/new_york_city/instance/station_area_57> .
<https://w3id.org/rtskg/new_york_city/instance/block_38251> <https://w3id.org/rtskg/ontology/objectproperty/block_intersects_station_area> <https://w3id.org/rtskg/new_york_city/instance/station_area_58> .
<https://w3id.org/rtskg/new_york_city/instance/block_38251> <https://w3id.org/rtskg/ontology/objectproperty/block_intersects_station_area> <https://w3id.org/rtskg/new_york_city/instance/station_area_61> .
<https://w3id.org/rtskg/new_york_city/instance/block_38251> <https://w3id.org/rtskg/ontology/objectproperty/block_intersects_station_area> <https://w3id.org/rtskg/new_york_city/instance/station_area_62> .
<https://w3id.org/rtskg/new_york_city/instance/block_38251> <https://w3id.org/rtskg/ontology/objectproperty/block_intersects_station_area> <https://w3id.org/rtskg/new_york_city/instance/station_area_699> .
<https://w3id.org/rtskg/new_york_city/instance/block_38251> <https://w3id.org/rtskg/ontology/objectproperty/block_intersects_station_area> <https://w3id.org/rtskg/new_york_city/instance/station_area_700> .
<https://w3id.org/rtskg/new_york_city/instance/block_38251> <https://w3id.org/rtskg/ontology/objectproperty/block_locates_at_borough> <https://w3id.org/rtskg/new_york_city/instance/borough_2> .
<https://w3id.org/rtskg/new_york_city/instance/block_38251> <https://w3id.org/rtskg/ontology/objectproperty/block_locates_at_functional_area> <https://w3id.org/rtskg/new_york_city/instance/functional_area_169> .
