<https://w3id.org/rtskg/new_york_city/instance/block_17165> <http://www.w3.org/1999/02/22-rdf-syntax-ns#type> <https://w3id.org/rtskg/ontology/class/block> .
<https://w3id.org/rtskg/new_york_city/instance/block_17165> <https://w3id.org/rtskg/ontology/dataproperty/geometry> "POLYGON ((-73.987261 40.672125, -73.987261 40.672125, -73.987261 40.672125, -73.98726 40.672125, -73.98726 40.672125, -73.98726 40.672125, -73.98726 40.672125, -73.987259 40.672125, -73.987259 40.672125, -73.987259 40.672125, -73.987259 40.672124, -73.987258 40.672124, -73.987258 40.672124, -73.987258 40.672124, -73.987258 40.672124, -73.987258 40.672124, -73.987258 40.672124, -73.987257 40.672124, -73.987257 40.672124, -73.987257 40.672124, -73.987257 40.672124, -73.987257 40.672124, -73.987257 40.672124, -73.987256 40.672124, -73.987256 40.672123, -73.987256 40.672123, -73.987256 40.672123, -73.987256 40.672123, -73.987256 40.672123, -73.987255 40.672123, -73.987255 40.672123, -73.987255 40.672122, -73.987255 40.672122, -73.987255 40.672122, -73.987255 40.672122, -73.987255 40.672122, -73.987255 40.672122, -73.987255 40.672122, -73.987254 40.672121, -73.987254 40.672121, -73.987254 40.672121, -73.987254 40.672121, -73.987254 40.672121, -73.987254 40.672121, -73.987254 40.67212, -73.987254 40.67212, -73.987254 40.67212, -73.987254 40.67212, -73.987254 40.67212, -73.987254 40.672119, -73.987254 40.672119, -73.987254 40.672119, -73.987254 40.672119, -73.987254 40.672119, -73.987254 40.672119, -73.987254 40.672118, -73.987254 40.672118, -73.987254 40.672118, -73.987254 40.672118, -73.987254 40.672118, -73.987255 40.672118, -73.987255 40.672117, -73.987255 40.672117, -73.987255 40.672117, -73.987255 40.672117, -73.987255 40.672117, -73.987255 40.672117, -73.987255 40.672116, -73.987256 40.672116, -73.987256 40.672116, -73.987256 40.672116, -73.987256 40.672116, -73.987256 40.672116, -73.987256 40.672116, -73.987257 40.672116, -73.987257 40.672115, -73.987257 40.672115, -73.987258 40.672114, -73.987266 40.672105, -73.987277 40.672092, -73.98728 40.672088, -73.987324 40.672035, -73.987326 40.672033, -73.987328 40.672031, -73.98733 40.672029, -73.987331 40.672027, -73.987333 40.672024, -73.987334 40.672022, -73.987335 40.67202, -73.987336 40.672018, -73.987338 40.672016, -73.987338 40.672013, -73.987339 40.672011, -73.98734 40.672009, -73.987341 40.672006, -73.987341 40.672005, -73.987341 40.672004, -73.987342 40.672002, -73.987342 40.671999, -73.987342 40.671997, -73.987342 40.671994, -73.987342 40.671992, -73.987343 40.671989, -73.987343 40.671986, -73.987344 40.671983, -73.987344 40.67198, -73.987345 40.671978, -73.987346 40.671975, -73.987347 40.671972, -73.987348 40.671969, -73.987349 40.671967, -73.98735 40.671964, -73.987352 40.671961, -73.987353 40.671959, -73.987363 40.671948, -73.987403 40.671899, -73.98741 40.671891, -73.987444 40.671909, -73.98744 40.671914, -73.987397 40.671965, -73.98729 40.672093, -73.987286 40.672098, -73.987276 40.67211, -73.987269 40.672118, -73.987267 40.67212, -73.987267 40.67212, -73.987267 40.67212, -73.987267 40.672121, -73.987267 40.672121, -73.987267 40.672121, -73.987267 40.672121, -73.987267 40.672121, -73.987267 40.672122, -73.987267 40.672122, -73.987267 40.672122, -73.987267 40.672122, -73.987267 40.672122, -73.987266 40.672122, -73.987266 40.672122, -73.987266 40.672123, -73.987266 40.672123, -73.987266 40.672123, -73.987266 40.672123, -73.987266 40.672123, -73.987265 40.672123, -73.987265 40.672123, -73.987265 40.672124, -73.987265 40.672124, -73.987265 40.672124, -73.987264 40.672124, -73.987264 40.672124, -73.987264 40.672124, -73.987264 40.672124, -73.987264 40.672124, -73.987263 40.672124, -73.987263 40.672124, -73.987263 40.672124, -73.987263 40.672124, -73.987263 40.672125, -73.987262 40.672125, -73.987262 40.672125, -73.987262 40.672125, -73.987262 40.672125, -73.987261 40.672125, -73.987261 40.672125, -73.987261 40.672125))"^^<http://www.opengis.net/ont/geosparql#wktLiteral> .
<https://w3id.org/rtskg/new_york_city/instance/block_17165> <https://w3id.org/rtskg/ontology/objectproperty/block_intersects_station_area> <https://w3id.org/rtskg/new_york_city/instance/station_area_133> .
<https://w3id.org/rtskg/new_york_city/instance/block_17165> <https://w3id.org/rtskg/ontology/objectproperty/block_intersects_station_area> <https://w3id.org/rtskg/new_york_city/instance/station_area_134> .
<https://w3id.org/rtskg/new_york_city/instance/block_17165> <https://w3id.org/rtskg/ontology/objectproperty/block_intersects_station_area> <https://w3id.org/rtskg/new_york_city/instance/station_area_185> .
<https://w3id.org/rtskg/new_york_city/instance/block_17165> <https://w3id.org/rtskg/ontology/objectproperty/block_intersects_station_area> <https://w3id.org/rtskg/new_york_city/instance/station_area_637> .
<https://w3id.org/rtskg/new_york_city/instance/block_17165> <https://w3id.org/rtskg/ontology/objectproperty/block_intersects_station_area> <https://w3id.org/rtskg/new_york_city/instance/station_area_701> .
<https://w3id.org/rtskg/new_york_city/instance/block_17165> <https://w3id.org/rtskg/ontology/objectproperty/block_locates_at_borough> <https://w3id.org/rtskg/new_york_city/instance/borough_3> .
<https://w3id.org/rtskg/new_york_city/instance/block_17165> <https://w3id.org/rtskg/ontology/objectproperty/block_locates_at_functional_area> <https://w3id.org/rtskg/new_york_city/instance/functional_area_106> .
<https://w3id.org/rtskg/new_york_city/instance/block_17165> <https://w3id.org/rtskg/ontology/objectproperty/block_locates_at_functional_area> <https://w3id.org/rtskg/new_york_city/instance/functional_area_181> .
