<https://w3id.org/rtskg/new_york_city/instance/block_38524> <http://www.w3.org/1999/02/22-rdf-syntax-ns#type> <https://w3id.org/rtskg/ontology/class/block> .
<https://w3id.org/rtskg/new_york_city/instance/block_38524> <https://w3id.org/rtskg/ontology/dataproperty/geometry> "POLYGON ((-73.916797 40.869188, -73.91676 40.869208, -73.916749 40.869214, -73.916701 40.86924, -73.9167 40.86924, -73.916699 40.869241, -73.916699 40.869241, -73.916697 40.869241, -73.916692 40.869242, -73.916687 40.869243, -73.916686 40.869243, -73.916683 40.869244, -73.916678 40.869245, -73.916673 40.869245, -73.916668 40.869246, -73.916663 40.869246, -73.916659 40.869246, -73.916656 40.869246, -73.916654 40.869246, -73.916649 40.869246, -73.916644 40.869244, -73.916631 40.869238, -73.916594 40.869222, -73.916573 40.869213, -73.916562 40.869209, -73.916514 40.869189, -73.916474 40.869171, -73.916456 40.869164, -73.916398 40.869139, -73.916346 40.869117, -73.916339 40.869114, -73.916281 40.869089, -73.916223 40.869065, -73.916207 40.869058, -73.916165 40.86904, -73.916106 40.869015, -73.916064 40.868997, -73.916048 40.86899, -73.91599 40.868966, -73.915944 40.868947, -73.915937 40.868945, -73.915932 40.868943, -73.915874 40.86892, -73.915852 40.868912, -73.915852 40.868911, -73.915844 40.868909, -73.915841 40.868907, -73.915836 40.868904, -73.915833 40.8689, -73.915832 40.868898, -73.91583 40.868896, -73.915828 40.868891, -73.915826 40.868887, -73.915826 40.868882, -73.915826 40.868877, -73.915826 40.868876, -73.915827 40.868872, -73.915829 40.868868, -73.915832 40.868864, -73.915833 40.868863, -73.91606 40.868549, -73.91619 40.868371, -73.916195 40.868367, -73.916197 40.868365, -73.916199 40.868363, -73.916204 40.86836, -73.91621 40.868357, -73.916212 40.868356, -73.916216 40.868355, -73.916222 40.868353, -73.916225 40.868353, -73.916229 40.868352, -73.916236 40.868351, -73.916242 40.868351, -73.916248 40.868351, -73.916249 40.868351, -73.916253 40.868353, -73.916272 40.868361, -73.916292 40.868369, -73.916349 40.868393, -73.916353 40.868395, -73.916415 40.868421, -73.916476 40.868447, -73.916479 40.868447, -73.916538 40.868473, -73.9166 40.868499, -73.916619 40.868507, -73.916661 40.868525, -73.916723 40.868551, -73.916748 40.868561, -73.916785 40.868577, -73.916846 40.868603, -73.916865 40.868611, -73.916908 40.868629, -73.91697 40.868655, -73.916995 40.868665, -73.917031 40.868681, -73.917093 40.868707, -73.917133 40.868724, -73.917155 40.868733, -73.917216 40.868759, -73.917264 40.868779, -73.917278 40.868785, -73.91734 40.868811, -73.917365 40.868822, -73.917368 40.868823, -73.917401 40.868837, -73.917402 40.868838, -73.917403 40.868839, -73.917404 40.868839, -73.917404 40.86884, -73.917405 40.868841, -73.917406 40.868841, -73.917406 40.868842, -73.917407 40.868843, -73.917408 40.868844, -73.917408 40.868846, -73.917409 40.868847, -73.91741 40.868848, -73.91741 40.868849, -73.917411 40.86885, -73.917411 40.868851, -73.917411 40.868851, -73.917411 40.868851, -73.917411 40.868852, -73.917412 40.868853, -73.917412 40.868854, -73.917412 40.868855, -73.917412 40.868857, -73.917412 40.868858, -73.917412 40.868859, -73.917412 40.86886, -73.917412 40.868861, -73.917412 40.868862, -73.917412 40.868863, -73.917412 40.868865, -73.917411 40.868866, -73.917411 40.868867, -73.917411 40.868868, -73.91741 40.868868, -73.91741 40.868869, -73.91741 40.86887, -73.917409 40.868871, -73.917408 40.868872, -73.917408 40.868873, -73.917407 40.868874, -73.917406 40.868875, -73.917406 40.868876, -73.917405 40.868877, -73.917404 40.868878, -73.917403 40.868879, -73.917402 40.86888, -73.917402 40.86888, -73.917401 40.868881, -73.9174 40.868882, -73.917399 40.868882, -73.917398 40.868883, -73.917397 40.868884, -73.917342 40.868912, -73.917337 40.868914, -73.917287 40.86894, -73.917231 40.868967, -73.917176 40.868995, -73.917121 40.869023, -73.917066 40.869051, -73.917011 40.869079, -73.916956 40.869106, -73.916901 40.869134, -73.916874 40.869148, -73.916846 40.869162, -73.916797 40.869188))"^^<http://www.opengis.net/ont/geosparql#wktLiteral> .
<https://w3id.org/rtskg/new_york_city/instance/block_38524> <https://w3id.org/rtskg/ontology/objectproperty/block_intersects_station_area> <https://w3id.org/rtskg/new_york_city/instance/station_area_499> .
<https://w3id.org/rtskg/new_york_city/instance/block_38524> <https://w3id.org/rtskg/ontology/objectproperty/block_intersects_station_area> <https://w3id.org/rtskg/new_york_city/instance/station_area_500> .
<https://w3id.org/rtskg/new_york_city/instance/block_38524> <https://w3id.org/rtskg/ontology/objectproperty/block_intersects_station_area> <https://w3id.org/rtskg/new_york_city/instance/station_area_551> .
<https://w3id.org/rtskg/new_york_city/instance/block_38524> <https://w3id.org/rtskg/ontology/objectproperty/block_intersects_station_area> <https://w3id.org/rtskg/new_york_city/instance/station_area_81> .
<https://w3id.org/rtskg/new_york_city/instance/block_38524> <https://w3id.org/rtskg/ontology/objectproperty/block_intersects_station_area> <https://w3id.org/rtskg/new_york_city/instance/station_area_87> .
<https://w3id.org/rtskg/new_york_city/instance/block_38524> <https://w3id.org/rtskg/ontology/objectproperty/block_intersects_station_area> <https://w3id.org/rtskg/new_york_city/instance/station_area_88> .
<https://w3id.org/rtskg/new_york_city/instance/block_38524> <https://w3id.org/rtskg/ontology/objectproperty/block_locates_at_borough> <https://w3id.org/rtskg/new_york_city/instance/borough_1> .
<https://w3id.org/rtskg/new_york_city/instance/block_38524> <https://w3id.org/rtskg/ontology/objectproperty/block_locates_at_functional_area> <https://w3id.org/rtskg/new_york_city/instance/functional_area_127> .
