<https://w3id.org/rtskg/new_york_city/instance/block_18146> <http://www.w3.org/1999/02/22-rdf-syntax-ns#type> <https://w3id.org/rtskg/ontology/class/block> .
<https://w3id.org/rtskg/new_york_city/instance/block_18146> <https://w3id.org/rtskg/ontology/dataproperty/geometry> "POLYGON ((-74.010421 40.729155, -74.010423 40.729155, -74.010427 40.729156, -74.010432 40.729159, -74.010437 40.729162, -74.010441 40.729165, -74.010445 40.729169, -74.010448 40.729173, -74.01045 40.729177, -74.010452 40.729182, -74.010453 40.729186, -74.010453 40.729191, -74.010452 40.729192, -74.010452 40.729195, -74.01045 40.729208, -74.010448 40.729233, -74.01043 40.729254, -74.010418 40.729354, -74.010414 40.729398, -74.010408 40.729452, -74.010403 40.729506, -74.010397 40.72956, -74.010392 40.729614, -74.010386 40.729668, -74.010386 40.729673, -74.010407 40.729691, -74.010405 40.729711, -74.010404 40.729726, -74.010403 40.729736, -74.010393 40.729747, -74.010384 40.729753, -74.010374 40.729759, -74.010368 40.729761, -74.010368 40.729761, -74.010361 40.729762, -74.010359 40.729762, -74.010341 40.729764, -74.01034 40.729764, -74.010325 40.729764, -74.010293 40.729761, -74.009966 40.729731, -74.009961 40.72973, -74.009838 40.729716, -74.009832 40.729715, -74.009781 40.729711, -74.009712 40.729706, -74.009643 40.7297, -74.009574 40.729694, -74.009505 40.729689, -74.009435 40.729683, -74.009366 40.729678, -74.009336 40.729672, -74.009334 40.729672, -74.009332 40.729671, -74.009331 40.729671, -74.00933 40.729671, -74.009328 40.72967, -74.009327 40.72967, -74.009326 40.729669, -74.009325 40.729669, -74.009323 40.729668, -74.009322 40.729668, -74.009321 40.729667, -74.00932 40.729667, -74.009319 40.729666, -74.009317 40.729665, -74.009316 40.729665, -74.009315 40.729664, -74.009314 40.729663, -74.009313 40.729662, -74.009312 40.729661, -74.009312 40.729661, -74.009312 40.729661, -74.009311 40.72966, -74.00931 40.729659, -74.009309 40.729658, -74.009308 40.729657, -74.009308 40.729656, -74.009307 40.729655, -74.009306 40.729654, -74.009306 40.729653, -74.009305 40.729652, -74.009305 40.729651, -74.009304 40.72965, -74.009304 40.72965, -74.009304 40.729649, -74.009304 40.729648, -74.009303 40.729647, -74.009303 40.729646, -74.009312 40.729597, -74.00932 40.729547, -74.009328 40.729496, -74.009336 40.729446, -74.009345 40.729396, -74.009353 40.729354, -74.009355 40.729344, -74.009365 40.729291, -74.009375 40.729239, -74.009385 40.729186, -74.009395 40.729134, -74.009405 40.729085, -74.009405 40.729084, -74.009406 40.729082, -74.009405 40.729081, -74.009405 40.72908, -74.009405 40.72908, -74.009405 40.729079, -74.009405 40.729078, -74.009405 40.729078, -74.009405 40.729077, -74.009406 40.729076, -74.009406 40.729076, -74.009406 40.729075, -74.009406 40.729074, -74.009406 40.729074, -74.009407 40.729073, -74.009407 40.729072, -74.009407 40.729072, -74.009407 40.729072, -74.009408 40.729071, -74.009408 40.72907, -74.009408 40.72907, -74.009409 40.729069, -74.009409 40.729069, -74.00941 40.729068, -74.00941 40.729067, -74.009411 40.729067, -74.009412 40.729066, -74.009412 40.729066, -74.009413 40.729065, -74.009413 40.729065, -74.009414 40.729064, -74.009415 40.729064, -74.009416 40.729063, -74.009416 40.729063, -74.009416 40.729063, -74.009417 40.729063, -74.009418 40.729062, -74.009419 40.729062, -74.009419 40.729062, -74.00942 40.729061, -74.009421 40.729061, -74.009422 40.729061, -74.009423 40.72906, -74.009424 40.72906, -74.009424 40.72906, -74.009425 40.72906, -74.009426 40.72906, -74.009427 40.729059, -74.009428 40.729059, -74.009429 40.729059, -74.009429 40.729059, -74.00943 40.729059, -74.009431 40.729059, -74.009432 40.729059, -74.009433 40.729059, -74.009451 40.729061, -74.009457 40.729061, -74.009543 40.72907, -74.010274 40.72914, -74.010381 40.72915, -74.010404 40.729153, -74.010421 40.729155))"^^<http://www.opengis.net/ont/geosparql#wktLiteral> .
<https://w3id.org/rtskg/new_york_city/instance/block_18146> <https://w3id.org/rtskg/ontology/objectproperty/block_intersects_station_area> <https://w3id.org/rtskg/new_york_city/instance/station_area_339> .
<https://w3id.org/rtskg/new_york_city/instance/block_18146> <https://w3id.org/rtskg/ontology/objectproperty/block_intersects_station_area> <https://w3id.org/rtskg/new_york_city/instance/station_area_359> .
<https://w3id.org/rtskg/new_york_city/instance/block_18146> <https://w3id.org/rtskg/ontology/objectproperty/block_intersects_station_area> <https://w3id.org/rtskg/new_york_city/instance/station_area_483> .
<https://w3id.org/rtskg/new_york_city/instance/block_18146> <https://w3id.org/rtskg/ontology/objectproperty/block_intersects_station_area> <https://w3id.org/rtskg/new_york_city/instance/station_area_484> .
<https://w3id.org/rtskg/new_york_city/instance/block_18146> <https://w3id.org/rtskg/ontology/objectproperty/block_intersects_station_area> <https://w3id.org/rtskg/new_york_city/instance/station_area_671> .
<https://w3id.org/rtskg/new_york_city/instance/block_18146> <https://w3id.org/rtskg/ontology/objectproperty/block_intersects_station_area> <https://w3id.org/rtskg/new_york_city/instance/station_area_711> .
<https://w3id.org/rtskg/new_york_city/instance/block_18146> <https://w3id.org/rtskg/ontology/objectproperty/block_locates_at_borough> <https://w3id.org/rtskg/new_york_city/instance/borough_1> .
<https://w3id.org/rtskg/new_york_city/instance/block_18146> <https://w3id.org/rtskg/ontology/objectproperty/block_locates_at_functional_area> <https://w3id.org/rtskg/new_york_city/instance/functional_area_158> .
