<https://w3id.org/rtskg/new_york_city/instance/block_19853> <http://www.w3.org/1999/02/22-rdf-syntax-ns#type> <https://w3id.org/rtskg/ontology/class/block> .
<https://w3id.org/rtskg/new_york_city/instance/block_19853> <https://w3id.org/rtskg/ontology/dataproperty/geometry> "POLYGON ((-73.950976 40.7089, -73.950964 40.708919, -73.950957 40.708931, -73.950957 40.708932, -73.950956 40.708933, -73.950955 40.708934, -73.950954 40.708935, -73.950953 40.708937, -73.950952 40.708938, -73.950951 40.708939, -73.95095 40.70894, -73.950949 40.708941, -73.950948 40.708942, -73.950947 40.708943, -73.950945 40.708944, -73.950944 40.708945, -73.950943 40.708945, -73.950942 40.708946, -73.95094 40.708947, -73.950939 40.708948, -73.950937 40.708948, -73.950936 40.708949, -73.950934 40.70895, -73.950933 40.70895, -73.950931 40.708951, -73.950929 40.708951, -73.950928 40.708952, -73.950925 40.708952, -73.950918 40.708952, -73.950909 40.708953, -73.950908 40.708953, -73.950906 40.708953, -73.950905 40.708953, -73.950903 40.708953, -73.950902 40.708952, -73.950901 40.708952, -73.9509 40.708952, -73.950899 40.708952, -73.950897 40.708951, -73.950896 40.708951, -73.950894 40.70895, -73.950893 40.70895, -73.950892 40.708949, -73.950891 40.708949, -73.95089 40.708949, -73.950889 40.708948, -73.950888 40.708948, -73.950887 40.708947, -73.950886 40.708947, -73.950885 40.708946, -73.950884 40.708946, -73.950883 40.708945, -73.950882 40.708944, -73.95088 40.708943, -73.95088 40.708943, -73.950879 40.708942, -73.950878 40.708942, -73.950877 40.708941, -73.950876 40.70894, -73.950875 40.708939, -73.950875 40.708938, -73.950874 40.708937, -73.950873 40.708936, -73.950872 40.708935, -73.950872 40.708934, -73.950871 40.708933, -73.95087 40.708932, -73.95087 40.70893, -73.950869 40.708925, -73.950865 40.708901, -73.95086 40.70887, -73.950859 40.708869, -73.950859 40.708868, -73.950859 40.708867, -73.950859 40.708866, -73.950859 40.708864, -73.950859 40.708863, -73.950859 40.708862, -73.950859 40.708861, -73.95086 40.70886, -73.95086 40.708858, -73.95086 40.708857, -73.95086 40.708856, -73.950861 40.708855, -73.950861 40.708854, -73.950862 40.708853, -73.950862 40.708852, -73.950863 40.70885, -73.950864 40.708849, -73.950864 40.708848, -73.950865 40.708847, -73.950866 40.708846, -73.950867 40.708845, -73.950868 40.708844, -73.950869 40.708843, -73.95087 40.708842, -73.950871 40.708841, -73.950872 40.70884, -73.950873 40.70884, -73.950874 40.708839, -73.950875 40.708838, -73.950876 40.708837, -73.950878 40.708837, -73.950879 40.708836, -73.95088 40.708835, -73.950882 40.708835, -73.950883 40.708834, -73.950884 40.708833, -73.950886 40.708833, -73.950887 40.708832, -73.950889 40.708832, -73.95089 40.708832, -73.950891 40.708831, -73.950892 40.708831, -73.950893 40.708831, -73.950956 40.708826, -73.950957 40.708826, -73.950959 40.708826, -73.95096 40.708827, -73.950962 40.708827, -73.950963 40.708827, -73.950965 40.708828, -73.950966 40.708828, -73.950968 40.708829, -73.950969 40.708829, -73.950971 40.70883, -73.950972 40.70883, -73.950973 40.708831, -73.950975 40.708831, -73.950976 40.708832, -73.950977 40.708833, -73.950978 40.708833, -73.95098 40.708834, -73.950981 40.708835, -73.950982 40.708836, -73.950983 40.708837, -73.950984 40.708837, -73.950985 40.708838, -73.950986 40.708839, -73.950987 40.70884, -73.950988 40.708841, -73.950989 40.708842, -73.95099 40.708843, -73.95099 40.708844, -73.950991 40.708845, -73.950992 40.708846, -73.950992 40.708848, -73.950993 40.708849, -73.950993 40.70885, -73.950994 40.708851, -73.950994 40.708852, -73.950995 40.708853, -73.950995 40.708854, -73.950995 40.708856, -73.950995 40.708857, -73.950995 40.708858, -73.950996 40.708859, -73.950996 40.70886, -73.950996 40.708862, -73.950995 40.708863, -73.950995 40.708864, -73.950995 40.708865, -73.950995 40.708866, -73.950995 40.708868, -73.950994 40.708869, -73.950976 40.7089))"^^<http://www.opengis.net/ont/geosparql#wktLiteral> .
<https://w3id.org/rtskg/new_york_city/instance/block_19853> <https://w3id.org/rtskg/ontology/objectproperty/block_intersects_station_area> <https://w3id.org/rtskg/new_york_city/instance/station_area_323> .
<https://w3id.org/rtskg/new_york_city/instance/block_19853> <https://w3id.org/rtskg/ontology/objectproperty/block_intersects_station_area> <https://w3id.org/rtskg/new_york_city/instance/station_area_324> .
<https://w3id.org/rtskg/new_york_city/instance/block_19853> <https://w3id.org/rtskg/ontology/objectproperty/block_intersects_station_area> <https://w3id.org/rtskg/new_york_city/instance/station_area_479> .
<https://w3id.org/rtskg/new_york_city/instance/block_19853> <https://w3id.org/rtskg/ontology/objectproperty/block_intersects_station_area> <https://w3id.org/rtskg/new_york_city/instance/station_area_480> .
<https://w3id.org/rtskg/new_york_city/instance/block_19853> <https://w3id.org/rtskg/ontology/objectproperty/block_intersects_station_area> <https://w3id.org/rtskg/new_york_city/instance/station_area_549> .
<https://w3id.org/rtskg/new_york_city/instance/block_19853> <https://w3id.org/rtskg/ontology/objectproperty/block_intersects_station_area> <https://w3id.org/rtskg/new_york_city/instance/station_area_553> .
<https://w3id.org/rtskg/new_york_city/instance/block_19853> <https://w3id.org/rtskg/ontology/objectproperty/block_intersects_station_area> <https://w3id.org/rtskg/new_york_city/instance/station_area_555> .
<https://w3id.org/rtskg/new_york_city/instance/block_19853> <https://w3id.org/rtskg/ontology/objectproperty/block_intersects_station_area> <https://w3id.org/rtskg/new_york_city/instance/station_area_556> .
<https://w3id.org/rtskg/new_york_city/instance/block_19853> <https://w3id.org/rtskg/ontology/objectproperty/block_locates_at_borough> <https://w3id.org/rtskg/new_york_city/instance/borough_3> .
<https://w3id.org/rtskg/new_york_city/instance/block_19853> <https://w3id.org/rtskg/ontology/objectproperty/block_locates_at_functional_area> <https://w3id.org/rtskg/new_york_city/instance/functional_area_256> .
