<https://w3id.org/rtskg/new_york_city/instance/block_44935> <http://www.w3.org/1999/02/22-rdf-syntax-ns#type> <https://w3id.org/rtskg/ontology/class/block> .
<https://w3id.org/rtskg/new_york_city/instance/block_44935> <https://w3id.org/rtskg/ontology/dataproperty/geometry> "POLYGON ((-73.895081 40.815482, -73.895077 40.815483, -73.895074 40.815484, -73.895074 40.815484, -73.89507 40.815485, -73.895067 40.815486, -73.895065 40.815486, -73.895063 40.815486, -73.895059 40.815487, -73.895056 40.815487, -73.895052 40.815487, -73.895049 40.815487, -73.895045 40.815488, -73.895041 40.815488, -73.895038 40.815487, -73.895034 40.815487, -73.895033 40.815487, -73.89503 40.815487, -73.895028 40.815487, -73.895027 40.815487, -73.895023 40.815486, -73.89502 40.815486, -73.895019 40.815486, -73.895016 40.815485, -73.895013 40.815484, -73.89501 40.815484, -73.895006 40.815483, -73.895003 40.815482, -73.895 40.815481, -73.894999 40.81548, -73.894988 40.815476, -73.894985 40.815475, -73.894837 40.815389, -73.894823 40.81538, -73.894821 40.815379, -73.894819 40.815378, -73.894818 40.815378, -73.89485 40.815344, -73.894863 40.815331, -73.894887 40.815307, -73.894894 40.815299, -73.894899 40.815295, -73.894904 40.815289, -73.894909 40.815284, -73.894914 40.815279, -73.894919 40.815273, -73.894924 40.815268, -73.894943 40.815249, -73.895091 40.815092, -73.895106 40.815077, -73.895122 40.815061, -73.895302 40.814873, -73.89533 40.814843, -73.895359 40.814813, -73.895388 40.814784, -73.895414 40.814758, -73.895417 40.814755, -73.895423 40.81475, -73.895433 40.814741, -73.895442 40.814732, -73.895448 40.814726, -73.895479 40.814698, -73.89551 40.81467, -73.895602 40.814588, -73.895661 40.814536, -73.895678 40.814521, -73.895695 40.814506, -73.895788 40.814424, -73.895827 40.814388, -73.895867 40.814352, -73.895908 40.814317, -73.895949 40.814282, -73.896007 40.814238, -73.896095 40.81417, -73.896101 40.814166, -73.896107 40.814161, -73.896115 40.814155, -73.896123 40.814149, -73.89613 40.814144, -73.896152 40.814127, -73.896156 40.814124, -73.896263 40.81404, -73.896272 40.814033, -73.896293 40.814015, -73.896313 40.813999, -73.89632 40.813993, -73.896323 40.813991, -73.896324 40.81399, -73.896327 40.813988, -73.896329 40.813986, -73.896333 40.813983, -73.896354 40.813967, -73.896385 40.813943, -73.896417 40.81392, -73.896433 40.813909, -73.89645 40.813897, -73.896634 40.81377, -73.896696 40.813725, -73.896714 40.813712, -73.897007 40.813499, -73.897217 40.813351, -73.897236 40.813338, -73.897252 40.813326, -73.897333 40.813269, -73.897646 40.813043, -73.897692 40.813013, -73.897692 40.813013, -73.897707 40.813003, -73.897752 40.812973, -73.89779 40.812988, -73.897795 40.81299, -73.897796 40.812991, -73.897801 40.812993, -73.897809 40.812996, -73.89781 40.812996, -73.897811 40.812997, -73.897816 40.813, -73.89782 40.813003, -73.897824 40.813006, -73.897824 40.813007, -73.897827 40.81301, -73.897829 40.813015, -73.897831 40.813019, -73.897831 40.813023, -73.897832 40.813028, -73.897831 40.813032, -73.897831 40.813032, -73.89783 40.813037, -73.897827 40.813041, -73.897825 40.813045, -73.897824 40.813046, -73.897821 40.813049, -73.897821 40.813049, -73.897817 40.813052, -73.897761 40.813087, -73.897706 40.813123, -73.897676 40.813142, -73.897661 40.813153, -73.897651 40.813159, -73.897597 40.813196, -73.897543 40.813233, -73.89749 40.813271, -73.897437 40.813309, -73.897383 40.813348, -73.897339 40.81338, -73.897329 40.813388, -73.897275 40.813428, -73.897222 40.813468, -73.89717 40.813509, -73.897128 40.813543, -73.897118 40.813551, -73.897067 40.813592, -73.897016 40.813634, -73.896966 40.813677, -73.896962 40.81368, -73.896837 40.813798, -73.896715 40.813913, -73.896661 40.813964, -73.896501 40.814115, -73.896329 40.814285, -73.895361 40.815229, -73.895158 40.815427, -73.895125 40.815459, -73.895123 40.815461, -73.89512 40.815463, -73.895117 40.815465, -73.895115 40.815467, -73.895112 40.815469, -73.895109 40.81547, -73.895109 40.81547, -73.895106 40.815472, -73.895103 40.815474, -73.895101 40.815475, -73.8951 40.815475, -73.895097 40.815477, -73.895094 40.815478, -73.895091 40.815479, -73.895087 40.81548, -73.895084 40.815481, -73.895081 40.815482))"^^<http://www.opengis.net/ont/geosparql#wktLiteral> .
<https://w3id.org/rtskg/new_york_city/instance/block_44935> <https://w3id.org/rtskg/ontology/objectproperty/block_intersects_station_area> <https://w3id.org/rtskg/new_york_city/instance/station_area_403> .
<https://w3id.org/rtskg/new_york_city/instance/block_44935> <https://w3id.org/rtskg/ontology/objectproperty/block_intersects_station_area> <https://w3id.org/rtskg/new_york_city/instance/station_area_495> .
<https://w3id.org/rtskg/new_york_city/instance/block_44935> <https://w3id.org/rtskg/ontology/objectproperty/block_intersects_station_area> <https://w3id.org/rtskg/new_york_city/instance/station_area_497> .
<https://w3id.org/rtskg/new_york_city/instance/block_44935> <https://w3id.org/rtskg/ontology/objectproperty/block_intersects_station_area> <https://w3id.org/rtskg/new_york_city/instance/station_area_547> .
<https://w3id.org/rtskg/new_york_city/instance/block_44935> <https://w3id.org/rtskg/ontology/objectproperty/block_intersects_station_area> <https://w3id.org/rtskg/new_york_city/instance/station_area_548> .
<https://w3id.org/rtskg/new_york_city/instance/block_44935> <https://w3id.org/rtskg/ontology/objectproperty/block_intersects_station_area> <https://w3id.org/rtskg/new_york_city/instance/station_area_637> .
<https://w3id.org/rtskg/new_york_city/instance/block_44935> <https://w3id.org/rtskg/ontology/objectproperty/block_locates_at_borough> <https://w3id.org/rtskg/new_york_city/instance/borough_2> .
<https://w3id.org/rtskg/new_york_city/instance/block_44935> <https://w3id.org/rtskg/ontology/objectproperty/block_locates_at_functional_area> <https://w3id.org/rtskg/new_york_city/instance/functional_area_126> .
