<https://w3id.org/rtskg/new_york_city/instance/block_38108> <http://www.w3.org/1999/02/22-rdf-syntax-ns#type> <https://w3id.org/rtskg/ontology/class/block> .
<https://w3id.org/rtskg/new_york_city/instance/block_38108> <https://w3id.org/rtskg/ontology/dataproperty/geometry> "POLYGON ((-73.906885 40.850391, -73.906884 40.850392, -73.906884 40.850392, -73.906884 40.850392, -73.906884 40.850393, -73.906883 40.850393, -73.906883 40.850393, -73.906883 40.850394, -73.906883 40.850394, -73.906882 40.850394, -73.906882 40.850394, -73.906882 40.850395, -73.906881 40.850395, -73.906881 40.850395, -73.906881 40.850395, -73.90688 40.850396, -73.90688 40.850396, -73.906879 40.850396, -73.906879 40.850396, -73.906879 40.850397, -73.906878 40.850397, -73.906878 40.850397, -73.906877 40.850397, -73.906877 40.850397, -73.906876 40.850397, -73.906876 40.850398, -73.906875 40.850398, -73.906875 40.850398, -73.906874 40.850398, -73.906874 40.850398, -73.906873 40.850398, -73.906873 40.850398, -73.906872 40.850398, -73.906872 40.850398, -73.906871 40.850398, -73.906871 40.850398, -73.90687 40.850398, -73.90687 40.850398, -73.90687 40.850398, -73.906869 40.850398, -73.906869 40.850398, -73.906868 40.850398, -73.906868 40.850398, -73.906867 40.850398, -73.906867 40.850398, -73.906866 40.850397, -73.906866 40.850397, -73.906865 40.850397, -73.906865 40.850397, -73.906864 40.850397, -73.906864 40.850397, -73.906863 40.850396, -73.906863 40.850396, -73.906863 40.850396, -73.906862 40.850396, -73.906862 40.850396, -73.906862 40.850395, -73.906861 40.850395, -73.906861 40.850395, -73.90686 40.850394, -73.90686 40.850394, -73.90686 40.850394, -73.906849 40.850383, -73.906832 40.850366, -73.906818 40.850353, -73.906793 40.850328, -73.906775 40.85031, -73.906732 40.850267, -73.906718 40.850253, -73.906688 40.850224, -73.906646 40.850182, -73.906645 40.850182, -73.906607 40.850144, -73.906594 40.850131, -73.906587 40.850124, -73.90657 40.850107, -73.906532 40.850069, -73.906528 40.850065, -73.906494 40.850032, -73.906457 40.849995, -73.906452 40.84999, -73.906424 40.849963, -73.906414 40.849953, -73.906379 40.849919, -73.906371 40.849912, -73.906328 40.849871, -73.906306 40.849849, -73.906285 40.849829, -73.906244 40.849789, -73.906243 40.849788, -73.906207 40.849751, -73.906171 40.849715, -73.906171 40.849714, -73.906147 40.849688, -73.906143 40.849683, -73.90614 40.849679, -73.906139 40.849676, -73.906139 40.849674, -73.906138 40.84967, -73.906138 40.849666, -73.906138 40.849665, -73.906138 40.849664, -73.906138 40.849661, -73.906138 40.849661, -73.906138 40.849661, -73.906139 40.849659, -73.906139 40.849658, -73.90614 40.849657, -73.90614 40.849656, -73.906141 40.849655, -73.906154 40.849667, -73.90616 40.849672, -73.906168 40.849679, -73.90618 40.84969, -73.906185 40.849695, -73.906186 40.849695, -73.906193 40.849701, -73.906209 40.849715, -73.906224 40.849729, -73.90625 40.849754, -73.906254 40.849757, -73.906311 40.849812, -73.906353 40.849856, -73.906354 40.849857, -73.906355 40.849858, -73.906392 40.849892, -73.906439 40.849941, -73.90649 40.849988, -73.906495 40.849993, -73.906544 40.850045, -73.906567 40.850067, -73.906607 40.850108, -73.906648 40.850145, -73.906695 40.850192, -73.906732 40.850228, -73.906769 40.850265, -73.906809 40.850305, -73.906838 40.850333, -73.906856 40.850351, -73.906879 40.850373, -73.906882 40.850381, -73.906883 40.850381, -73.906883 40.850381, -73.906883 40.850381, -73.906884 40.850382, -73.906884 40.850382, -73.906884 40.850382, -73.906884 40.850383, -73.906884 40.850383, -73.906885 40.850383, -73.906885 40.850384, -73.906885 40.850384, -73.906885 40.850385, -73.906885 40.850385, -73.906885 40.850385, -73.906885 40.850386, -73.906885 40.850386, -73.906885 40.850386, -73.906885 40.850387, -73.906885 40.850387, -73.906885 40.850388, -73.906885 40.850388, -73.906885 40.850388, -73.906885 40.850389, -73.906885 40.850389, -73.906885 40.850389, -73.906885 40.85039, -73.906885 40.85039, -73.906885 40.85039, -73.906885 40.850391, -73.906885 40.850391))"^^<http://www.opengis.net/ont/geosparql#wktLiteral> .
<https://w3id.org/rtskg/new_york_city/instance/block_38108> <https://w3id.org/rtskg/ontology/objectproperty/block_intersects_station_area> <https://w3id.org/rtskg/new_york_city/instance/station_area_335> .
<https://w3id.org/rtskg/new_york_city/instance/block_38108> <https://w3id.org/rtskg/ontology/objectproperty/block_intersects_station_area> <https://w3id.org/rtskg/new_york_city/instance/station_area_57> .
<https://w3id.org/rtskg/new_york_city/instance/block_38108> <https://w3id.org/rtskg/ontology/objectproperty/block_intersects_station_area> <https://w3id.org/rtskg/new_york_city/instance/station_area_61> .
<https://w3id.org/rtskg/new_york_city/instance/block_38108> <https://w3id.org/rtskg/ontology/objectproperty/block_intersects_station_area> <https://w3id.org/rtskg/new_york_city/instance/station_area_699> .
<https://w3id.org/rtskg/new_york_city/instance/block_38108> <https://w3id.org/rtskg/ontology/objectproperty/block_intersects_station_area> <https://w3id.org/rtskg/new_york_city/instance/station_area_69> .
<https://w3id.org/rtskg/new_york_city/instance/block_38108> <https://w3id.org/rtskg/ontology/objectproperty/block_intersects_station_area> <https://w3id.org/rtskg/new_york_city/instance/station_area_700> .
<https://w3id.org/rtskg/new_york_city/instance/block_38108> <https://w3id.org/rtskg/ontology/objectproperty/block_locates_at_borough> <https://w3id.org/rtskg/new_york_city/instance/borough_2> .
<https://w3id.org/rtskg/new_york_city/instance/block_38108> <https://w3id.org/rtskg/ontology/objectproperty/block_locates_at_functional_area> <https://w3id.org/rtskg/new_york_city/instance/functional_area_169> .
