<https://w3id.org/rtskg/new_york_city/instance/block_19598> <http://www.w3.org/1999/02/22-rdf-syntax-ns#type> <https://w3id.org/rtskg/ontology/class/block> .
<https://w3id.org/rtskg/new_york_city/instance/block_19598> <https://w3id.org/rtskg/ontology/dataproperty/geometry> "POLYGON ((-73.988642 40.70063, -73.988642 40.700631, -73.988641 40.700633, -73.98864 40.700636, -73.988639 40.700638, -73.988638 40.700639, -73.988637 40.70064, -73.988636 40.70064, -73.988636 40.700641, -73.988633 40.700642, -73.988631 40.700644, -73.98863 40.700644, -73.988628 40.700645, -73.988626 40.700646, -73.988623 40.700647, -73.98862 40.700648, -73.988618 40.700649, -73.988616 40.700649, -73.988613 40.70065, -73.988611 40.70065, -73.98861 40.70065, -73.988605 40.70065, -73.988597 40.70065, -73.988594 40.70065, -73.988588 40.700651, -73.988588 40.700651, -73.988586 40.700651, -73.988585 40.700651, -73.988569 40.70065, -73.988515 40.700648, -73.988446 40.700645, -73.988377 40.700642, -73.988315 40.70064, -73.988308 40.70064, -73.988291 40.700639, -73.988279 40.700638, -73.988259 40.700638, -73.988251 40.700637, -73.988239 40.700637, -73.98817 40.700634, -73.988101 40.700631, -73.988032 40.700628, -73.987962 40.700626, -73.987893 40.700623, -73.987835 40.70062, -73.987833 40.70062, -73.987832 40.70062, -73.987825 40.70062, -73.987824 40.70062, -73.987823 40.70062, -73.987822 40.70062, -73.987821 40.70062, -73.98782 40.700619, -73.987819 40.700619, -73.987819 40.700619, -73.987818 40.700619, -73.987817 40.700619, -73.987816 40.700618, -73.987815 40.700618, -73.987814 40.700618, -73.987813 40.700617, -73.987812 40.700617, -73.987811 40.700617, -73.98781 40.700616, -73.987809 40.700616, -73.987808 40.700615, -73.987807 40.700615, -73.987806 40.700614, -73.987806 40.700614, -73.987805 40.700613, -73.987805 40.700613, -73.987804 40.700612, -73.987803 40.700612, -73.987803 40.700611, -73.987802 40.700611, -73.987801 40.70061, -73.987801 40.70061, -73.987801 40.700609, -73.9878 40.700608, -73.9878 40.700608, -73.987799 40.700607, -73.987799 40.700606, -73.987798 40.700606, -73.987798 40.700605, -73.987797 40.700604, -73.987797 40.700603, -73.987797 40.700602, -73.987796 40.700602, -73.987796 40.700601, -73.987796 40.7006, -73.987796 40.700599, -73.987796 40.700598, -73.987796 40.700598, -73.987796 40.700597, -73.987795 40.700597, -73.987795 40.700596, -73.987796 40.700595, -73.987796 40.700593, -73.987798 40.700548, -73.987798 40.700542, -73.987801 40.7005, -73.987803 40.70047, -73.987804 40.700452, -73.987805 40.700425, -73.987805 40.700425, -73.987806 40.700405, -73.987807 40.700395, -73.987807 40.700395, -73.987807 40.700388, -73.987809 40.700357, -73.987812 40.700313, -73.987812 40.700312, -73.987812 40.700311, -73.987812 40.70031, -73.987812 40.700309, -73.987815 40.700291, -73.987818 40.700268, -73.987819 40.700264, -73.987821 40.700258, -73.987822 40.700257, -73.987822 40.700256, -73.987823 40.700254, -73.987824 40.700253, -73.987825 40.700251, -73.987826 40.70025, -73.987828 40.700249, -73.987828 40.700248, -73.987829 40.700248, -73.98783 40.700247, -73.987832 40.700246, -73.987834 40.700245, -73.987837 40.700244, -73.987841 40.700243, -73.987845 40.700242, -73.98785 40.700241, -73.987854 40.70024, -73.987856 40.70024, -73.987858 40.700239, -73.98786 40.700239, -73.987862 40.700239, -73.987866 40.700239, -73.987869 40.700239, -73.987874 40.70024, -73.987888 40.700241, -73.987895 40.700241, -73.988625 40.700262, -73.988631 40.700263, -73.988636 40.700264, -73.98864 40.700265, -73.988643 40.700266, -73.988646 40.700267, -73.988649 40.700268, -73.988651 40.700269, -73.988652 40.700269, -73.988653 40.70027, -73.988654 40.700271, -73.988655 40.700272, -73.988656 40.700273, -73.988657 40.700274, -73.98866 40.700277, -73.988661 40.700279, -73.988662 40.700281, -73.988663 40.700282, -73.988663 40.700283, -73.988664 40.700285, -73.988664 40.700287, -73.988665 40.700295, -73.988659 40.70039, -73.988656 40.700434, -73.988643 40.700626, -73.988642 40.70063))"^^<http://www.opengis.net/ont/geosparql#wktLiteral> .
<https://w3id.org/rtskg/new_york_city/instance/block_19598> <https://w3id.org/rtskg/ontology/objectproperty/block_intersects_station_area> <https://w3id.org/rtskg/new_york_city/instance/station_area_305> .
<https://w3id.org/rtskg/new_york_city/instance/block_19598> <https://w3id.org/rtskg/ontology/objectproperty/block_intersects_station_area> <https://w3id.org/rtskg/new_york_city/instance/station_area_365> .
<https://w3id.org/rtskg/new_york_city/instance/block_19598> <https://w3id.org/rtskg/ontology/objectproperty/block_intersects_station_area> <https://w3id.org/rtskg/new_york_city/instance/station_area_481> .
<https://w3id.org/rtskg/new_york_city/instance/block_19598> <https://w3id.org/rtskg/ontology/objectproperty/block_intersects_station_area> <https://w3id.org/rtskg/new_york_city/instance/station_area_482> .
<https://w3id.org/rtskg/new_york_city/instance/block_19598> <https://w3id.org/rtskg/ontology/objectproperty/block_intersects_station_area> <https://w3id.org/rtskg/new_york_city/instance/station_area_511> .
<https://w3id.org/rtskg/new_york_city/instance/block_19598> <https://w3id.org/rtskg/ontology/objectproperty/block_intersects_station_area> <https://w3id.org/rtskg/new_york_city/instance/station_area_737> .
<https://w3id.org/rtskg/new_york_city/instance/block_19598> <https://w3id.org/rtskg/ontology/objectproperty/block_intersects_station_area> <https://w3id.org/rtskg/new_york_city/instance/station_area_738> .
<https://w3id.org/rtskg/new_york_city/instance/block_19598> <https://w3id.org/rtskg/ontology/objectproperty/block_locates_at_borough> <https://w3id.org/rtskg/new_york_city/instance/borough_3> .
<https://w3id.org/rtskg/new_york_city/instance/block_19598> <https://w3id.org/rtskg/ontology/objectproperty/block_locates_at_functional_area> <https://w3id.org/rtskg/new_york_city/instance/functional_area_65> .
