<https://w3id.org/rtskg/new_york_city/instance/block_44406> <http://www.w3.org/1999/02/22-rdf-syntax-ns#type> <https://w3id.org/rtskg/ontology/class/block> .
<https://w3id.org/rtskg/new_york_city/instance/block_44406> <https://w3id.org/rtskg/ontology/dataproperty/geometry> "POLYGON ((-73.945242 40.833504, -73.945244 40.833502, -73.945246 40.8335, -73.945248 40.833499, -73.94525 40.833498, -73.945252 40.833496, -73.945254 40.833495, -73.945257 40.833495, -73.945259 40.833494, -73.94526 40.833494, -73.945262 40.833493, -73.945265 40.833493, -73.945268 40.833493, -73.94527 40.833493, -73.945273 40.833493, -73.945276 40.833493, -73.945279 40.833493, -73.945281 40.833494, -73.945284 40.833495, -73.945286 40.833496, -73.945289 40.833497, -73.94529 40.833497, -73.94529 40.833498, -73.945291 40.833498, -73.945292 40.833498, -73.945292 40.833499, -73.945293 40.8335, -73.945294 40.8335, -73.945295 40.833501, -73.945296 40.833501, -73.945297 40.833502, -73.945297 40.833503, -73.945298 40.833503, -73.945299 40.833504, -73.945299 40.833505, -73.9453 40.833506, -73.945301 40.833506, -73.945301 40.833507, -73.945302 40.833508, -73.945302 40.833509, -73.945303 40.83351, -73.945303 40.83351, -73.945303 40.833511, -73.945304 40.833512, -73.945304 40.833513, -73.945304 40.833514, -73.945304 40.833515, -73.945305 40.833516, -73.945305 40.833517, -73.945305 40.833517, -73.945305 40.833518, -73.945305 40.833519, -73.945305 40.83352, -73.945305 40.833521, -73.945305 40.833522, -73.945304 40.833523, -73.945304 40.833524, -73.945304 40.833524, -73.945304 40.833524, -73.945304 40.833525, -73.945303 40.833526, -73.945303 40.833526, -73.945303 40.833527, -73.945303 40.833528, -73.945302 40.833529, -73.945299 40.833533, -73.945294 40.83354, -73.945279 40.833562, -73.9452 40.833676, -73.945172 40.833717, -73.94503 40.833911, -73.945 40.833952, -73.944987 40.833969, -73.944979 40.83398, -73.944976 40.833985, -73.944965 40.833999, -73.944965 40.833999, -73.944964 40.834, -73.944964 40.834, -73.944963 40.834001, -73.944963 40.834001, -73.944962 40.834001, -73.944962 40.834002, -73.944961 40.834002, -73.944961 40.834002, -73.94496 40.834002, -73.94496 40.834003, -73.94496 40.834003, -73.944959 40.834003, -73.944958 40.834003, -73.944958 40.834004, -73.944957 40.834004, -73.944956 40.834004, -73.944956 40.834004, -73.944955 40.834004, -73.944954 40.834004, -73.944954 40.834005, -73.944953 40.834005, -73.944952 40.834005, -73.944952 40.834005, -73.944951 40.834005, -73.94495 40.834005, -73.94495 40.834005, -73.944949 40.834005, -73.944948 40.834005, -73.944948 40.834005, -73.944947 40.834005, -73.944946 40.834005, -73.944945 40.834005, -73.944945 40.834004, -73.944944 40.834004, -73.944943 40.834004, -73.944943 40.834004, -73.944942 40.834004, -73.944941 40.834004, -73.944941 40.834003, -73.94494 40.834003, -73.94494 40.834003, -73.944939 40.834003, -73.944938 40.834002, -73.944938 40.834002, -73.944937 40.834002, -73.944937 40.834001, -73.944936 40.834001, -73.944936 40.834001, -73.944935 40.834, -73.944935 40.834, -73.944934 40.834, -73.944934 40.833999, -73.944933 40.833999, -73.944933 40.833998, -73.944932 40.833998, -73.944932 40.833997, -73.944932 40.833997, -73.944931 40.833997, -73.944931 40.833996, -73.944931 40.833996, -73.944931 40.833995, -73.94493 40.833995, -73.94493 40.833994, -73.94493 40.833994, -73.94493 40.833993, -73.94493 40.833993, -73.944929 40.833992, -73.944929 40.833991, -73.944929 40.833991, -73.944929 40.83399, -73.944929 40.83399, -73.944929 40.833989, -73.944929 40.833989, -73.944929 40.833988, -73.944929 40.833988, -73.944929 40.833987, -73.94493 40.833987, -73.94493 40.833986, -73.94493 40.833986, -73.94493 40.833985, -73.94493 40.833985, -73.94493 40.833985, -73.94493 40.833984, -73.944931 40.833984, -73.944931 40.833983, -73.944931 40.833983, -73.944932 40.833982, -73.944932 40.833982, -73.944942 40.833969, -73.944945 40.833964, -73.944971 40.83393, -73.944994 40.833899, -73.945078 40.833786, -73.945119 40.833682, -73.945119 40.833682, -73.94512 40.833679, -73.945126 40.833663, -73.94519 40.833576, -73.94522 40.833534, -73.945226 40.833526, -73.945241 40.833506, -73.945242 40.833505, -73.945242 40.833504))"^^<http://www.opengis.net/ont/geosparql#wktLiteral> .
<https://w3id.org/rtskg/new_york_city/instance/block_44406> <https://w3id.org/rtskg/ontology/objectproperty/block_intersects_station_area> <https://w3id.org/rtskg/new_york_city/instance/station_area_33> .
<https://w3id.org/rtskg/new_york_city/instance/block_44406> <https://w3id.org/rtskg/ontology/objectproperty/block_intersects_station_area> <https://w3id.org/rtskg/new_york_city/instance/station_area_39> .
<https://w3id.org/rtskg/new_york_city/instance/block_44406> <https://w3id.org/rtskg/ontology/objectproperty/block_intersects_station_area> <https://w3id.org/rtskg/new_york_city/instance/station_area_40> .
<https://w3id.org/rtskg/new_york_city/instance/block_44406> <https://w3id.org/rtskg/ontology/objectproperty/block_intersects_station_area> <https://w3id.org/rtskg/new_york_city/instance/station_area_41> .
<https://w3id.org/rtskg/new_york_city/instance/block_44406> <https://w3id.org/rtskg/ontology/objectproperty/block_intersects_station_area> <https://w3id.org/rtskg/new_york_city/instance/station_area_42> .
<https://w3id.org/rtskg/new_york_city/instance/block_44406> <https://w3id.org/rtskg/ontology/objectproperty/block_intersects_station_area> <https://w3id.org/rtskg/new_york_city/instance/station_area_45> .
<https://w3id.org/rtskg/new_york_city/instance/block_44406> <https://w3id.org/rtskg/ontology/objectproperty/block_intersects_station_area> <https://w3id.org/rtskg/new_york_city/instance/station_area_49> .
<https://w3id.org/rtskg/new_york_city/instance/block_44406> <https://w3id.org/rtskg/ontology/objectproperty/block_locates_at_borough> <https://w3id.org/rtskg/new_york_city/instance/borough_1> .
<https://w3id.org/rtskg/new_york_city/instance/block_44406> <https://w3id.org/rtskg/ontology/objectproperty/block_locates_at_functional_area> <https://w3id.org/rtskg/new_york_city/instance/functional_area_244> .
