<https://w3id.org/rtskg/new_york_city/instance/block_1038> <http://www.w3.org/1999/02/22-rdf-syntax-ns#type> <https://w3id.org/rtskg/ontology/class/block> .
<https://w3id.org/rtskg/new_york_city/instance/block_1038> <https://w3id.org/rtskg/ontology/dataproperty/geometry> "POLYGON ((-73.932825 40.702503, -73.932826 40.702504, -73.932827 40.702504, -73.932828 40.702505, -73.932829 40.702505, -73.93283 40.702506, -73.932831 40.702506, -73.932833 40.702507, -73.932849 40.702516, -73.932883 40.702535, -73.932898 40.702544, -73.932936 40.702565, -73.932948 40.702572, -73.932989 40.702595, -73.933 40.702602, -73.933042 40.702625, -73.933059 40.702635, -73.933095 40.702655, -73.933148 40.702685, -73.933201 40.702715, -73.933211 40.702721, -73.933254 40.702745, -73.933306 40.702775, -73.933347 40.702799, -73.933351 40.702802, -73.933354 40.702806, -73.933357 40.70281, -73.933357 40.702811, -73.933359 40.702815, -73.933359 40.702815, -73.93336 40.702819, -73.93336 40.702824, -73.93336 40.702829, -73.933359 40.702831, -73.933358 40.702833, -73.933356 40.702838, -73.933353 40.702842, -73.93335 40.702845, -73.933345 40.702849, -73.93334 40.702852, -73.933275 40.702877, -73.933234 40.702893, -73.933139 40.70293, -73.933052 40.702963, -73.933042 40.702967, -73.933001 40.702983, -73.932771 40.703074, -73.932751 40.703082, -73.932735 40.703088, -73.932614 40.703135, -73.932597 40.703141, -73.932341 40.703241, -73.932103 40.703332, -73.932067 40.703345, -73.93206 40.703345, -73.932059 40.703345, -73.932054 40.703344, -73.932048 40.703343, -73.932042 40.703341, -73.932039 40.70334, -73.932037 40.703339, -73.932032 40.703336, -73.932027 40.703333, -73.932024 40.703329, -73.932023 40.703329, -73.93202 40.703325, -73.932017 40.70332, -73.932015 40.703316, -73.932014 40.703311, -73.932014 40.703306, -73.932015 40.703301, -73.932016 40.703297, -73.932018 40.703292, -73.932064 40.703243, -73.93208 40.703226, -73.932119 40.703186, -73.932125 40.70318, -73.932157 40.703146, -73.932196 40.703107, -73.932235 40.703067, -73.932273 40.703027, -73.932312 40.702987, -73.932335 40.702964, -73.932351 40.702948, -73.932363 40.702935, -73.932393 40.702904, -73.932436 40.70286, -73.932479 40.702817, -73.932522 40.702773, -73.932565 40.70273, -73.932587 40.702707, -73.932607 40.702686, -73.93265 40.702643, -73.932693 40.702599, -73.932736 40.702556, -73.932755 40.702536, -73.932779 40.702512, -73.932779 40.702511, -73.93278 40.702511, -73.932781 40.70251, -73.932782 40.702509, -73.932783 40.702508, -73.932783 40.702508, -73.932784 40.702508, -73.932785 40.702507, -73.932786 40.702507, -73.932787 40.702506, -73.932788 40.702505, -73.932789 40.702505, -73.93279 40.702504, -73.932792 40.702504, -73.932793 40.702503, -73.932794 40.702503, -73.932795 40.702503, -73.932796 40.702502, -73.932798 40.702502, -73.932798 40.702502, -73.932799 40.702502, -73.9328 40.702501, -73.932801 40.702501, -73.932803 40.702501, -73.932804 40.702501, -73.932805 40.702501, -73.932807 40.702501, -73.932808 40.702501, -73.932809 40.702501, -73.932811 40.702501, -73.932812 40.702501, -73.932813 40.702501, -73.932815 40.702501, -73.932816 40.702501, -73.932816 40.702501, -73.932817 40.702501, -73.932818 40.702502, -73.93282 40.702502, -73.932821 40.702502, -73.932822 40.702502, -73.932823 40.702503, -73.932825 40.702503))"^^<http://www.opengis.net/ont/geosparql#wktLiteral> .
<https://w3id.org/rtskg/new_york_city/instance/block_1038> <https://w3id.org/rtskg/ontology/objectproperty/block_intersects_station_area> <https://w3id.org/rtskg/new_york_city/instance/station_area_349> .
<https://w3id.org/rtskg/new_york_city/instance/block_1038> <https://w3id.org/rtskg/ontology/objectproperty/block_intersects_station_area> <https://w3id.org/rtskg/new_york_city/instance/station_area_427> .
<https://w3id.org/rtskg/new_york_city/instance/block_1038> <https://w3id.org/rtskg/ontology/objectproperty/block_intersects_station_area> <https://w3id.org/rtskg/new_york_city/instance/station_area_515> .
<https://w3id.org/rtskg/new_york_city/instance/block_1038> <https://w3id.org/rtskg/ontology/objectproperty/block_intersects_station_area> <https://w3id.org/rtskg/new_york_city/instance/station_area_565> .
<https://w3id.org/rtskg/new_york_city/instance/block_1038> <https://w3id.org/rtskg/ontology/objectproperty/block_intersects_station_area> <https://w3id.org/rtskg/new_york_city/instance/station_area_566> .
<https://w3id.org/rtskg/new_york_city/instance/block_1038> <https://w3id.org/rtskg/ontology/objectproperty/block_intersects_station_area> <https://w3id.org/rtskg/new_york_city/instance/station_area_575> .
<https://w3id.org/rtskg/new_york_city/instance/block_1038> <https://w3id.org/rtskg/ontology/objectproperty/block_locates_at_borough> <https://w3id.org/rtskg/new_york_city/instance/borough_3> .
<https://w3id.org/rtskg/new_york_city/instance/block_1038> <https://w3id.org/rtskg/ontology/objectproperty/block_locates_at_functional_area> <https://w3id.org/rtskg/new_york_city/instance/functional_area_37> .
