<https://w3id.org/rtskg/new_york_city/instance/block_40555> <http://www.w3.org/1999/02/22-rdf-syntax-ns#type> <https://w3id.org/rtskg/ontology/class/block> .
<https://w3id.org/rtskg/new_york_city/instance/block_40555> <https://w3id.org/rtskg/ontology/dataproperty/geometry> "POLYGON ((-73.94259 40.749608, -73.942567 40.749631, -73.942531 40.74967, -73.942523 40.749679, -73.942496 40.749708, -73.942484 40.749721, -73.942471 40.749735, -73.942455 40.749753, -73.94243 40.74978, -73.942426 40.749784, -73.942385 40.749759, -73.942358 40.749743, -73.942308 40.749712, -73.942289 40.749699, -73.942233 40.749661, -73.942195 40.749635, -73.942165 40.749613, -73.942158 40.749609, -73.942122 40.749582, -73.942115 40.749577, -73.942086 40.749554, -73.94205 40.749527, -73.942016 40.749498, -73.941981 40.74947, -73.941948 40.749441, -73.941935 40.749429, -73.941915 40.749411, -73.941883 40.749381, -73.941864 40.749363, -73.941854 40.749354, -73.941826 40.749326, -73.941825 40.749324, -73.941831 40.749317, -73.941845 40.749302, -73.941858 40.749288, -73.94187 40.749275, -73.941895 40.749248, -73.941896 40.749247, -73.941929 40.749211, -73.941964 40.749174, -73.941999 40.749136, -73.942033 40.749099, -73.942048 40.749083, -73.942068 40.749062, -73.942102 40.749024, -73.942133 40.748991, -73.942133 40.748991, -73.942134 40.74899, -73.942135 40.748989, -73.942136 40.748989, -73.942137 40.748988, -73.942138 40.748987, -73.942139 40.748986, -73.94214 40.748985, -73.942141 40.748985, -73.942142 40.748984, -73.942143 40.748983, -73.942144 40.748983, -73.942145 40.748982, -73.942147 40.748982, -73.942148 40.748981, -73.942149 40.748981, -73.94215 40.74898, -73.94215 40.74898, -73.942152 40.74898, -73.942153 40.748979, -73.942154 40.748979, -73.942156 40.748979, -73.942157 40.748978, -73.942158 40.748978, -73.94216 40.748978, -73.942161 40.748978, -73.942163 40.748977, -73.942164 40.748977, -73.942166 40.748977, -73.942167 40.748977, -73.942167 40.748977, -73.942168 40.748977, -73.94217 40.748977, -73.942171 40.748977, -73.942173 40.748977, -73.942174 40.748978, -73.942175 40.748978, -73.942177 40.748978, -73.942178 40.748978, -73.94218 40.748978, -73.942181 40.748979, -73.942182 40.748979, -73.942184 40.74898, -73.942185 40.74898, -73.942186 40.74898, -73.942187 40.748981, -73.942187 40.748981, -73.942189 40.748981, -73.94219 40.748982, -73.942191 40.748983, -73.942194 40.748984, -73.942246 40.749011, -73.942294 40.749036, -73.942343 40.74906, -73.942392 40.749085, -73.942446 40.749112, -73.942458 40.749118, -73.942498 40.749138, -73.9425 40.749139, -73.942555 40.749166, -73.942609 40.749193, -73.942663 40.74922, -73.942718 40.749247, -73.942772 40.749274, -73.942823 40.749299, -73.942827 40.749301, -73.942828 40.749302, -73.942829 40.749302, -73.94283 40.749303, -73.942831 40.749303, -73.942832 40.749304, -73.942833 40.749304, -73.942833 40.749305, -73.942834 40.749306, -73.942835 40.749306, -73.942836 40.749307, -73.942836 40.749308, -73.942837 40.749309, -73.942838 40.749309, -73.942838 40.74931, -73.942838 40.74931, -73.942839 40.749311, -73.942839 40.749312, -73.94284 40.749313, -73.94284 40.749314, -73.942841 40.749314, -73.942841 40.749315, -73.942841 40.749316, -73.942842 40.749317, -73.942842 40.749318, -73.942842 40.749319, -73.942842 40.74932, -73.942842 40.749321, -73.942843 40.749321, -73.942843 40.749322, -73.942843 40.749323, -73.942843 40.749324, -73.942843 40.749324, -73.942843 40.749325, -73.942842 40.749326, -73.942842 40.749327, -73.942842 40.749328, -73.942842 40.749329, -73.942841 40.74933, -73.942841 40.74933, -73.942841 40.749331, -73.94284 40.749332, -73.94284 40.749333, -73.942839 40.749334, -73.942839 40.749335, -73.942838 40.749335, -73.942838 40.749336, -73.942837 40.749337, -73.942837 40.749338, -73.942836 40.749338, -73.942835 40.74934, -73.942832 40.749343, -73.942794 40.749385, -73.942754 40.749429, -73.942714 40.749473, -73.942675 40.749517, -73.942669 40.749523, -73.942639 40.749555, -73.942627 40.749567, -73.942611 40.749585, -73.942603 40.749593, -73.94259 40.749608))"^^<http://www.opengis.net/ont/geosparql#wktLiteral> .
<https://w3id.org/rtskg/new_york_city/instance/block_40555> <https://w3id.org/rtskg/ontology/objectproperty/block_intersects_station_area> <https://w3id.org/rtskg/new_york_city/instance/station_area_379> .
<https://w3id.org/rtskg/new_york_city/instance/block_40555> <https://w3id.org/rtskg/ontology/objectproperty/block_intersects_station_area> <https://w3id.org/rtskg/new_york_city/instance/station_area_380> .
<https://w3id.org/rtskg/new_york_city/instance/block_40555> <https://w3id.org/rtskg/ontology/objectproperty/block_intersects_station_area> <https://w3id.org/rtskg/new_york_city/instance/station_area_641> .
<https://w3id.org/rtskg/new_york_city/instance/block_40555> <https://w3id.org/rtskg/ontology/objectproperty/block_intersects_station_area> <https://w3id.org/rtskg/new_york_city/instance/station_area_642> .
<https://w3id.org/rtskg/new_york_city/instance/block_40555> <https://w3id.org/rtskg/ontology/objectproperty/block_intersects_station_area> <https://w3id.org/rtskg/new_york_city/instance/station_area_643> .
<https://w3id.org/rtskg/new_york_city/instance/block_40555> <https://w3id.org/rtskg/ontology/objectproperty/block_intersects_station_area> <https://w3id.org/rtskg/new_york_city/instance/station_area_644> .
<https://w3id.org/rtskg/new_york_city/instance/block_40555> <https://w3id.org/rtskg/ontology/objectproperty/block_intersects_station_area> <https://w3id.org/rtskg/new_york_city/instance/station_area_83> .
<https://w3id.org/rtskg/new_york_city/instance/block_40555> <https://w3id.org/rtskg/ontology/objectproperty/block_intersects_station_area> <https://w3id.org/rtskg/new_york_city/instance/station_area_85> .
<https://w3id.org/rtskg/new_york_city/instance/block_40555> <https://w3id.org/rtskg/ontology/objectproperty/block_locates_at_borough> <https://w3id.org/rtskg/new_york_city/instance/borough_4> .
<https://w3id.org/rtskg/new_york_city/instance/block_40555> <https://w3id.org/rtskg/ontology/objectproperty/block_locates_at_functional_area> <https://w3id.org/rtskg/new_york_city/instance/functional_area_145> .
