<https://w3id.org/rtskg/new_york_city/instance/block_44331> <http://www.w3.org/1999/02/22-rdf-syntax-ns#type> <https://w3id.org/rtskg/ontology/class/block> .
<https://w3id.org/rtskg/new_york_city/instance/block_44331> <https://w3id.org/rtskg/ontology/dataproperty/geometry> "POLYGON ((-73.939372 40.839286, -73.939368 40.839284, -73.939364 40.83928, -73.93936 40.839276, -73.93936 40.839276, -73.939358 40.839272, -73.939357 40.839271, -73.939356 40.839268, -73.939354 40.839263, -73.939354 40.839258, -73.939355 40.839256, -73.939355 40.839253, -73.939356 40.839249, -73.939359 40.839244, -73.939361 40.839241, -73.939412 40.839174, -73.939446 40.839128, -73.93946 40.839109, -73.939488 40.839072, -73.93952 40.83903, -73.939552 40.838987, -73.939583 40.838944, -73.939608 40.83891, -73.939615 40.838901, -73.939646 40.838859, -73.939647 40.838858, -73.939648 40.838856, -73.939649 40.838855, -73.93965 40.838854, -73.93965 40.838854, -73.939651 40.838853, -73.939652 40.838852, -73.939654 40.838851, -73.939655 40.83885, -73.939656 40.838849, -73.939657 40.838848, -73.939659 40.838847, -73.93966 40.838846, -73.939662 40.838846, -73.939663 40.838845, -73.939664 40.838845, -73.939665 40.838844, -73.939666 40.838843, -73.939668 40.838843, -73.93967 40.838842, -73.939671 40.838842, -73.939673 40.838841, -73.939675 40.838841, -73.939677 40.83884, -73.939678 40.83884, -73.93968 40.838839, -73.939682 40.838839, -73.939682 40.838839, -73.939684 40.838839, -73.939685 40.838839, -73.939687 40.838839, -73.939689 40.838838, -73.939691 40.838838, -73.939693 40.838838, -73.939695 40.838838, -73.939696 40.838838, -73.939698 40.838839, -73.9397 40.838839, -73.939702 40.838839, -73.939704 40.838839, -73.939705 40.83884, -73.939707 40.83884, -73.939709 40.83884, -73.939711 40.838841, -73.939712 40.838841, -73.939714 40.838842, -73.939716 40.838843, -73.939717 40.838843, -73.939718 40.838843, -73.939719 40.838844, -73.93972 40.838845, -73.939722 40.838845, -73.939723 40.838846, -73.939725 40.838847, -73.939726 40.838848, -73.939729 40.83885, -73.939731 40.838851, -73.939734 40.838853, -73.939734 40.838853, -73.939735 40.838854, -73.939736 40.838855, -73.939739 40.838857, -73.939741 40.838859, -73.939743 40.838861, -73.939745 40.838864, -73.939747 40.838866, -73.939749 40.838868, -73.93975 40.83887, -73.939752 40.838873, -73.939753 40.838875, -73.939755 40.838877, -73.939756 40.83888, -73.939757 40.838882, -73.939758 40.838885, -73.939759 40.838887, -73.93976 40.83889, -73.939761 40.838893, -73.939761 40.838895, -73.939762 40.838898, -73.939762 40.8389, -73.939762 40.838903, -73.939765 40.83895, -73.939768 40.838997, -73.939771 40.839044, -73.939774 40.839091, -73.939775 40.839128, -73.93978 40.839217, -73.939781 40.839242, -73.939791 40.839352, -73.939794 40.839428, -73.939793 40.839432, -73.939792 40.839434, -73.939792 40.839435, -73.93979 40.839438, -73.939787 40.839441, -73.939785 40.839443, -73.939784 40.839444, -73.93978 40.839446, -73.939776 40.839448, -73.939775 40.839448, -73.939771 40.839449, -73.93977 40.839449, -73.939767 40.83945, -73.939766 40.83945, -73.939761 40.83945, -73.939757 40.839449, -73.93975 40.839446, -73.939629 40.839395, -73.939529 40.839352, -73.939513 40.839345, -73.939413 40.839303, -73.939372 40.839286))"^^<http://www.opengis.net/ont/geosparql#wktLiteral> .
<https://w3id.org/rtskg/new_york_city/instance/block_44331> <https://w3id.org/rtskg/ontology/objectproperty/block_intersects_station_area> <https://w3id.org/rtskg/new_york_city/instance/station_area_41> .
<https://w3id.org/rtskg/new_york_city/instance/block_44331> <https://w3id.org/rtskg/ontology/objectproperty/block_intersects_station_area> <https://w3id.org/rtskg/new_york_city/instance/station_area_45> .
<https://w3id.org/rtskg/new_york_city/instance/block_44331> <https://w3id.org/rtskg/ontology/objectproperty/block_intersects_station_area> <https://w3id.org/rtskg/new_york_city/instance/station_area_46> .
<https://w3id.org/rtskg/new_york_city/instance/block_44331> <https://w3id.org/rtskg/ontology/objectproperty/block_intersects_station_area> <https://w3id.org/rtskg/new_york_city/instance/station_area_49> .
<https://w3id.org/rtskg/new_york_city/instance/block_44331> <https://w3id.org/rtskg/ontology/objectproperty/block_intersects_station_area> <https://w3id.org/rtskg/new_york_city/instance/station_area_50> .
<https://w3id.org/rtskg/new_york_city/instance/block_44331> <https://w3id.org/rtskg/ontology/objectproperty/block_intersects_station_area> <https://w3id.org/rtskg/new_york_city/instance/station_area_59> .
<https://w3id.org/rtskg/new_york_city/instance/block_44331> <https://w3id.org/rtskg/ontology/objectproperty/block_locates_at_borough> <https://w3id.org/rtskg/new_york_city/instance/borough_1> .
<https://w3id.org/rtskg/new_york_city/instance/block_44331> <https://w3id.org/rtskg/ontology/objectproperty/block_locates_at_functional_area> <https://w3id.org/rtskg/new_york_city/instance/functional_area_244> .
