<https://w3id.org/rtskg/new_york_city/instance/block_20791> <http://www.w3.org/1999/02/22-rdf-syntax-ns#type> <https://w3id.org/rtskg/ontology/class/block> .
<https://w3id.org/rtskg/new_york_city/instance/block_20791> <https://w3id.org/rtskg/ontology/dataproperty/geometry> "POLYGON ((-73.978512 40.750862, -73.978512 40.750862, -73.978512 40.750863, -73.978511 40.750863, -73.978511 40.750863, -73.97851 40.750865, -73.978509 40.750867, -73.978504 40.750875, -73.978499 40.750883, -73.978496 40.750887, -73.978496 40.750888, -73.978476 40.750921, -73.978437 40.750974, -73.97837 40.751066, -73.978309 40.751148, -73.978303 40.751156, -73.978236 40.751247, -73.97817 40.751337, -73.978156 40.751356, -73.978151 40.751363, -73.97813 40.751391, -73.978129 40.75139, -73.978128 40.751389, -73.978128 40.751389, -73.978127 40.751388, -73.978127 40.751387, -73.978127 40.751387, -73.978126 40.751386, -73.978126 40.751386, -73.978126 40.751385, -73.978125 40.751384, -73.978125 40.751384, -73.978125 40.751383, -73.978125 40.751383, -73.978125 40.751382, -73.978124 40.75138, -73.978124 40.751377, -73.978124 40.751376, -73.978124 40.751375, -73.978124 40.751375, -73.978124 40.751374, -73.978124 40.751374, -73.978124 40.751373, -73.978124 40.751373, -73.978124 40.751372, -73.978125 40.751371, -73.978125 40.75137, -73.978125 40.75137, -73.978126 40.751369, -73.978126 40.751368, -73.978126 40.751367, -73.978127 40.751367, -73.978127 40.751366, -73.978128 40.751365, -73.978132 40.75136, -73.978135 40.751356, -73.978138 40.751352, -73.97816 40.751321, -73.97816 40.751321, -73.978192 40.751277, -73.978224 40.751233, -73.978226 40.751231, -73.978256 40.751189, -73.978288 40.751146, -73.978291 40.751141, -73.97832 40.751102, -73.978352 40.751058, -73.978357 40.751052, -73.978384 40.751014, -73.978416 40.75097, -73.978422 40.750962, -73.978449 40.750926, -73.978462 40.750908, -73.978481 40.750882, -73.978481 40.750881, -73.978481 40.750881, -73.978481 40.750881, -73.978482 40.750881, -73.978484 40.750877, -73.978489 40.75087, -73.978495 40.750861, -73.978496 40.75086, -73.978497 40.750858, -73.978497 40.750858, -73.978498 40.750858, -73.978498 40.750857, -73.978498 40.750857, -73.978498 40.750857, -73.978499 40.750857, -73.978499 40.750856, -73.978499 40.750856, -73.9785 40.750856, -73.9785 40.750856, -73.9785 40.750856, -73.978501 40.750856, -73.978501 40.750855, -73.978501 40.750855, -73.978502 40.750855, -73.978502 40.750855, -73.978502 40.750855, -73.978503 40.750855, -73.978503 40.750855, -73.978504 40.750855, -73.978504 40.750855, -73.978504 40.750855, -73.978505 40.750855, -73.978505 40.750855, -73.978506 40.750855, -73.978506 40.750855, -73.978506 40.750855, -73.978507 40.750855, -73.978507 40.750855, -73.978508 40.750855, -73.978508 40.750856, -73.978508 40.750856, -73.978509 40.750856, -73.978509 40.750856, -73.978509 40.750856, -73.97851 40.750856, -73.97851 40.750857, -73.97851 40.750857, -73.97851 40.750857, -73.978511 40.750857, -73.978511 40.750858, -73.978511 40.750858, -73.978511 40.750858, -73.978511 40.750858, -73.978512 40.750859, -73.978512 40.750859, -73.978512 40.750859, -73.978512 40.75086, -73.978512 40.75086, -73.978512 40.75086, -73.978512 40.750861, -73.978512 40.750861, -73.978512 40.750861, -73.978512 40.750862, -73.978512 40.750862, -73.978512 40.750862))"^^<http://www.opengis.net/ont/geosparql#wktLiteral> .
<https://w3id.org/rtskg/new_york_city/instance/block_20791> <https://w3id.org/rtskg/ontology/objectproperty/block_intersects_station_area> <https://w3id.org/rtskg/new_york_city/instance/station_area_117> .
<https://w3id.org/rtskg/new_york_city/instance/block_20791> <https://w3id.org/rtskg/ontology/objectproperty/block_intersects_station_area> <https://w3id.org/rtskg/new_york_city/instance/station_area_137> .
<https://w3id.org/rtskg/new_york_city/instance/block_20791> <https://w3id.org/rtskg/ontology/objectproperty/block_intersects_station_area> <https://w3id.org/rtskg/new_york_city/instance/station_area_138> .
<https://w3id.org/rtskg/new_york_city/instance/block_20791> <https://w3id.org/rtskg/ontology/objectproperty/block_intersects_station_area> <https://w3id.org/rtskg/new_york_city/instance/station_area_459> .
<https://w3id.org/rtskg/new_york_city/instance/block_20791> <https://w3id.org/rtskg/ontology/objectproperty/block_intersects_station_area> <https://w3id.org/rtskg/new_york_city/instance/station_area_460> .
<https://w3id.org/rtskg/new_york_city/instance/block_20791> <https://w3id.org/rtskg/ontology/objectproperty/block_intersects_station_area> <https://w3id.org/rtskg/new_york_city/instance/station_area_693> .
<https://w3id.org/rtskg/new_york_city/instance/block_20791> <https://w3id.org/rtskg/ontology/objectproperty/block_locates_at_borough> <https://w3id.org/rtskg/new_york_city/instance/borough_1> .
<https://w3id.org/rtskg/new_york_city/instance/block_20791> <https://w3id.org/rtskg/ontology/objectproperty/block_locates_at_functional_area> <https://w3id.org/rtskg/new_york_city/instance/functional_area_170> .
