<https://w3id.org/rtskg/new_york_city/instance/block_38138> <http://www.w3.org/1999/02/22-rdf-syntax-ns#type> <https://w3id.org/rtskg/ontology/class/block> .
<https://w3id.org/rtskg/new_york_city/instance/block_38138> <https://w3id.org/rtskg/ontology/dataproperty/geometry> "POLYGON ((-73.90423 40.852575, -73.904222 40.852572, -73.904204 40.852565, -73.904167 40.852551, -73.904103 40.852528, -73.904071 40.852515, -73.90404 40.852504, -73.903982 40.852482, -73.903963 40.852475, -73.903959 40.852473, -73.90395 40.852468, -73.903942 40.852464, -73.903895 40.852441, -73.903905 40.852429, -73.903906 40.852429, -73.903906 40.852429, -73.903908 40.852429, -73.90391 40.852428, -73.90391 40.852428, -73.903912 40.852428, -73.903914 40.852428, -73.903915 40.852428, -73.903917 40.852428, -73.90392 40.852429, -73.90392 40.852429, -73.90392 40.852429, -73.903922 40.852429, -73.903924 40.85243, -73.903926 40.85243, -73.903928 40.852432, -73.903932 40.852433, -73.90395 40.85244, -73.903958 40.852443, -73.904009 40.852464, -73.904075 40.852489, -73.904138 40.852513, -73.904217 40.852543, -73.90431 40.852579, -73.904412 40.852618, -73.904467 40.852639, -73.904514 40.852658, -73.904521 40.85266, -73.904548 40.852671, -73.904575 40.852681, -73.904628 40.852702, -73.904629 40.852702, -73.904663 40.852716, -73.904673 40.85272, -73.904681 40.852722, -73.904681 40.852723, -73.904681 40.852723, -73.904682 40.852723, -73.904682 40.852723, -73.904683 40.852723, -73.904683 40.852723, -73.904683 40.852724, -73.904684 40.852724, -73.904684 40.852724, -73.904684 40.852724, -73.904684 40.852725, -73.904685 40.852725, -73.904685 40.852725, -73.904685 40.852725, -73.904686 40.852726, -73.904686 40.852726, -73.904686 40.852726, -73.904686 40.852726, -73.904686 40.852727, -73.904687 40.852727, -73.904687 40.852727, -73.904687 40.852728, -73.904687 40.852728, -73.904687 40.852728, -73.904687 40.852729, -73.904687 40.852729, -73.904687 40.852729, -73.904687 40.85273, -73.904687 40.85273, -73.904688 40.85273, -73.904688 40.852731, -73.904688 40.852731, -73.904688 40.852731, -73.904687 40.852732, -73.904687 40.852732, -73.904687 40.852732, -73.904687 40.852733, -73.904687 40.852733, -73.904687 40.852733, -73.904687 40.852734, -73.904687 40.852734, -73.904687 40.852734, -73.904687 40.852734, -73.904686 40.852735, -73.904686 40.852735, -73.904686 40.852735, -73.904686 40.852736, -73.904686 40.852736, -73.904685 40.852736, -73.904685 40.852736, -73.904685 40.852737, -73.904685 40.852737, -73.904684 40.852737, -73.904684 40.852737, -73.904684 40.852738, -73.904683 40.852738, -73.904683 40.852738, -73.904683 40.852738, -73.904682 40.852739, -73.904682 40.852739, -73.904682 40.852739, -73.904681 40.852739, -73.904681 40.852739, -73.90468 40.852739, -73.90468 40.85274, -73.90468 40.85274, -73.904679 40.85274, -73.904679 40.85274, -73.904678 40.85274, -73.904678 40.85274, -73.904678 40.85274, -73.904677 40.85274, -73.904677 40.85274, -73.904676 40.85274, -73.904676 40.85274, -73.904675 40.85274, -73.904675 40.85274, -73.904675 40.85274, -73.904674 40.85274, -73.904674 40.85274, -73.904673 40.85274, -73.904673 40.85274, -73.904672 40.85274, -73.904672 40.85274, -73.904672 40.85274, -73.904671 40.85274, -73.904671 40.85274, -73.90467 40.85274, -73.90467 40.852739, -73.90467 40.852739, -73.904666 40.852738, -73.904606 40.852716, -73.904598 40.852713, -73.904586 40.852708, -73.904543 40.852692, -73.904481 40.852669, -73.904457 40.85266, -73.90444 40.852654, -73.904418 40.852646, -73.904356 40.852622, -73.904293 40.852599, -73.90423 40.852575))"^^<http://www.opengis.net/ont/geosparql#wktLiteral> .
<https://w3id.org/rtskg/new_york_city/instance/block_38138> <https://w3id.org/rtskg/ontology/objectproperty/block_intersects_station_area> <https://w3id.org/rtskg/new_york_city/instance/station_area_335> .
<https://w3id.org/rtskg/new_york_city/instance/block_38138> <https://w3id.org/rtskg/ontology/objectproperty/block_intersects_station_area> <https://w3id.org/rtskg/new_york_city/instance/station_area_336> .
<https://w3id.org/rtskg/new_york_city/instance/block_38138> <https://w3id.org/rtskg/ontology/objectproperty/block_intersects_station_area> <https://w3id.org/rtskg/new_york_city/instance/station_area_699> .
<https://w3id.org/rtskg/new_york_city/instance/block_38138> <https://w3id.org/rtskg/ontology/objectproperty/block_intersects_station_area> <https://w3id.org/rtskg/new_york_city/instance/station_area_69> .
<https://w3id.org/rtskg/new_york_city/instance/block_38138> <https://w3id.org/rtskg/ontology/objectproperty/block_intersects_station_area> <https://w3id.org/rtskg/new_york_city/instance/station_area_700> .
<https://w3id.org/rtskg/new_york_city/instance/block_38138> <https://w3id.org/rtskg/ontology/objectproperty/block_intersects_station_area> <https://w3id.org/rtskg/new_york_city/instance/station_area_70> .
<https://w3id.org/rtskg/new_york_city/instance/block_38138> <https://w3id.org/rtskg/ontology/objectproperty/block_intersects_station_area> <https://w3id.org/rtskg/new_york_city/instance/station_area_71> .
<https://w3id.org/rtskg/new_york_city/instance/block_38138> <https://w3id.org/rtskg/ontology/objectproperty/block_locates_at_borough> <https://w3id.org/rtskg/new_york_city/instance/borough_2> .
<https://w3id.org/rtskg/new_york_city/instance/block_38138> <https://w3id.org/rtskg/ontology/objectproperty/block_locates_at_functional_area> <https://w3id.org/rtskg/new_york_city/instance/functional_area_169> .
