<https://w3id.org/rtskg/new_york_city/instance/block_39162> <http://www.w3.org/1999/02/22-rdf-syntax-ns#type> <https://w3id.org/rtskg/ontology/class/block> .
<https://w3id.org/rtskg/new_york_city/instance/block_39162> <https://w3id.org/rtskg/ontology/dataproperty/geometry> "POLYGON ((-73.886722 40.874794, -73.886722 40.874793, -73.886784 40.874807, -73.886794 40.87481, -73.886831 40.87482, -73.886855 40.874827, -73.886895 40.874836, -73.886922 40.874843, -73.88699 40.874859, -73.887056 40.874875, -73.887122 40.874891, -73.887189 40.874908, -73.887247 40.874921, -73.887305 40.874934, -73.887349 40.874945, -73.887362 40.874949, -73.887419 40.874962, -73.887478 40.874976, -73.887479 40.874976, -73.887479 40.874976, -73.88748 40.874977, -73.88748 40.874977, -73.887481 40.874977, -73.887481 40.874977, -73.887482 40.874977, -73.887482 40.874978, -73.887482 40.874978, -73.887483 40.874978, -73.887483 40.874978, -73.887484 40.874979, -73.887484 40.874979, -73.887485 40.874979, -73.887485 40.874979, -73.887485 40.87498, -73.887486 40.87498, -73.887486 40.87498, -73.887486 40.874981, -73.887487 40.874981, -73.887487 40.874981, -73.887487 40.874982, -73.887487 40.874982, -73.887488 40.874982, -73.887488 40.874983, -73.887488 40.874983, -73.887488 40.874984, -73.887488 40.874984, -73.887489 40.874984, -73.887489 40.874985, -73.887489 40.874985, -73.887489 40.874986, -73.887489 40.874986, -73.887489 40.874986, -73.887489 40.874987, -73.887489 40.874987, -73.887489 40.874988, -73.887489 40.874988, -73.887489 40.874989, -73.887489 40.874989, -73.887489 40.874989, -73.887489 40.87499, -73.887489 40.87499, -73.887489 40.874991, -73.887488 40.874991, -73.887488 40.874991, -73.887488 40.874992, -73.887488 40.874992, -73.887488 40.874992, -73.887487 40.874993, -73.887487 40.874993, -73.887487 40.874994, -73.887487 40.874994, -73.887486 40.874994, -73.887486 40.874995, -73.887486 40.874995, -73.887485 40.874995, -73.887485 40.874996, -73.887485 40.874996, -73.887484 40.874996, -73.887484 40.874996, -73.887483 40.874997, -73.887483 40.874997, -73.887483 40.874997, -73.887482 40.874997, -73.887482 40.874998, -73.887481 40.874998, -73.887481 40.874998, -73.88748 40.874998, -73.88748 40.874998, -73.887479 40.874999, -73.887479 40.874999, -73.887478 40.874999, -73.887478 40.874999, -73.887477 40.874999, -73.887477 40.874999, -73.887476 40.874999, -73.887476 40.874999, -73.887475 40.874999, -73.887475 40.874999, -73.887474 40.874999, -73.887473 40.874999, -73.887473 40.874999, -73.887472 40.874999, -73.887472 40.874999, -73.887471 40.874999, -73.887471 40.874999, -73.88747 40.874999, -73.88747 40.874999, -73.887469 40.874999, -73.887469 40.874999, -73.887454 40.874995, -73.887439 40.874992, -73.887406 40.874984, -73.887377 40.874976, -73.887344 40.874968, -73.887303 40.874958, -73.887281 40.874953, -73.887231 40.874941, -73.887218 40.874937, -73.887157 40.874923, -73.887155 40.874922, -73.887093 40.874907, -73.887087 40.874905, -73.88703 40.874891, -73.886991 40.874882, -73.886967 40.874876, -73.886908 40.874861, -73.886904 40.874861, -73.886842 40.874845, -73.886817 40.874839, -73.886779 40.87483, -73.886755 40.874825, -73.886754 40.874824, -73.88674 40.874821, -73.886733 40.874819, -73.886725 40.874816, -73.886723 40.874815, -73.886722 40.874813, -73.88672 40.87481, -73.886718 40.874807, -73.886717 40.874804, -73.886717 40.874804, -73.886718 40.874801, -73.88672 40.874799, -73.886721 40.874796, -73.886722 40.874794))"^^<http://www.opengis.net/ont/geosparql#wktLiteral> .
<https://w3id.org/rtskg/new_york_city/instance/block_39162> <https://w3id.org/rtskg/ontology/objectproperty/block_intersects_station_area> <https://w3id.org/rtskg/new_york_city/instance/station_area_293> .
<https://w3id.org/rtskg/new_york_city/instance/block_39162> <https://w3id.org/rtskg/ontology/objectproperty/block_intersects_station_area> <https://w3id.org/rtskg/new_york_city/instance/station_area_294> .
<https://w3id.org/rtskg/new_york_city/instance/block_39162> <https://w3id.org/rtskg/ontology/objectproperty/block_intersects_station_area> <https://w3id.org/rtskg/new_york_city/instance/station_area_295> .
<https://w3id.org/rtskg/new_york_city/instance/block_39162> <https://w3id.org/rtskg/ontology/objectproperty/block_intersects_station_area> <https://w3id.org/rtskg/new_york_city/instance/station_area_296> .
<https://w3id.org/rtskg/new_york_city/instance/block_39162> <https://w3id.org/rtskg/ontology/objectproperty/block_intersects_station_area> <https://w3id.org/rtskg/new_york_city/instance/station_area_571> .
<https://w3id.org/rtskg/new_york_city/instance/block_39162> <https://w3id.org/rtskg/ontology/objectproperty/block_intersects_station_area> <https://w3id.org/rtskg/new_york_city/instance/station_area_603> .
<https://w3id.org/rtskg/new_york_city/instance/block_39162> <https://w3id.org/rtskg/ontology/objectproperty/block_locates_at_borough> <https://w3id.org/rtskg/new_york_city/instance/borough_2> .
<https://w3id.org/rtskg/new_york_city/instance/block_39162> <https://w3id.org/rtskg/ontology/objectproperty/block_locates_at_functional_area> <https://w3id.org/rtskg/new_york_city/instance/functional_area_18> .
