<https://w3id.org/rtskg/new_york_city/instance/block_20285> <http://www.w3.org/1999/02/22-rdf-syntax-ns#type> <https://w3id.org/rtskg/ontology/class/block> .
<https://w3id.org/rtskg/new_york_city/instance/block_20285> <https://w3id.org/rtskg/ontology/dataproperty/geometry> "POLYGON ((-73.974676 40.755887, -73.974677 40.755888, -73.974677 40.755889, -73.974678 40.75589, -73.974678 40.755891, -73.974678 40.755892, -73.974679 40.755893, -73.974679 40.755894, -73.974679 40.755895, -73.974679 40.755896, -73.974679 40.755897, -73.974679 40.755898, -73.974679 40.755899, -73.974679 40.7559, -73.974679 40.755901, -73.974679 40.755902, -73.974679 40.755902, -73.974679 40.755903, -73.974679 40.755904, -73.974678 40.755905, -73.974678 40.755906, -73.974678 40.755907, -73.974677 40.755908, -73.974677 40.755909, -73.974676 40.75591, -73.974676 40.755911, -73.974675 40.755912, -73.974675 40.755913, -73.974671 40.755918, -73.974655 40.75594, -73.97464 40.755961, -73.974608 40.756007, -73.974575 40.756053, -73.974542 40.756098, -73.97451 40.756144, -73.974477 40.75619, -73.974444 40.756236, -73.974414 40.756278, -73.974412 40.756282, -73.974379 40.756328, -73.974346 40.756374, -73.974316 40.756417, -73.974315 40.756418, -73.974314 40.756419, -73.974314 40.756419, -73.974313 40.75642, -73.974312 40.756421, -73.974311 40.756422, -73.97431 40.756423, -73.974309 40.756424, -73.974308 40.756425, -73.974307 40.756426, -73.974306 40.756427, -73.974305 40.756428, -73.974304 40.756428, -73.974303 40.756429, -73.974301 40.75643, -73.9743 40.756431, -73.9743 40.756431, -73.974299 40.756431, -73.974297 40.756432, -73.974296 40.756432, -73.974295 40.756433, -73.974293 40.756433, -73.974292 40.756434, -73.97429 40.756434, -73.974289 40.756435, -73.974287 40.756435, -73.974286 40.756435, -73.974284 40.756436, -73.974283 40.756436, -73.974281 40.756436, -73.97428 40.756436, -73.974278 40.756436, -73.974277 40.756436, -73.974275 40.756437, -73.974274 40.756436, -73.974273 40.756436, -73.974272 40.756436, -73.97427 40.756436, -73.974269 40.756436, -73.974267 40.756436, -73.974266 40.756436, -73.974264 40.756436, -73.974263 40.756435, -73.974261 40.756435, -73.97426 40.756435, -73.974258 40.756434, -73.974257 40.756434, -73.974255 40.756433, -73.974254 40.756433, -73.974253 40.756432, -73.974251 40.756432, -73.974238 40.756426, -73.974193 40.756407, -73.974131 40.756381, -73.974129 40.75638, -73.97407 40.756355, -73.974008 40.756329, -73.973946 40.756303, -73.973885 40.756277, -73.973856 40.756265, -73.973823 40.756251, -73.973771 40.756229, -73.973762 40.756225, -73.973732 40.756212, -73.973759 40.756175, -73.973761 40.756173, -73.973766 40.756166, -73.973799 40.756119, -73.973799 40.756119, -73.973833 40.756073, -73.973867 40.756026, -73.973901 40.75598, -73.973935 40.755933, -73.973968 40.755886, -73.974002 40.75584, -73.974036 40.755793, -73.97407 40.755747, -73.974072 40.755744, -73.974104 40.7557, -73.974111 40.75569, -73.974114 40.755686, -73.974137 40.755653, -73.97417 40.755667, -73.974173 40.755669, -73.974231 40.755693, -73.974263 40.755706, -73.974293 40.755719, -73.974354 40.755745, -73.974416 40.755771, -73.974449 40.755785, -73.974478 40.755797, -73.974539 40.755823, -73.974601 40.755849, -73.974635 40.755863, -73.974642 40.755866, -73.974653 40.75587, -73.97466 40.755873, -73.974661 40.755874, -73.974662 40.755874, -73.974663 40.755875, -73.974664 40.755876, -73.974665 40.755876, -73.974666 40.755877, -73.974667 40.755877, -73.974668 40.755878, -73.974669 40.755879, -73.97467 40.75588, -73.974671 40.75588, -73.974672 40.755881, -73.974672 40.755882, -73.974673 40.755883, -73.974673 40.755883, -73.974674 40.755884, -73.974674 40.755885, -73.974675 40.755885, -73.974676 40.755886, -73.974676 40.755887))"^^<http://www.opengis.net/ont/geosparql#wktLiteral> .
<https://w3id.org/rtskg/new_york_city/instance/block_20285> <https://w3id.org/rtskg/ontology/objectproperty/block_intersects_station_area> <https://w3id.org/rtskg/new_york_city/instance/station_area_137> .
<https://w3id.org/rtskg/new_york_city/instance/block_20285> <https://w3id.org/rtskg/ontology/objectproperty/block_intersects_station_area> <https://w3id.org/rtskg/new_york_city/instance/station_area_145> .
<https://w3id.org/rtskg/new_york_city/instance/block_20285> <https://w3id.org/rtskg/ontology/objectproperty/block_intersects_station_area> <https://w3id.org/rtskg/new_york_city/instance/station_area_149> .
<https://w3id.org/rtskg/new_york_city/instance/block_20285> <https://w3id.org/rtskg/ontology/objectproperty/block_intersects_station_area> <https://w3id.org/rtskg/new_york_city/instance/station_area_150> .
<https://w3id.org/rtskg/new_york_city/instance/block_20285> <https://w3id.org/rtskg/ontology/objectproperty/block_intersects_station_area> <https://w3id.org/rtskg/new_york_city/instance/station_area_459> .
<https://w3id.org/rtskg/new_york_city/instance/block_20285> <https://w3id.org/rtskg/ontology/objectproperty/block_intersects_station_area> <https://w3id.org/rtskg/new_york_city/instance/station_area_537> .
<https://w3id.org/rtskg/new_york_city/instance/block_20285> <https://w3id.org/rtskg/ontology/objectproperty/block_intersects_station_area> <https://w3id.org/rtskg/new_york_city/instance/station_area_538> .
<https://w3id.org/rtskg/new_york_city/instance/block_20285> <https://w3id.org/rtskg/ontology/objectproperty/block_locates_at_borough> <https://w3id.org/rtskg/new_york_city/instance/borough_1> .
<https://w3id.org/rtskg/new_york_city/instance/block_20285> <https://w3id.org/rtskg/ontology/objectproperty/block_locates_at_functional_area> <https://w3id.org/rtskg/new_york_city/instance/functional_area_162> .
