<https://w3id.org/rtskg/new_york_city/instance/block_18145> <http://www.w3.org/1999/02/22-rdf-syntax-ns#type> <https://w3id.org/rtskg/ontology/class/block> .
<https://w3id.org/rtskg/new_york_city/instance/block_18145> <https://w3id.org/rtskg/ontology/dataproperty/geometry> "POLYGON ((-74.00991 40.72645, -74.009916 40.726415, -74.00992 40.726396, -74.009928 40.726352, -74.00993 40.726342, -74.00994 40.726287, -74.00995 40.726233, -74.009952 40.726225, -74.009982 40.726228, -74.009988 40.726228, -74.010656 40.726286, -74.010685 40.726289, -74.010725 40.726292, -74.010725 40.726296, -74.01072 40.726346, -74.010715 40.726396, -74.01071 40.726445, -74.010705 40.726495, -74.0107 40.726545, -74.010695 40.726595, -74.01069 40.726643, -74.010685 40.726692, -74.01068 40.726741, -74.010674 40.726789, -74.010669 40.726838, -74.010664 40.726887, -74.010659 40.726935, -74.010654 40.726984, -74.010648 40.727033, -74.010644 40.727078, -74.010641 40.727123, -74.010637 40.727167, -74.010633 40.727212, -74.010626 40.727255, -74.010617 40.727306, -74.010612 40.727355, -74.010608 40.727404, -74.010607 40.727423, -74.010604 40.727455, -74.010602 40.727493, -74.0106 40.727511, -74.010587 40.727584, -74.010545 40.728039, -74.010512 40.728393, -74.010478 40.728759, -74.010452 40.728999, -74.010451 40.729004, -74.010449 40.729008, -74.010446 40.729012, -74.010443 40.729016, -74.010439 40.729019, -74.010434 40.729022, -74.010429 40.729024, -74.010423 40.729026, -74.010422 40.729026, -74.010418 40.729027, -74.010412 40.729028, -74.010406 40.729027, -74.010401 40.729027, -74.010393 40.729026, -74.010159 40.729003, -74.009473 40.728935, -74.009459 40.728934, -74.009457 40.728933, -74.009455 40.728933, -74.009454 40.728933, -74.009454 40.728933, -74.009453 40.728933, -74.009452 40.728932, -74.009451 40.728932, -74.009451 40.728932, -74.00945 40.728932, -74.009449 40.728931, -74.009449 40.728931, -74.009448 40.728931, -74.009448 40.72893, -74.009447 40.72893, -74.009446 40.72893, -74.009446 40.728929, -74.009445 40.728929, -74.009445 40.728929, -74.009444 40.728928, -74.009444 40.728928, -74.009443 40.728927, -74.009443 40.728927, -74.009443 40.728927, -74.009442 40.728926, -74.009442 40.728926, -74.009442 40.728925, -74.009441 40.728925, -74.009441 40.728924, -74.009441 40.728924, -74.00944 40.728923, -74.00944 40.728923, -74.00944 40.728922, -74.00944 40.728922, -74.009439 40.728921, -74.009439 40.728921, -74.009439 40.72892, -74.009439 40.72892, -74.009439 40.728919, -74.009439 40.728919, -74.009439 40.728918, -74.009439 40.728918, -74.009439 40.728918, -74.009439 40.728917, -74.009439 40.728917, -74.009439 40.728917, -74.009439 40.728916, -74.009439 40.728916, -74.009439 40.728915, -74.009439 40.728915, -74.009439 40.728915, -74.009447 40.728872, -74.009455 40.728831, -74.009463 40.728789, -74.009472 40.728748, -74.009482 40.728695, -74.009492 40.728642, -74.009502 40.728588, -74.009512 40.728535, -74.009522 40.728482, -74.009532 40.728429, -74.009542 40.728376, -74.009552 40.728325, -74.009562 40.728274, -74.009572 40.728223, -74.009582 40.728172, -74.009592 40.728121, -74.009602 40.72807, -74.009612 40.728019, -74.009622 40.727968, -74.009632 40.727918, -74.009642 40.727867, -74.009652 40.727816, -74.009661 40.727765, -74.009671 40.727714, -74.009681 40.727663, -74.009691 40.727612, -74.009701 40.727561, -74.00971 40.72751, -74.00972 40.727459, -74.00973 40.727407, -74.009739 40.727356, -74.009748 40.727311, -74.009749 40.727305, -74.00975 40.727298, -74.009759 40.727254, -74.009768 40.727203, -74.009775 40.727167, -74.009778 40.727152, -74.009787 40.7271, -74.009798 40.727046, -74.009808 40.726992, -74.009818 40.726938, -74.009828 40.726884, -74.009833 40.726856, -74.009838 40.726829, -74.009844 40.7268, -74.009848 40.726775, -74.009859 40.726721, -74.009869 40.726667, -74.009879 40.726613, -74.009886 40.726574, -74.009889 40.726558, -74.009899 40.726504, -74.009905 40.726475, -74.00991 40.72645))"^^<http://www.opengis.net/ont/geosparql#wktLiteral> .
<https://w3id.org/rtskg/new_york_city/instance/block_18145> <https://w3id.org/rtskg/ontology/objectproperty/block_intersects_station_area> <https://w3id.org/rtskg/new_york_city/instance/station_area_339> .
<https://w3id.org/rtskg/new_york_city/instance/block_18145> <https://w3id.org/rtskg/ontology/objectproperty/block_intersects_station_area> <https://w3id.org/rtskg/new_york_city/instance/station_area_359> .
<https://w3id.org/rtskg/new_york_city/instance/block_18145> <https://w3id.org/rtskg/ontology/objectproperty/block_intersects_station_area> <https://w3id.org/rtskg/new_york_city/instance/station_area_443> .
<https://w3id.org/rtskg/new_york_city/instance/block_18145> <https://w3id.org/rtskg/ontology/objectproperty/block_intersects_station_area> <https://w3id.org/rtskg/new_york_city/instance/station_area_483> .
<https://w3id.org/rtskg/new_york_city/instance/block_18145> <https://w3id.org/rtskg/ontology/objectproperty/block_intersects_station_area> <https://w3id.org/rtskg/new_york_city/instance/station_area_484> .
<https://w3id.org/rtskg/new_york_city/instance/block_18145> <https://w3id.org/rtskg/ontology/objectproperty/block_intersects_station_area> <https://w3id.org/rtskg/new_york_city/instance/station_area_671> .
<https://w3id.org/rtskg/new_york_city/instance/block_18145> <https://w3id.org/rtskg/ontology/objectproperty/block_intersects_station_area> <https://w3id.org/rtskg/new_york_city/instance/station_area_711> .
<https://w3id.org/rtskg/new_york_city/instance/block_18145> <https://w3id.org/rtskg/ontology/objectproperty/block_locates_at_borough> <https://w3id.org/rtskg/new_york_city/instance/borough_1> .
<https://w3id.org/rtskg/new_york_city/instance/block_18145> <https://w3id.org/rtskg/ontology/objectproperty/block_locates_at_functional_area> <https://w3id.org/rtskg/new_york_city/instance/functional_area_125> .
