<https://w3id.org/rtskg/new_york_city/instance/block_17825> <http://www.w3.org/1999/02/22-rdf-syntax-ns#type> <https://w3id.org/rtskg/ontology/class/block> .
<https://w3id.org/rtskg/new_york_city/instance/block_17825> <https://w3id.org/rtskg/ontology/dataproperty/geometry> "POLYGON ((-73.993416 40.701374, -73.993271 40.701416, -73.993144 40.701449, -73.993091 40.701462, -73.992977 40.701489, -73.99291 40.701505, -73.992852 40.701518, -73.992727 40.701544, -73.992707 40.701548, -73.992626 40.701562, -73.992524 40.701578, -73.992421 40.701591, -73.99241 40.701592, -73.992318 40.701602, -73.992215 40.70161, -73.992215 40.70161, -73.992215 40.70161, -73.992215 40.701609, -73.992215 40.701609, -73.992216 40.701608, -73.992216 40.701608, -73.992216 40.701607, -73.992217 40.701606, -73.992217 40.701606, -73.992217 40.701605, -73.992218 40.701605, -73.992218 40.701604, -73.992219 40.701604, -73.992219 40.701604, -73.992219 40.701603, -73.99222 40.701603, -73.99222 40.701603, -73.992221 40.701602, -73.992221 40.701602, -73.992222 40.701601, -73.992223 40.701601, -73.992223 40.7016, -73.992224 40.7016, -73.992225 40.7016, -73.992225 40.701599, -73.992226 40.701599, -73.992227 40.701599, -73.992228 40.701599, -73.992228 40.701598, -73.992229 40.701598, -73.99223 40.701598, -73.992231 40.701598, -73.992231 40.701597, -73.992232 40.701597, -73.992233 40.701597, -73.992234 40.701597, -73.992278 40.701592, -73.992323 40.701588, -73.992368 40.701585, -73.992436 40.701576, -73.99252 40.701564, -73.992671 40.70154, -73.99268 40.701538, -73.992822 40.701512, -73.992841 40.701507, -73.992955 40.70148, -73.993073 40.701451, -73.993097 40.701446, -73.993233 40.701412, -73.993371 40.701377, -73.993461 40.70135, -73.993491 40.701341, -73.993514 40.701334, -73.993601 40.701305, -73.993657 40.701287, -73.99372 40.701264, -73.993797 40.701237, -73.99381 40.701232, -73.993838 40.701221, -73.993854 40.701214, -73.993877 40.701205, -73.993911 40.701192, -73.993969 40.701169, -73.994026 40.701147, -73.994086 40.701124, -73.994147 40.701101, -73.994176 40.701089, -73.994207 40.701078, -73.994207 40.701077, -73.994207 40.701077, -73.994208 40.701077, -73.994208 40.701077, -73.994208 40.701077, -73.994209 40.701077, -73.994209 40.701077, -73.994209 40.701077, -73.994209 40.701077, -73.99421 40.701077, -73.99421 40.701077, -73.99421 40.701077, -73.994211 40.701077, -73.994211 40.701077, -73.994211 40.701077, -73.994212 40.701077, -73.994212 40.701077, -73.994212 40.701077, -73.994212 40.701077, -73.994213 40.701077, -73.994213 40.701077, -73.994213 40.701077, -73.994214 40.701077, -73.994214 40.701078, -73.994214 40.701078, -73.994217 40.70108, -73.994217 40.70108, -73.994218 40.70108, -73.994218 40.70108, -73.994218 40.70108, -73.994218 40.70108, -73.994218 40.70108, -73.994218 40.701081, -73.994218 40.701081, -73.994219 40.701081, -73.994219 40.701081, -73.994219 40.701082, -73.994219 40.701082, -73.994219 40.701082, -73.994219 40.701082, -73.994219 40.701083, -73.994219 40.701083, -73.994219 40.701083, -73.994218 40.701084, -73.994218 40.701084, -73.994218 40.701084, -73.994218 40.701084, -73.994218 40.701085, -73.994218 40.701085, -73.994218 40.701085, -73.994218 40.701086, -73.994218 40.701086, -73.994217 40.701086, -73.994217 40.701086, -73.994217 40.701087, -73.994217 40.701087, -73.994217 40.701087, -73.994216 40.701087, -73.994216 40.701088, -73.994216 40.701088, -73.994216 40.701088, -73.994215 40.701088, -73.994215 40.701089, -73.994215 40.701089, -73.994214 40.701089, -73.994214 40.701089, -73.994214 40.701089, -73.994214 40.70109, -73.994213 40.70109, -73.994213 40.70109, -73.994213 40.70109, -73.994212 40.70109, -73.994212 40.70109, -73.994191 40.701099, -73.994169 40.701107, -73.994019 40.701168, -73.99393 40.701201, -73.993842 40.701234, -73.993823 40.701241, -73.99371 40.70128, -73.993624 40.70131, -73.993582 40.701323, -73.993469 40.701358, -73.993449 40.701365, -73.993416 40.701374))"^^<http://www.opengis.net/ont/geosparql#wktLiteral> .
<https://w3id.org/rtskg/new_york_city/instance/block_17825> <https://w3id.org/rtskg/ontology/objectproperty/block_intersects_station_area> <https://w3id.org/rtskg/new_york_city/instance/station_area_305> .
<https://w3id.org/rtskg/new_york_city/instance/block_17825> <https://w3id.org/rtskg/ontology/objectproperty/block_intersects_station_area> <https://w3id.org/rtskg/new_york_city/instance/station_area_365> .
<https://w3id.org/rtskg/new_york_city/instance/block_17825> <https://w3id.org/rtskg/ontology/objectproperty/block_intersects_station_area> <https://w3id.org/rtskg/new_york_city/instance/station_area_366> .
<https://w3id.org/rtskg/new_york_city/instance/block_17825> <https://w3id.org/rtskg/ontology/objectproperty/block_intersects_station_area> <https://w3id.org/rtskg/new_york_city/instance/station_area_481> .
<https://w3id.org/rtskg/new_york_city/instance/block_17825> <https://w3id.org/rtskg/ontology/objectproperty/block_intersects_station_area> <https://w3id.org/rtskg/new_york_city/instance/station_area_482> .
<https://w3id.org/rtskg/new_york_city/instance/block_17825> <https://w3id.org/rtskg/ontology/objectproperty/block_intersects_station_area> <https://w3id.org/rtskg/new_york_city/instance/station_area_737> .
<https://w3id.org/rtskg/new_york_city/instance/block_17825> <https://w3id.org/rtskg/ontology/objectproperty/block_locates_at_borough> <https://w3id.org/rtskg/new_york_city/instance/borough_3> .
<https://w3id.org/rtskg/new_york_city/instance/block_17825> <https://w3id.org/rtskg/ontology/objectproperty/block_locates_at_functional_area> <https://w3id.org/rtskg/new_york_city/instance/functional_area_33> .
