<https://w3id.org/rtskg/new_york_city/instance/block_19822> <http://www.w3.org/1999/02/22-rdf-syntax-ns#type> <https://w3id.org/rtskg/ontology/class/block> .
<https://w3id.org/rtskg/new_york_city/instance/block_19822> <https://w3id.org/rtskg/ontology/dataproperty/geometry> "POLYGON ((-73.956969 40.708411, -73.95694 40.708459, -73.956911 40.708507, -73.956883 40.708555, -73.956864 40.708587, -73.956854 40.708603, -73.956825 40.708652, -73.956799 40.708693, -73.956773 40.708735, -73.956763 40.708752, -73.956762 40.708754, -73.956757 40.70876, -73.956749 40.708775, -73.956744 40.708773, -73.956737 40.708771, -73.956729 40.708768, -73.956722 40.708765, -73.956715 40.708763, -73.956707 40.708761, -73.956707 40.70876, -73.9567 40.708758, -73.956695 40.708756, -73.956693 40.708756, -73.956638 40.708737, -73.956582 40.708718, -73.956527 40.708699, -73.956471 40.70868, -73.956417 40.708662, -73.956416 40.708662, -73.956414 40.708661, -73.956413 40.708661, -73.956412 40.70866, -73.956411 40.70866, -73.95641 40.708659, -73.956409 40.708659, -73.956408 40.708658, -73.956407 40.708657, -73.956406 40.708657, -73.956405 40.708656, -73.956404 40.708656, -73.956403 40.708655, -73.956402 40.708654, -73.956401 40.708653, -73.9564 40.708653, -73.9564 40.708652, -73.9564 40.708652, -73.956399 40.708651, -73.956398 40.70865, -73.956397 40.70865, -73.956397 40.708649, -73.956396 40.708648, -73.956396 40.708647, -73.956395 40.708646, -73.956395 40.708645, -73.956394 40.708644, -73.956394 40.708643, -73.956394 40.708642, -73.956393 40.708642, -73.956393 40.708641, -73.956393 40.70864, -73.956393 40.70864, -73.956393 40.708639, -73.956393 40.708638, -73.956393 40.708637, -73.956393 40.708636, -73.956393 40.708635, -73.956393 40.708634, -73.956393 40.708633, -73.956393 40.708632, -73.956393 40.708631, -73.956393 40.70863, -73.956394 40.708629, -73.956394 40.708628, -73.956394 40.708627, -73.956395 40.708626, -73.956395 40.708625, -73.956396 40.708625, -73.956396 40.708624, -73.95641 40.708602, -73.956418 40.708589, -73.956442 40.708552, -73.956466 40.708514, -73.956469 40.708509, -73.956489 40.708477, -73.956517 40.708433, -73.956544 40.70839, -73.956556 40.708372, -73.956572 40.708346, -73.956599 40.708303, -73.956627 40.708259, -73.956654 40.708216, -73.956663 40.708201, -73.956682 40.708173, -73.956709 40.708129, -73.95672 40.70811, -73.956728 40.708097, -73.956732 40.70809, -73.956732 40.70809, -73.956733 40.708089, -73.956733 40.708089, -73.956734 40.708089, -73.956734 40.708088, -73.956735 40.708088, -73.956735 40.708088, -73.956736 40.708087, -73.956736 40.708087, -73.956737 40.708087, -73.956737 40.708087, -73.956738 40.708086, -73.956738 40.708086, -73.956739 40.708086, -73.956739 40.708086, -73.95674 40.708085, -73.956741 40.708085, -73.956741 40.708085, -73.956742 40.708085, -73.956743 40.708085, -73.956743 40.708085, -73.956744 40.708085, -73.956744 40.708085, -73.956745 40.708085, -73.956746 40.708085, -73.956746 40.708085, -73.956747 40.708085, -73.956748 40.708085, -73.956748 40.708085, -73.956749 40.708085, -73.956749 40.708085, -73.95675 40.708085, -73.95675 40.708085, -73.956751 40.708085, -73.956751 40.708085, -73.956752 40.708085, -73.956753 40.708085, -73.956753 40.708085, -73.956754 40.708086, -73.956754 40.708086, -73.956755 40.708086, -73.956767 40.70809, -73.956768 40.708091, -73.956771 40.708092, -73.956873 40.708128, -73.957025 40.708182, -73.95703 40.708184, -73.957032 40.708185, -73.957035 40.708186, -73.95704 40.708188, -73.957045 40.70819, -73.957051 40.708192, -73.957056 40.708193, -73.957061 40.708195, -73.957066 40.708197, -73.957071 40.708199, -73.957091 40.708206, -73.95709 40.708207, -73.957087 40.708213, -73.957084 40.708217, -73.957084 40.708217, -73.957081 40.708223, -73.957077 40.708229, -73.957076 40.70823, -73.957067 40.708246, -73.957053 40.708268, -73.957026 40.708314, -73.956997 40.708362, -73.956969 40.708411))"^^<http://www.opengis.net/ont/geosparql#wktLiteral> .
<https://w3id.org/rtskg/new_york_city/instance/block_19822> <https://w3id.org/rtskg/ontology/objectproperty/block_intersects_station_area> <https://w3id.org/rtskg/new_york_city/instance/station_area_323> .
<https://w3id.org/rtskg/new_york_city/instance/block_19822> <https://w3id.org/rtskg/ontology/objectproperty/block_intersects_station_area> <https://w3id.org/rtskg/new_york_city/instance/station_area_479> .
<https://w3id.org/rtskg/new_york_city/instance/block_19822> <https://w3id.org/rtskg/ontology/objectproperty/block_intersects_station_area> <https://w3id.org/rtskg/new_york_city/instance/station_area_480> .
<https://w3id.org/rtskg/new_york_city/instance/block_19822> <https://w3id.org/rtskg/ontology/objectproperty/block_intersects_station_area> <https://w3id.org/rtskg/new_york_city/instance/station_area_549> .
<https://w3id.org/rtskg/new_york_city/instance/block_19822> <https://w3id.org/rtskg/ontology/objectproperty/block_intersects_station_area> <https://w3id.org/rtskg/new_york_city/instance/station_area_553> .
<https://w3id.org/rtskg/new_york_city/instance/block_19822> <https://w3id.org/rtskg/ontology/objectproperty/block_intersects_station_area> <https://w3id.org/rtskg/new_york_city/instance/station_area_554> .
<https://w3id.org/rtskg/new_york_city/instance/block_19822> <https://w3id.org/rtskg/ontology/objectproperty/block_intersects_station_area> <https://w3id.org/rtskg/new_york_city/instance/station_area_555> .
<https://w3id.org/rtskg/new_york_city/instance/block_19822> <https://w3id.org/rtskg/ontology/objectproperty/block_locates_at_borough> <https://w3id.org/rtskg/new_york_city/instance/borough_3> .
<https://w3id.org/rtskg/new_york_city/instance/block_19822> <https://w3id.org/rtskg/ontology/objectproperty/block_locates_at_functional_area> <https://w3id.org/rtskg/new_york_city/instance/functional_area_256> .
