<https://w3id.org/rtskg/new_york_city/instance/block_13607> <http://www.w3.org/1999/02/22-rdf-syntax-ns#type> <https://w3id.org/rtskg/ontology/class/block> .
<https://w3id.org/rtskg/new_york_city/instance/block_13607> <https://w3id.org/rtskg/ontology/dataproperty/geometry> "POLYGON ((-73.898585 40.74107, -73.898569 40.741083, -73.898548 40.741101, -73.898521 40.741123, -73.898517 40.741126, -73.898473 40.741162, -73.898426 40.7412, -73.89842 40.741205, -73.898379 40.741238, -73.898332 40.741276, -73.898302 40.7413, -73.898285 40.741314, -73.898281 40.741317, -73.89826 40.741334, -73.898238 40.741352, -73.898228 40.74136, -73.898191 40.74139, -73.89819 40.74139, -73.898189 40.741391, -73.898157 40.741417, -73.898144 40.741427, -73.898121 40.741446, -73.898097 40.741465, -73.898087 40.741473, -73.89808 40.741479, -73.898072 40.741486, -73.898064 40.741492, -73.898054 40.7415, -73.89805 40.741503, -73.898023 40.741525, -73.898003 40.741541, -73.897956 40.741579, -73.897909 40.741617, -73.897862 40.741655, -73.897815 40.741693, -73.897804 40.741702, -73.897768 40.741731, -73.897753 40.741743, -73.897738 40.741754, -73.897708 40.741778, -73.897678 40.741802, -73.897662 40.741816, -73.897616 40.741853, -73.89757 40.741891, -73.897548 40.741909, -73.897523 40.741929, -73.897477 40.741966, -73.897431 40.742004, -73.897402 40.742028, -73.897385 40.742042, -73.897338 40.742079, -73.897292 40.742117, -73.897289 40.742119, -73.897245 40.742155, -73.897199 40.742192, -73.897191 40.742199, -73.897152 40.74223, -73.897107 40.742266, -73.897062 40.742303, -73.897033 40.742327, -73.897017 40.74234, -73.897016 40.74234, -73.897012 40.742344, -73.896972 40.742377, -73.896927 40.742413, -73.896882 40.74245, -73.896838 40.742486, -73.896794 40.742521, -73.896751 40.742557, -73.896707 40.742593, -73.896663 40.742629, -73.89662 40.742665, -73.896573 40.742704, -73.896525 40.742742, -73.896501 40.742762, -73.896492 40.74277, -73.896478 40.742781, -73.896464 40.742793, -73.896454 40.742801, -73.896446 40.7428, -73.896434 40.742797, -73.896429 40.742796, -73.896435 40.742791, -73.896444 40.742783, -73.896468 40.742764, -73.896477 40.742756, -73.896482 40.742752, -73.896529 40.742714, -73.896576 40.742676, -73.896623 40.742637, -73.89667 40.742599, -73.896717 40.742561, -73.896764 40.742523, -73.896811 40.742484, -73.896857 40.742447, -73.896903 40.742409, -73.896949 40.742371, -73.896995 40.742334, -73.896997 40.742332, -73.897041 40.742296, -73.897087 40.742258, -73.897133 40.742221, -73.897177 40.742185, -73.897179 40.742184, -73.897225 40.742146, -73.89727 40.742109, -73.897274 40.742106, -73.897316 40.742072, -73.897339 40.742053, -73.897362 40.742034, -73.897387 40.742014, -73.897408 40.741997, -73.897424 40.741984, -73.897455 40.741959, -73.897501 40.74192, -73.897533 40.741894, -73.897548 40.741882, -73.897595 40.741843, -73.897642 40.741805, -73.897658 40.741792, -73.897663 40.741788, -73.897691 40.741765, -73.897735 40.74173, -73.897779 40.741694, -73.8978 40.741676, -73.897824 40.741657, -73.897869 40.741621, -73.897914 40.741584, -73.897959 40.741548, -73.898003 40.741512, -73.89803 40.74149, -73.898047 40.741476, -73.898048 40.741475, -73.898051 40.741472, -73.898054 40.74147, -73.898069 40.741457, -73.89808 40.741448, -73.898092 40.741439, -73.898103 40.74143, -73.898136 40.741403, -73.898139 40.7414, -73.898169 40.741375, -73.898172 40.741373, -73.89818 40.741367, -73.898209 40.741342, -73.898224 40.74133, -73.898241 40.741316, -73.898261 40.741299, -73.898263 40.741298, -73.898268 40.741294, -73.898312 40.741258, -73.898356 40.741222, -73.898394 40.74119, -73.8984 40.741185, -73.89844 40.741154, -73.898479 40.741123, -73.898485 40.741118, -73.898519 40.741091, -73.898552 40.741064, -73.898561 40.741056, -73.898567 40.741051, -73.898576 40.741044, -73.898589 40.741033, -73.898615 40.741012, -73.898617 40.74101, -73.898618 40.741009, -73.89863 40.741011, -73.898642 40.741014, -73.898652 40.741015, -73.898651 40.741016, -73.898623 40.741039, -73.898617 40.741044, -73.898594 40.741063, -73.898585 40.74107))"^^<http://www.opengis.net/ont/geosparql#wktLiteral> .
<https://w3id.org/rtskg/new_york_city/instance/block_13607> <https://w3id.org/rtskg/ontology/objectproperty/block_intersects_station_area> <https://w3id.org/rtskg/new_york_city/instance/station_area_169> .
<https://w3id.org/rtskg/new_york_city/instance/block_13607> <https://w3id.org/rtskg/ontology/objectproperty/block_intersects_station_area> <https://w3id.org/rtskg/new_york_city/instance/station_area_175> .
<https://w3id.org/rtskg/new_york_city/instance/block_13607> <https://w3id.org/rtskg/ontology/objectproperty/block_intersects_station_area> <https://w3id.org/rtskg/new_york_city/instance/station_area_183> .
<https://w3id.org/rtskg/new_york_city/instance/block_13607> <https://w3id.org/rtskg/ontology/objectproperty/block_intersects_station_area> <https://w3id.org/rtskg/new_york_city/instance/station_area_184> .
<https://w3id.org/rtskg/new_york_city/instance/block_13607> <https://w3id.org/rtskg/ontology/objectproperty/block_intersects_station_area> <https://w3id.org/rtskg/new_york_city/instance/station_area_503> .
<https://w3id.org/rtskg/new_york_city/instance/block_13607> <https://w3id.org/rtskg/ontology/objectproperty/block_locates_at_borough> <https://w3id.org/rtskg/new_york_city/instance/borough_4> .
<https://w3id.org/rtskg/new_york_city/instance/block_13607> <https://w3id.org/rtskg/ontology/objectproperty/block_locates_at_functional_area> <https://w3id.org/rtskg/new_york_city/instance/functional_area_260> .
<https://w3id.org/rtskg/new_york_city/instance/block_13607> <https://w3id.org/rtskg/ontology/objectproperty/block_locates_at_functional_area> <https://w3id.org/rtskg/new_york_city/instance/functional_area_83> .
