<https://w3id.org/rtskg/new_york_city/instance/functional_area_31> <http://www.w3.org/1999/02/22-rdf-syntax-ns#type> <https://w3id.org/rtskg/ontology/class/functional_area> .
<https://w3id.org/rtskg/new_york_city/instance/functional_area_31> <http://www.w3.org/2000/01/rdf-schema#label> "Bronx Park" .
<https://w3id.org/rtskg/new_york_city/instance/functional_area_31> <https://w3id.org/rtskg/ontology/dataproperty/geometry> "POLYGON ((-73.870945 40.857266, -73.870944 40.857266, -73.870944 40.857266, -73.87089 40.857273, -73.87089 40.857273, -73.87089 40.857273, -73.870878 40.857278, -73.870849 40.857291, -73.869549 40.857726, -73.868896 40.857773, -73.868415 40.85778, -73.868768 40.857341, -73.868879 40.857202, -73.869076 40.856946, -73.869274 40.856689, -73.869888 40.855971, -73.869904 40.855873, -73.869904 40.855773, -73.869889 40.855674, -73.86986 40.855577, -73.869816 40.855484, -73.869377 40.854266, -73.869167 40.853686, -73.868723 40.852424, -73.868605 40.852069, -73.868531 40.851777, -73.868444 40.851487, -73.868346 40.851199, -73.868235 40.850914, -73.869209 40.849238, -73.869414 40.848788, -73.868892 40.848112, -73.869442 40.847244, -73.871092 40.844325, -73.87179 40.843803, -73.871846 40.843761, -73.871902 40.843721, -73.872807 40.843424, -73.873993 40.842562, -73.874568 40.841643, -73.874592 40.841521, -73.876085 40.842065, -73.876799 40.8423, -73.876869 40.842317, -73.876942 40.842336, -73.878172 40.842624, -73.877329 40.843983, -73.878008 40.844484, -73.879194 40.845322, -73.88048 40.846194, -73.881061 40.84659, -73.881998 40.847235, -73.882844 40.847817, -73.882761 40.848058, -73.882781 40.84807, -73.88312 40.848221, -73.882883 40.849074, -73.882849 40.849193, -73.882556 40.850224, -73.882323 40.851061, -73.882003 40.852189, -73.881673 40.85335, -73.881034 40.8556, -73.88073 40.856677, -73.88073 40.856807, -73.880771 40.85704, -73.880792 40.857128, -73.880808 40.857198, -73.880882 40.85751, -73.880942 40.857694, -73.880942 40.857695, -73.880942 40.857695, -73.880983 40.857884, -73.881005 40.858076, -73.881007 40.858268, -73.880989 40.858459, -73.880966 40.858545, -73.880759 40.859494, -73.880609 40.860357, -73.880617 40.860497, -73.880644 40.860637, -73.880688 40.860776, -73.880751 40.860911, -73.880831 40.86104, -73.880926 40.861162, -73.881035 40.861275, -73.882008 40.862047, -73.883794 40.864172, -73.883794 40.864172, -73.883868 40.864291, -73.883924 40.864418, -73.88396 40.86455, -73.883975 40.864684, -73.883969 40.864818, -73.883943 40.864948, -73.883903 40.865074, -73.883845 40.865197, -73.883767 40.865315, -73.883673 40.865425, -73.883564 40.865526, -73.883442 40.865616, -73.883198 40.865766, -73.882737 40.866049, -73.882676 40.866089, -73.882718 40.866133, -73.882975 40.86645, -73.88309 40.866592, -73.881358 40.867579, -73.87991 40.868363, -73.879812 40.868417, -73.877728 40.869555, -73.876944 40.869955, -73.876192 40.870477, -73.875188 40.871577, -73.874368 40.872701, -73.872553 40.875175, -73.871606 40.876922, -73.870944 40.878511, -73.870337 40.878351, -73.87015 40.87831, -73.87006 40.87829, -73.869968 40.878264, -73.869783 40.878213, -73.869503 40.878146, -73.869435 40.878129, -73.869489 40.877989, -73.870047 40.876671, -73.870154 40.876417, -73.870181 40.876355, -73.870199 40.876311, -73.870234 40.876218, -73.870263 40.876123, -73.870286 40.876027, -73.870302 40.87593, -73.870313 40.875833, -73.870317 40.875736, -73.870315 40.875618, -73.870313 40.875341, -73.870377 40.873284, -73.870562 40.871511, -73.870537 40.869674, -73.870535 40.869582, -73.870533 40.869516, -73.870529 40.869356, -73.870526 40.869251, -73.870516 40.868876, -73.870515 40.868816, -73.8705 40.868243, -73.870498 40.868177, -73.870492 40.867951, -73.870455 40.866633, -73.870419 40.865363, -73.870461 40.863271, -73.870579 40.861405, -73.870884 40.858895, -73.870978 40.858199, -73.871033 40.857808, -73.871083 40.857377, -73.871076 40.857342, -73.871076 40.857341, -73.871076 40.857341, -73.87105 40.857305, -73.871049 40.857305, -73.871049 40.857305, -73.871003 40.857277, -73.871002 40.857277, -73.871002 40.857277, -73.870945 40.857266))"^^<http://www.opengis.net/ont/geosparql#wktLiteral> .
<https://w3id.org/rtskg/new_york_city/instance/functional_area_31> <https://w3id.org/rtskg/ontology/objectproperty/functional_area_is_adjacent_to_functional_area> <https://w3id.org/rtskg/new_york_city/instance/functional_area_174> .
<https://w3id.org/rtskg/new_york_city/instance/functional_area_31> <https://w3id.org/rtskg/ontology/objectproperty/functional_area_is_adjacent_to_functional_area> <https://w3id.org/rtskg/new_york_city/instance/functional_area_185> .
<https://w3id.org/rtskg/new_york_city/instance/functional_area_31> <https://w3id.org/rtskg/ontology/objectproperty/functional_area_is_adjacent_to_functional_area> <https://w3id.org/rtskg/new_york_city/instance/functional_area_240> .
<https://w3id.org/rtskg/new_york_city/instance/functional_area_31> <https://w3id.org/rtskg/ontology/objectproperty/functional_area_is_adjacent_to_functional_area> <https://w3id.org/rtskg/new_york_city/instance/functional_area_242> .
<https://w3id.org/rtskg/new_york_city/instance/functional_area_31> <https://w3id.org/rtskg/ontology/objectproperty/functional_area_is_adjacent_to_functional_area> <https://w3id.org/rtskg/new_york_city/instance/functional_area_254> .
<https://w3id.org/rtskg/new_york_city/instance/functional_area_31> <https://w3id.org/rtskg/ontology/objectproperty/functional_area_is_adjacent_to_functional_area> <https://w3id.org/rtskg/new_york_city/instance/functional_area_32> .
<https://w3id.org/rtskg/new_york_city/instance/functional_area_31> <https://w3id.org/rtskg/ontology/objectproperty/functional_area_is_adjacent_to_functional_area> <https://w3id.org/rtskg/new_york_city/instance/functional_area_78> .
<https://w3id.org/rtskg/new_york_city/instance/functional_area_31> <https://w3id.org/rtskg/ontology/objectproperty/functional_area_locates_at_borough> <https://w3id.org/rtskg/new_york_city/instance/borough_2> .
