<https://w3id.org/rtskg/new_york_city/instance/functional_area_47> <http://www.w3.org/1999/02/22-rdf-syntax-ns#type> <https://w3id.org/rtskg/ontology/class/functional_area> .
<https://w3id.org/rtskg/new_york_city/instance/functional_area_47> <http://www.w3.org/2000/01/rdf-schema#label> "Claremont/Bathgate" .
<https://w3id.org/rtskg/new_york_city/instance/functional_area_47> <https://w3id.org/rtskg/ontology/dataproperty/geometry> "POLYGON ((-73.890902 40.854117, -73.892167 40.852769, -73.893071 40.85325, -73.894318 40.851891, -73.894788 40.851082, -73.894073 40.850713, -73.894946 40.849105, -73.895578 40.847855, -73.896117 40.846779, -73.896177 40.846658, -73.895358 40.846518, -73.894336 40.846487, -73.894093 40.846488, -73.89385 40.846474, -73.893609 40.846445, -73.893373 40.846401, -73.892901 40.846268, -73.893985 40.844704, -73.894643 40.843904, -73.89479 40.84372, -73.894819 40.843684, -73.894848 40.843646, -73.895378 40.842939, -73.89565 40.843036, -73.895915 40.843143, -73.896173 40.843261, -73.896422 40.843388, -73.896662 40.843525, -73.897491 40.842067, -73.89827 40.84068, -73.89903 40.83933, -73.899968 40.837655, -73.900042 40.837523, -73.900143 40.837344, -73.90019 40.83726, -73.900223 40.837202, -73.900259 40.837138, -73.900307 40.837053, -73.900357 40.836963, -73.900389 40.836906, -73.900566 40.836593, -73.901225 40.8355, -73.901341 40.835441, -73.901856 40.834622, -73.903435 40.832216, -73.903676 40.831858, -73.903977 40.831411, -73.904506 40.830625, -73.905531 40.829104, -73.906571 40.829452, -73.907473 40.829743, -73.907528 40.829761, -73.907722 40.829823, -73.90896 40.830226, -73.909145 40.830286, -73.909714 40.83047, -73.91049 40.830737, -73.909621 40.832281, -73.909519 40.832464, -73.90946 40.832568, -73.909423 40.832635, -73.909374 40.832722, -73.909284 40.832883, -73.909237 40.832966, -73.909178 40.833072, -73.909106 40.8332, -73.908898 40.83357, -73.908826 40.833699, -73.908691 40.833938, -73.908575 40.834144, -73.908522 40.83424, -73.908377 40.834498, -73.90824 40.834742, -73.908109 40.834975, -73.907991 40.835184, -73.907971 40.835219, -73.907833 40.835466, -73.907718 40.83567, -73.907627 40.835833, -73.907573 40.835929, -73.907402 40.836232, -73.907333 40.836342, -73.907271 40.836441, -73.907213 40.836534, -73.90714 40.836652, -73.906976 40.836914, -73.906885 40.837058, -73.906799 40.837196, -73.906524 40.837636, -73.906462 40.837735, -73.906357 40.837902, -73.906255 40.838065, -73.905979 40.838505, -73.905384 40.839769, -73.905607 40.839844, -73.90548 40.840053, -73.905368 40.840267, -73.905272 40.840486, -73.905192 40.840708, -73.905157 40.84104, -73.905032 40.842263, -73.905015 40.842405, -73.904937 40.843375, -73.904846 40.844589, -73.904842 40.844665, -73.904835 40.844753, -73.904831 40.8448, -73.904101 40.844731, -73.903387 40.844655, -73.902688 40.844581, -73.901344 40.844429, -73.901317 40.844474, -73.901266 40.844562, -73.900887 40.845241, -73.900201 40.846474, -73.899678 40.847425, -73.898875 40.848811, -73.898086 40.850213, -73.897087 40.851968, -73.896624 40.852788, -73.895609 40.85457, -73.895499 40.85475, -73.894776 40.85593, -73.894414 40.856434, -73.892994 40.858386, -73.892257 40.85941, -73.891744 40.860177, -73.891154 40.860914, -73.891061 40.861472, -73.891063 40.861529, -73.890822 40.861399, -73.890675 40.86132, -73.890368 40.861158, -73.890276 40.861109, -73.890595 40.860716, -73.891126 40.860062, -73.891125 40.85887, -73.891119 40.858659, -73.891111 40.858384, -73.891113 40.857851, -73.891106 40.857427, -73.891097 40.85678, -73.891087 40.856597, -73.890774 40.855812, -73.890443 40.855046, -73.89039 40.854689, -73.89069 40.854353, -73.890902 40.854117))"^^<http://www.opengis.net/ont/geosparql#wktLiteral> .
<https://w3id.org/rtskg/new_york_city/instance/functional_area_47> <https://w3id.org/rtskg/ontology/objectproperty/functional_area_is_adjacent_to_functional_area> <https://w3id.org/rtskg/new_york_city/instance/functional_area_167> .
<https://w3id.org/rtskg/new_york_city/instance/functional_area_47> <https://w3id.org/rtskg/ontology/objectproperty/functional_area_is_adjacent_to_functional_area> <https://w3id.org/rtskg/new_york_city/instance/functional_area_169> .
<https://w3id.org/rtskg/new_york_city/instance/functional_area_47> <https://w3id.org/rtskg/ontology/objectproperty/functional_area_is_adjacent_to_functional_area> <https://w3id.org/rtskg/new_york_city/instance/functional_area_59> .
<https://w3id.org/rtskg/new_york_city/instance/functional_area_47> <https://w3id.org/rtskg/ontology/objectproperty/functional_area_is_adjacent_to_functional_area> <https://w3id.org/rtskg/new_york_city/instance/functional_area_69> .
<https://w3id.org/rtskg/new_york_city/instance/functional_area_47> <https://w3id.org/rtskg/ontology/objectproperty/functional_area_is_adjacent_to_functional_area> <https://w3id.org/rtskg/new_york_city/instance/functional_area_78> .
<https://w3id.org/rtskg/new_york_city/instance/functional_area_47> <https://w3id.org/rtskg/ontology/objectproperty/functional_area_is_adjacent_to_functional_area> <https://w3id.org/rtskg/new_york_city/instance/functional_area_94> .
<https://w3id.org/rtskg/new_york_city/instance/functional_area_47> <https://w3id.org/rtskg/ontology/objectproperty/functional_area_locates_at_borough> <https://w3id.org/rtskg/new_york_city/instance/borough_2> .
