<https://w3id.org/rtskg/new_york_city/instance/road_113053> <http://www.w3.org/1999/02/22-rdf-syntax-ns#type> <https://w3id.org/rtskg/ontology/class/road> .
<https://w3id.org/rtskg/new_york_city/instance/road_113053> <http://www.w3.org/2000/01/rdf-schema#label> "HIGH BRIDGE PARK TRL" .
<https://w3id.org/rtskg/new_york_city/instance/road_113053> <https://w3id.org/rtskg/ontology/dataproperty/geometry> "MULTILINESTRING ((-73.924395 40.858896, -73.924367 40.859048), (-73.924367 40.859048, -73.924366 40.859055, -73.924363 40.859062, -73.92436 40.859068, -73.924356 40.859074, -73.924352 40.85908, -73.924347 40.859086, -73.924341 40.859091, -73.924335 40.859096, -73.924328 40.8591, -73.92432 40.859104, -73.924313 40.859107, -73.924304 40.85911, -73.924296 40.859112, -73.924287 40.859114, -73.924278 40.859115, -73.924269 40.859116, -73.924261 40.859116, -73.924252 40.859115), (-73.924252 40.859115, -73.924242 40.859113, -73.924233 40.85911, -73.924224 40.859106, -73.924216 40.859102, -73.924208 40.859097, -73.924201 40.859092, -73.924195 40.859086, -73.924189 40.85908, -73.924184 40.859074, -73.924179 40.859067, -73.924176 40.85906, -73.924173 40.859053, -73.924171 40.859045), (-73.924171 40.859045, -73.924169 40.859031, -73.924165 40.859016, -73.924159 40.859002, -73.924152 40.858989, -73.924144 40.858976, -73.924133 40.858963, -73.924122 40.858951, -73.924109 40.85894, -73.924095 40.85893, -73.92408 40.858921, -73.924064 40.858913, -73.924047 40.858906, -73.924029 40.8589, -73.924011 40.858896), (-73.924011 40.858896, -73.924005 40.858894, -73.923999 40.858893, -73.923993 40.858892, -73.923987 40.858891, -73.923981 40.858891, -73.923974 40.858892, -73.923968 40.858893, -73.923962 40.858894, -73.923956 40.858895, -73.923951 40.858897, -73.923945 40.8589, -73.92394 40.858902, -73.923935 40.858905, -73.923931 40.858908, -73.923927 40.858912, -73.923923 40.858916, -73.92392 40.85892, -73.923917 40.858924, -73.923915 40.858929, -73.923913 40.858933, -73.923912 40.858938, -73.923912 40.858942, -73.923911 40.858947, -73.923912 40.858952, -73.923913 40.858957), (-73.923913 40.858957, -73.923908 40.858989, -73.923906 40.859022, -73.923908 40.859056, -73.923913 40.859088, -73.923922 40.859121, -73.923935 40.859153, -73.92395 40.859183), (-73.92395 40.859183, -73.923998 40.859304), (-73.923998 40.859304, -73.924001 40.859306, -73.924003 40.859309, -73.924006 40.859312, -73.924008 40.859315, -73.924009 40.859318, -73.924011 40.859321, -73.924012 40.859324, -73.924012 40.859327, -73.924013 40.859331, -73.924012 40.859334, -73.924012 40.859338, -73.924011 40.859341, -73.92401 40.859344, -73.924008 40.859347, -73.924006 40.85935, -73.924004 40.859353, -73.924001 40.859356, -73.923998 40.859358, -73.923995 40.859361, -73.923991 40.859363, -73.923988 40.859364), (-73.923988 40.859364, -73.923969 40.859362, -73.923951 40.859359, -73.923933 40.859354, -73.923916 40.859349, -73.9239 40.859342, -73.923884 40.859334, -73.92387 40.859325), (-73.92387 40.859325, -73.923867 40.859324, -73.923864 40.859322, -73.923861 40.859321, -73.923858 40.85932, -73.923854 40.85932, -73.923851 40.859319, -73.923847 40.859319, -73.923844 40.859319, -73.923841 40.859319, -73.923837 40.85932, -73.923834 40.85932, -73.923831 40.859321, -73.923827 40.859322, -73.923824 40.859324, -73.923822 40.859325, -73.923819 40.859327, -73.923817 40.859329, -73.923814 40.859331, -73.923812 40.859333, -73.923811 40.859335, -73.923809 40.859337, -73.923808 40.85934, -73.923807 40.859342, -73.923806 40.859345, -73.923806 40.859347, -73.923806 40.85935, -73.923806 40.859353, -73.923807 40.859355, -73.923807 40.859358))"^^<http://www.opengis.net/ont/geosparql#wktLiteral> .
<https://w3id.org/rtskg/new_york_city/instance/road_113053> <https://w3id.org/rtskg/ontology/objectproperty/road_has_road_category> <https://w3id.org/rtskg/new_york_city/instance/road_category_trl> .
<https://w3id.org/rtskg/new_york_city/instance/road_113053> <https://w3id.org/rtskg/ontology/objectproperty/road_intersects_borough> <https://w3id.org/rtskg/new_york_city/instance/borough_1> .
<https://w3id.org/rtskg/new_york_city/instance/road_113053> <https://w3id.org/rtskg/ontology/objectproperty/road_intersects_functional_area> <https://w3id.org/rtskg/new_york_city/instance/functional_area_120> .
<https://w3id.org/rtskg/new_york_city/instance/road_113053> <https://w3id.org/rtskg/ontology/objectproperty/road_intersects_station_area> <https://w3id.org/rtskg/new_york_city/instance/station_area_399> .
<https://w3id.org/rtskg/new_york_city/instance/road_113053> <https://w3id.org/rtskg/ontology/objectproperty/road_intersects_station_area> <https://w3id.org/rtskg/new_york_city/instance/station_area_400> .
<https://w3id.org/rtskg/new_york_city/instance/road_113053> <https://w3id.org/rtskg/ontology/objectproperty/road_intersects_station_area> <https://w3id.org/rtskg/new_york_city/instance/station_area_75> .
<https://w3id.org/rtskg/new_york_city/instance/road_113053> <https://w3id.org/rtskg/ontology/objectproperty/road_intersects_station_area> <https://w3id.org/rtskg/new_york_city/instance/station_area_81> .
