<https://w3id.org/rtskg/new_york_city/instance/road_102319> <http://www.w3.org/1999/02/22-rdf-syntax-ns#type> <https://w3id.org/rtskg/ontology/class/road> .
<https://w3id.org/rtskg/new_york_city/instance/road_102319> <http://www.w3.org/2000/01/rdf-schema#label> "HARLEM RIVER DRIVE GREENWAY" .
<https://w3id.org/rtskg/new_york_city/instance/road_102319> <https://w3id.org/rtskg/ontology/dataproperty/geometry> "MULTILINESTRING ((-73.928409 40.847148, -73.9284 40.847173, -73.928309 40.847328, -73.928137 40.847572, -73.927838 40.84802, -73.927026 40.849207, -73.926536 40.849859, -73.926052 40.850576, -73.925904 40.850793), (-73.925904 40.850793, -73.925916 40.850813, -73.925927 40.850833, -73.925935 40.850853, -73.925941 40.850875, -73.925944 40.850896, -73.925945 40.850918, -73.925944 40.850939, -73.925941 40.85096, -73.925935 40.850982), (-73.925935 40.850982, -73.925928 40.851012, -73.925918 40.851041, -73.925905 40.85107, -73.925888 40.851098, -73.925868 40.851124, -73.925844 40.851149, -73.925818 40.851172), (-73.925818 40.851172, -73.925751 40.851241), (-73.925751 40.851241, -73.925691 40.851311, -73.92564 40.851384, -73.925598 40.851461, -73.925567 40.851541), (-73.925567 40.851541, -73.925518 40.851655, -73.925448 40.851797, -73.925344 40.85196, -73.925214 40.852111), (-73.925214 40.852111, -73.925165 40.852165, -73.92512 40.852221, -73.92508 40.85228), (-73.92508 40.85228, -73.925025 40.85238, -73.924981 40.852454, -73.924903 40.852558, -73.924901 40.852558, -73.924732 40.852794, -73.924546 40.853061, -73.92445 40.853193, -73.924406 40.853259, -73.924289 40.853403), (-73.924289 40.853403, -73.924265 40.853437, -73.924237 40.85347, -73.924206 40.853502, -73.924171 40.853531, -73.924133 40.853557, -73.924093 40.853581), (-73.924093 40.853581, -73.924019 40.853641, -73.923951 40.853706, -73.923891 40.853774), (-73.923891 40.853774, -73.923877 40.853787, -73.923861 40.853799, -73.923844 40.85381, -73.923826 40.853819, -73.923807 40.853828, -73.923787 40.853835), (-73.923787 40.853835, -73.923784 40.853835), (-73.923784 40.853835, -73.923764 40.853852, -73.923746 40.853872, -73.92373 40.853892, -73.923716 40.853913, -73.923704 40.853935), (-73.923704 40.853935, -73.9236 40.854086, -73.923512 40.854196, -73.923297 40.854488, -73.923048 40.854803, -73.922986 40.854889), (-73.922986 40.854889, -73.92291 40.855024, -73.922845 40.855162, -73.922789 40.855303), (-73.922789 40.855303, -73.922675 40.855616, -73.922623 40.855789, -73.92261 40.855834, -73.922553 40.85605), (-73.922553 40.85605, -73.922531 40.856152, -73.922521 40.856256, -73.922522 40.85636, -73.922535 40.856464, -73.92256 40.856566), (-73.92256 40.856566, -73.922635 40.85684, -73.922645 40.856889, -73.92265 40.856938), (-73.92265 40.856938, -73.922635 40.857033, -73.922607 40.857126, -73.922567 40.857217), (-73.922567 40.857217, -73.922556 40.857242, -73.922549 40.857268, -73.922544 40.857295, -73.922543 40.857322, -73.922545 40.857348, -73.92255 40.857375, -73.922559 40.857401, -73.92257 40.857426, -73.922585 40.85745), (-73.922585 40.85745, -73.922657 40.857556), (-73.922657 40.857556, -73.922672 40.857579, -73.922685 40.857601, -73.922696 40.857625, -73.922704 40.857649, -73.922709 40.857674, -73.922711 40.857699, -73.922711 40.857724), (-73.922711 40.857724, -73.922722 40.857835, -73.922732 40.857944), (-73.922732 40.857944, -73.922731 40.858043, -73.922719 40.858141, -73.922695 40.858238), (-73.922695 40.858238, -73.922682 40.858349, -73.92268 40.858461, -73.922692 40.858572), (-73.922692 40.858572, -73.92272 40.858898, -73.92296 40.858922))"^^<http://www.opengis.net/ont/geosparql#wktLiteral> .
<https://w3id.org/rtskg/new_york_city/instance/road_102319> <https://w3id.org/rtskg/ontology/objectproperty/road_intersects_borough> <https://w3id.org/rtskg/new_york_city/instance/borough_1> .
<https://w3id.org/rtskg/new_york_city/instance/road_102319> <https://w3id.org/rtskg/ontology/objectproperty/road_intersects_functional_area> <https://w3id.org/rtskg/new_york_city/instance/functional_area_120> .
<https://w3id.org/rtskg/new_york_city/instance/road_102319> <https://w3id.org/rtskg/ontology/objectproperty/road_intersects_functional_area> <https://w3id.org/rtskg/new_york_city/instance/functional_area_127> .
<https://w3id.org/rtskg/new_york_city/instance/road_102319> <https://w3id.org/rtskg/ontology/objectproperty/road_intersects_station_area> <https://w3id.org/rtskg/new_york_city/instance/station_area_399> .
<https://w3id.org/rtskg/new_york_city/instance/road_102319> <https://w3id.org/rtskg/ontology/objectproperty/road_intersects_station_area> <https://w3id.org/rtskg/new_york_city/instance/station_area_400> .
<https://w3id.org/rtskg/new_york_city/instance/road_102319> <https://w3id.org/rtskg/ontology/objectproperty/road_intersects_station_area> <https://w3id.org/rtskg/new_york_city/instance/station_area_67> .
<https://w3id.org/rtskg/new_york_city/instance/road_102319> <https://w3id.org/rtskg/ontology/objectproperty/road_intersects_station_area> <https://w3id.org/rtskg/new_york_city/instance/station_area_81> .
