<https://w3id.org/rtskg/new_york_city/instance/road_112649> <http://www.w3.org/1999/02/22-rdf-syntax-ns#type> <https://w3id.org/rtskg/ontology/class/road> .
<https://w3id.org/rtskg/new_york_city/instance/road_112649> <http://www.w3.org/2000/01/rdf-schema#label> "CONSERVATORY GARDEN PATH" .
<https://w3id.org/rtskg/new_york_city/instance/road_112649> <https://w3id.org/rtskg/ontology/dataproperty/geometry> "MULTILINESTRING ((-73.954443 40.794034, -73.954416 40.794074, -73.954393 40.794115, -73.954374 40.794158, -73.954361 40.794201, -73.954352 40.794246), (-73.954352 40.794246, -73.954359 40.794257, -73.954368 40.794267, -73.954377 40.794277, -73.954388 40.794286, -73.9544 40.794294, -73.954412 40.794301, -73.954426 40.794308, -73.95444 40.794313, -73.954454 40.794318, -73.95447 40.794322, -73.954485 40.794324), (-73.954485 40.794324, -73.954389 40.794417, -73.954287 40.794507, -73.954179 40.794592), (-73.954179 40.794592, -73.954066 40.794673, -73.953947 40.79475, -73.953823 40.794821), (-73.953823 40.794821, -73.953752 40.794861, -73.953684 40.794902, -73.953617 40.794946), (-73.953617 40.794946, -73.953552 40.794991, -73.95349 40.795038, -73.95343 40.795087), (-73.95343 40.795087, -73.95341 40.795102, -73.953391 40.795117, -73.953372 40.795133), (-73.953372 40.795133, -73.953355 40.79515, -73.953339 40.795167, -73.953325 40.795186), (-73.953325 40.795186, -73.953255 40.795265, -73.953194 40.795348, -73.953143 40.795435), (-73.953143 40.795435, -73.953135 40.795444, -73.953126 40.795452, -73.953116 40.79546, -73.953105 40.795467, -73.953094 40.795473, -73.953082 40.795478, -73.953069 40.795482, -73.953056 40.795486, -73.953042 40.795489), (-73.953042 40.795489, -73.953014 40.795468, -73.952987 40.795446, -73.952963 40.795423, -73.952941 40.795398), (-73.952941 40.795398, -73.952922 40.795372, -73.952906 40.795345, -73.952893 40.795317, -73.952883 40.795288), (-73.952883 40.795288, -73.952851 40.795245, -73.952815 40.795204, -73.952774 40.795166, -73.952729 40.795131, -73.95268 40.795098, -73.952627 40.795069), (-73.952627 40.795069, -73.95257 40.795032, -73.952517 40.79499, -73.95247 40.794945, -73.952429 40.794896, -73.952394 40.794845), (-73.952394 40.794845, -73.952344 40.794785, -73.952297 40.794723, -73.952255 40.794659), (-73.952255 40.794659, -73.95222 40.79464, -73.952184 40.794623, -73.952147 40.794608), (-73.952147 40.794608, -73.952108 40.794595, -73.952068 40.794584, -73.952027 40.794575), (-73.952027 40.794575, -73.951981 40.794577, -73.951935 40.794577, -73.951889 40.794573, -73.951844 40.794567), (-73.951844 40.794567, -73.951799 40.794559, -73.951755 40.794548, -73.951713 40.794534, -73.951672 40.794517), (-73.951672 40.794517, -73.951392 40.794411, -73.951548 40.794254, -73.951623 40.794134, -73.951911 40.793733, -73.952009 40.793563, -73.952122 40.793432, -73.952188 40.793336, -73.95242 40.793047), (-73.95242 40.793047, -73.952448 40.793012, -73.95248 40.792979, -73.952517 40.792949), (-73.952517 40.792949, -73.952557 40.792922, -73.952601 40.792898, -73.952647 40.792877), (-73.952647 40.792877, -73.95276 40.792766), (-73.95276 40.792766, -73.952763 40.792752, -73.952768 40.792738, -73.952774 40.792725, -73.952781 40.792712, -73.95279 40.792699, -73.9528 40.792688, -73.952811 40.792676, -73.952824 40.792666), (-73.952824 40.792666, -73.952879 40.792647, -73.952934 40.79263, -73.952991 40.792615), (-73.952991 40.792615, -73.953021 40.792608, -73.953052 40.792602, -73.953084 40.792598), (-73.953084 40.792598, -73.953115 40.792596, -73.953147 40.792596, -73.953179 40.792598))"^^<http://www.opengis.net/ont/geosparql#wktLiteral> .
<https://w3id.org/rtskg/new_york_city/instance/road_112649> <https://w3id.org/rtskg/ontology/objectproperty/road_has_road_category> <https://w3id.org/rtskg/new_york_city/instance/road_category_path> .
<https://w3id.org/rtskg/new_york_city/instance/road_112649> <https://w3id.org/rtskg/ontology/objectproperty/road_intersects_borough> <https://w3id.org/rtskg/new_york_city/instance/borough_1> .
<https://w3id.org/rtskg/new_york_city/instance/road_112649> <https://w3id.org/rtskg/ontology/objectproperty/road_intersects_functional_area> <https://w3id.org/rtskg/new_york_city/instance/functional_area_43> .
<https://w3id.org/rtskg/new_york_city/instance/road_112649> <https://w3id.org/rtskg/ontology/objectproperty/road_intersects_station_area> <https://w3id.org/rtskg/new_york_city/instance/station_area_347> .
<https://w3id.org/rtskg/new_york_city/instance/road_112649> <https://w3id.org/rtskg/ontology/objectproperty/road_intersects_station_area> <https://w3id.org/rtskg/new_york_city/instance/station_area_351> .
<https://w3id.org/rtskg/new_york_city/instance/road_112649> <https://w3id.org/rtskg/ontology/objectproperty/road_intersects_station_area> <https://w3id.org/rtskg/new_york_city/instance/station_area_5> .
<https://w3id.org/rtskg/new_york_city/instance/road_112649> <https://w3id.org/rtskg/ontology/objectproperty/road_intersects_station_area> <https://w3id.org/rtskg/new_york_city/instance/station_area_9> .
