<https://w3id.org/rtskg/new_york_city/instance/road_111875> <http://www.w3.org/1999/02/22-rdf-syntax-ns#type> <https://w3id.org/rtskg/ontology/class/road> .
<https://w3id.org/rtskg/new_york_city/instance/road_111875> <http://www.w3.org/2000/01/rdf-schema#label> "HIGH BRIDGE PARK TRL" .
<https://w3id.org/rtskg/new_york_city/instance/road_111875> <https://w3id.org/rtskg/ontology/dataproperty/geometry> "MULTILINESTRING ((-73.925764 40.853979, -73.92572 40.854071, -73.925682 40.854165, -73.92565 40.85426), (-73.92565 40.85426, -73.925621 40.854337, -73.925585 40.854412, -73.925542 40.854485), (-73.925542 40.854485, -73.925481 40.854541, -73.925416 40.854594, -73.925346 40.854644), (-73.925346 40.854644, -73.925252 40.854704, -73.925166 40.854771, -73.925088 40.854843), (-73.925088 40.854843, -73.92506 40.854869, -73.925035 40.854898, -73.925014 40.854927, -73.924996 40.854959, -73.924981 40.854991, -73.924971 40.855024, -73.924964 40.855057), (-73.924964 40.855057, -73.924963 40.855082, -73.92496 40.855107, -73.924953 40.855132, -73.924944 40.855156, -73.924933 40.855179, -73.924919 40.855202, -73.924902 40.855224), (-73.924902 40.855224, -73.924883 40.855253, -73.924863 40.855281, -73.92484 40.855309), (-73.92484 40.855309, -73.924808 40.855344, -73.92478 40.855382, -73.924756 40.855421, -73.924736 40.855461, -73.92472 40.855503), (-73.92472 40.855503, -73.924715 40.85556, -73.924703 40.855616, -73.924684 40.855671, -73.924658 40.855725, -73.924626 40.855777, -73.924589 40.855827, -73.924545 40.855873, -73.924496 40.855917), (-73.924496 40.855917, -73.924432 40.855976, -73.924372 40.856037, -73.924315 40.8561), (-73.924315 40.8561, -73.924252 40.856182, -73.924257 40.85625), (-73.924257 40.85625, -73.924261 40.856254, -73.924265 40.856258, -73.92427 40.856261, -73.924275 40.856264, -73.92428 40.856267, -73.924286 40.856269, -73.924292 40.856271, -73.924298 40.856273, -73.924304 40.856274, -73.92431 40.856275, -73.924316 40.856275, -73.924323 40.856275, -73.924329 40.856275, -73.924336 40.856274, -73.924342 40.856273, -73.924348 40.856271), (-73.924348 40.856271, -73.924352 40.856269, -73.924356 40.856267, -73.924361 40.856266, -73.924365 40.856265, -73.92437 40.856264, -73.924375 40.856263, -73.92438 40.856263, -73.924385 40.856263, -73.92439 40.856264, -73.924395 40.856264, -73.9244 40.856265, -73.924404 40.856267, -73.924409 40.856268, -73.924413 40.85627, -73.924417 40.856273, -73.924421 40.856275), (-73.924421 40.856275, -73.924425 40.856287, -73.924428 40.856299, -73.92443 40.856311, -73.92443 40.856323, -73.924429 40.856335, -73.924427 40.856347, -73.924423 40.856359, -73.924418 40.85637), (-73.924418 40.85637, -73.924396 40.856393, -73.924372 40.856415, -73.924345 40.856434, -73.924316 40.856452), (-73.924316 40.856452, -73.924292 40.856467, -73.924269 40.856483, -73.924248 40.856502, -73.92423 40.856521, -73.924213 40.856542, -73.9242 40.856564), (-73.9242 40.856564, -73.924166 40.856615, -73.924137 40.856669, -73.924115 40.856724, -73.924098 40.85678, -73.924087 40.856837, -73.924082 40.856895), (-73.924082 40.856895, -73.924062 40.856951, -73.924037 40.857005, -73.924005 40.857058, -73.923969 40.857109), (-73.923969 40.857109, -73.923958 40.857124, -73.92395 40.85714, -73.923944 40.857156, -73.923939 40.857173, -73.923936 40.85719, -73.923935 40.857207, -73.923936 40.857225, -73.92394 40.857242), (-73.92394 40.857242, -73.923956 40.857312, -73.923964 40.857383, -73.923966 40.857454, -73.92396 40.857526), (-73.92396 40.857526, -73.923942 40.857765), (-73.923942 40.857765, -73.923944 40.857773, -73.923946 40.85778, -73.923949 40.857788, -73.923954 40.857795, -73.923958 40.857801, -73.923964 40.857808, -73.92397 40.857814, -73.923977 40.857819, -73.923985 40.857824, -73.923993 40.857829, -73.924002 40.857833, -73.924011 40.857836, -73.92402 40.857839, -73.92403 40.857842), (-73.92403 40.857842, -73.924043 40.857842, -73.924057 40.857843, -73.92407 40.857845, -73.924083 40.857848, -73.924096 40.857851, -73.924108 40.857856, -73.924119 40.857861, -73.92413 40.857868, -73.92414 40.857874, -73.92415 40.857882, -73.924158 40.85789, -73.924165 40.857899))"^^<http://www.opengis.net/ont/geosparql#wktLiteral> .
<https://w3id.org/rtskg/new_york_city/instance/road_111875> <https://w3id.org/rtskg/ontology/objectproperty/road_has_road_category> <https://w3id.org/rtskg/new_york_city/instance/road_category_trl> .
<https://w3id.org/rtskg/new_york_city/instance/road_111875> <https://w3id.org/rtskg/ontology/objectproperty/road_intersects_borough> <https://w3id.org/rtskg/new_york_city/instance/borough_1> .
<https://w3id.org/rtskg/new_york_city/instance/road_111875> <https://w3id.org/rtskg/ontology/objectproperty/road_intersects_functional_area> <https://w3id.org/rtskg/new_york_city/instance/functional_area_120> .
<https://w3id.org/rtskg/new_york_city/instance/road_111875> <https://w3id.org/rtskg/ontology/objectproperty/road_intersects_station_area> <https://w3id.org/rtskg/new_york_city/instance/station_area_399> .
<https://w3id.org/rtskg/new_york_city/instance/road_111875> <https://w3id.org/rtskg/ontology/objectproperty/road_intersects_station_area> <https://w3id.org/rtskg/new_york_city/instance/station_area_75> .
<https://w3id.org/rtskg/new_york_city/instance/road_111875> <https://w3id.org/rtskg/ontology/objectproperty/road_intersects_station_area> <https://w3id.org/rtskg/new_york_city/instance/station_area_76> .
<https://w3id.org/rtskg/new_york_city/instance/road_111875> <https://w3id.org/rtskg/ontology/objectproperty/road_intersects_station_area> <https://w3id.org/rtskg/new_york_city/instance/station_area_81> .
