<https://w3id.org/rtskg/new_york_city/instance/road_112411> <http://www.w3.org/1999/02/22-rdf-syntax-ns#type> <https://w3id.org/rtskg/ontology/class/road> .
<https://w3id.org/rtskg/new_york_city/instance/road_112411> <http://www.w3.org/2000/01/rdf-schema#label> "RESERVOIR LOOP" .
<https://w3id.org/rtskg/new_york_city/instance/road_112411> <https://w3id.org/rtskg/ontology/dataproperty/geometry> "MULTILINESTRING ((-73.95909 40.784357, -73.959132 40.784592, -73.957913 40.78628), (-73.957913 40.78628, -73.957865 40.786339, -73.957823 40.786401, -73.957789 40.786465, -73.957762 40.786532, -73.957742 40.7866, -73.957729 40.786669, -73.957724 40.786738, -73.957727 40.786808, -73.957737 40.786877), (-73.957737 40.786877, -73.957752 40.787016), (-73.957752 40.787016, -73.957762 40.787244, -73.957746 40.787472, -73.957705 40.787698, -73.957639 40.78792, -73.957548 40.788138), (-73.957548 40.788138, -73.957516 40.788184, -73.957488 40.788233, -73.957467 40.788283, -73.957451 40.788334, -73.957442 40.788386, -73.957438 40.788439, -73.957441 40.788492, -73.957449 40.788544, -73.957464 40.788595, -73.957484 40.788646, -73.95751 40.788695, -73.957542 40.788741, -73.957579 40.788786), (-73.957579 40.788786, -73.957611 40.788821, -73.957646 40.788853, -73.957685 40.788884, -73.957727 40.788911, -73.957772 40.788936, -73.95782 40.788957, -73.957871 40.788975, -73.957923 40.78899, -73.957976 40.789001, -73.958031 40.789009, -73.958087 40.789012, -73.958142 40.789013, -73.958198 40.789009, -73.958252 40.789002, -73.958306 40.788991), (-73.958306 40.788991, -73.958387 40.788971, -73.958464 40.788946, -73.958538 40.788915), (-73.958538 40.788915, -73.958582 40.788892, -73.958628 40.788871, -73.958676 40.788854, -73.958725 40.78884, -73.958777 40.788829), (-73.958777 40.788829, -73.958942 40.788778, -73.959114 40.788739, -73.959289 40.788711, -73.959466 40.788695, -73.959645 40.788691, -73.959823 40.7887, -73.96 40.78872, -73.960174 40.788752, -73.960343 40.788795, -73.960507 40.78885, -73.960664 40.788916), (-73.960664 40.788916, -73.960785 40.788943, -73.96091 40.788962, -73.961037 40.788972, -73.961164 40.788972, -73.96129 40.788963), (-73.96129 40.788963, -73.961375 40.788948, -73.961457 40.788928, -73.961537 40.788902), (-73.961537 40.788902, -73.961614 40.788872, -73.961687 40.788837, -73.961757 40.788798), (-73.961757 40.788798, -73.961793 40.788777, -73.961828 40.788754, -73.96186 40.78873), (-73.96186 40.78873, -73.961891 40.788705, -73.96192 40.788678, -73.961948 40.78865), (-73.961948 40.78865, -73.961995 40.788598, -73.962047 40.788549, -73.962105 40.788503, -73.962168 40.788462, -73.962235 40.788424, -73.962307 40.788392, -73.962381 40.788364, -73.962459 40.788341, -73.962539 40.788323, -73.962621 40.78831, -73.962703 40.788303, -73.962787 40.788302, -73.96287 40.788305, -73.962952 40.788314, -73.963033 40.788329), (-73.963033 40.788329, -73.963097 40.788341, -73.963162 40.788348, -73.963227 40.788351, -73.963293 40.78835, -73.963358 40.788344, -73.963422 40.788333, -73.963485 40.788318), (-73.963485 40.788318, -73.963662 40.788293, -73.963843 40.788279, -73.964024 40.788279, -73.964204 40.78829, -73.964382 40.788314, -73.964557 40.788351), (-73.964557 40.788351, -73.964705 40.788354, -73.964854 40.788346, -73.965001 40.788329, -73.965145 40.788301, -73.965285 40.788263, -73.96542 40.788215, -73.965549 40.788158), (-73.965549 40.788158, -73.965666 40.788095, -73.965775 40.788024, -73.965875 40.787946, -73.965965 40.787861, -73.966045 40.78777, -73.966113 40.787675, -73.96617 40.787575), (-73.96617 40.787575, -73.966229 40.787426, -73.966275 40.787275, -73.966306 40.787122), (-73.966306 40.787122, -73.966493 40.78633, -73.966725 40.785414), (-73.966725 40.785414, -73.966729 40.785357, -73.966726 40.7853, -73.966717 40.785244, -73.966702 40.785188), (-73.966702 40.785188, -73.966697 40.785163, -73.966691 40.785139, -73.966682 40.785115), (-73.966682 40.785115, -73.966651 40.785056, -73.966613 40.785, -73.966569 40.784946, -73.966519 40.784896, -73.966462 40.78485), (-73.966462 40.78485, -73.966342 40.784761, -73.966218 40.784675, -73.966091 40.784591))"^^<http://www.opengis.net/ont/geosparql#wktLiteral> .
<https://w3id.org/rtskg/new_york_city/instance/road_112411> <https://w3id.org/rtskg/ontology/objectproperty/road_has_road_category> <https://w3id.org/rtskg/new_york_city/instance/road_category_loop> .
<https://w3id.org/rtskg/new_york_city/instance/road_112411> <https://w3id.org/rtskg/ontology/objectproperty/road_intersects_borough> <https://w3id.org/rtskg/new_york_city/instance/borough_1> .
<https://w3id.org/rtskg/new_york_city/instance/road_112411> <https://w3id.org/rtskg/ontology/objectproperty/road_intersects_functional_area> <https://w3id.org/rtskg/new_york_city/instance/functional_area_43> .
<https://w3id.org/rtskg/new_york_city/instance/road_112411> <https://w3id.org/rtskg/ontology/objectproperty/road_intersects_station_area> <https://w3id.org/rtskg/new_york_city/instance/station_area_205> .
<https://w3id.org/rtskg/new_york_city/instance/road_112411> <https://w3id.org/rtskg/ontology/objectproperty/road_intersects_station_area> <https://w3id.org/rtskg/new_york_city/instance/station_area_211> .
<https://w3id.org/rtskg/new_york_city/instance/road_112411> <https://w3id.org/rtskg/ontology/objectproperty/road_intersects_station_area> <https://w3id.org/rtskg/new_york_city/instance/station_area_212> .
<https://w3id.org/rtskg/new_york_city/instance/road_112411> <https://w3id.org/rtskg/ontology/objectproperty/road_intersects_station_area> <https://w3id.org/rtskg/new_york_city/instance/station_area_213> .
<https://w3id.org/rtskg/new_york_city/instance/road_112411> <https://w3id.org/rtskg/ontology/objectproperty/road_intersects_station_area> <https://w3id.org/rtskg/new_york_city/instance/station_area_221> .
<https://w3id.org/rtskg/new_york_city/instance/road_112411> <https://w3id.org/rtskg/ontology/objectproperty/road_intersects_station_area> <https://w3id.org/rtskg/new_york_city/instance/station_area_222> .
