<https://w3id.org/rtskg/new_york_city/instance/road_111904> <http://www.w3.org/1999/02/22-rdf-syntax-ns#type> <https://w3id.org/rtskg/ontology/class/road> .
<https://w3id.org/rtskg/new_york_city/instance/road_111904> <http://www.w3.org/2000/01/rdf-schema#label> "HIGH BRIDGE PARK TRL" .
<https://w3id.org/rtskg/new_york_city/instance/road_111904> <https://w3id.org/rtskg/ontology/dataproperty/geometry> "MULTILINESTRING ((-73.925093 40.859039, -73.925116 40.859045, -73.925139 40.859052, -73.925161 40.859061, -73.925182 40.859071, -73.925202 40.859082, -73.925221 40.859095, -73.925238 40.859109, -73.925253 40.859123), (-73.925253 40.859123, -73.925274 40.859178, -73.92529 40.859234, -73.925301 40.859291), (-73.925301 40.859291, -73.925301 40.859295, -73.925301 40.859298, -73.925302 40.859302, -73.925303 40.859305, -73.925304 40.859309, -73.925306 40.859312, -73.925308 40.859315, -73.925311 40.859318, -73.925314 40.859321, -73.925317 40.859323, -73.925321 40.859326, -73.925325 40.859328, -73.925329 40.85933, -73.925333 40.859331, -73.925337 40.859333, -73.925342 40.859334, -73.925346 40.859335, -73.925351 40.859335, -73.925356 40.859335, -73.92536 40.859335, -73.925365 40.859334, -73.92537 40.859334, -73.925374 40.859332, -73.925379 40.859331), (-73.925379 40.859331, -73.925393 40.859329, -73.925407 40.859327, -73.925421 40.859323, -73.925435 40.859318, -73.925447 40.859313, -73.925459 40.859307, -73.925471 40.859299, -73.925481 40.859292, -73.925491 40.859283, -73.925499 40.859274, -73.925507 40.859264), (-73.925507 40.859264, -73.925525 40.859252, -73.925545 40.85924, -73.925566 40.85923, -73.925589 40.859221, -73.925612 40.859214, -73.925636 40.859208, -73.92566 40.859204, -73.925685 40.859202), (-73.925685 40.859202, -73.925731 40.8592, -73.925778 40.859196, -73.925823 40.859189, -73.925868 40.85918, -73.925912 40.859167, -73.925954 40.859152), (-73.925954 40.859152, -73.926025 40.859119, -73.926094 40.859082, -73.92616 40.859042), (-73.92616 40.859042, -73.926194 40.859008, -73.926233 40.858976, -73.926275 40.858947, -73.92632 40.858922), (-73.92632 40.858922, -73.926349 40.85891, -73.926379 40.858901, -73.92641 40.858894, -73.926441 40.858889, -73.926474 40.858886), (-73.926474 40.858886, -73.926478 40.858889, -73.926482 40.858893, -73.926486 40.858897, -73.926489 40.858901, -73.926492 40.858906, -73.926494 40.85891, -73.926495 40.858915, -73.926496 40.85892, -73.926497 40.858925, -73.926496 40.85893, -73.926496 40.858934, -73.926494 40.858939, -73.926493 40.858944, -73.92649 40.858948, -73.926487 40.858953, -73.926484 40.858957, -73.92648 40.858961, -73.926476 40.858964, -73.926471 40.858968), (-73.926471 40.858968, -73.926405 40.859016, -73.926334 40.859061, -73.926259 40.859101), (-73.926259 40.859101, -73.926151 40.85915, -73.926044 40.859199, -73.925937 40.859248), (-73.925937 40.859248, -73.925883 40.859266, -73.925827 40.85928, -73.92577 40.859291), (-73.92577 40.859291, -73.925724 40.859321, -73.925674 40.859348, -73.925621 40.859372, -73.925567 40.859392), (-73.925567 40.859392, -73.925552 40.859395, -73.925538 40.859398, -73.925523 40.859403, -73.92551 40.859408, -73.925497 40.859414, -73.925485 40.859421, -73.925474 40.859428, -73.925463 40.859437, -73.925453 40.859446, -73.925445 40.859455), (-73.925445 40.859455, -73.92543 40.859475, -73.925417 40.859496, -73.925407 40.859517, -73.925398 40.859539), (-73.925398 40.859539, -73.925391 40.859545, -73.925383 40.859551, -73.925374 40.859556, -73.925364 40.85956, -73.925354 40.859564, -73.925344 40.859567, -73.925333 40.85957, -73.925322 40.859571), (-73.925322 40.859571, -73.925294 40.859567, -73.925266 40.859561, -73.925239 40.859553, -73.925213 40.859543, -73.925189 40.859532, -73.925165 40.85952), (-73.925165 40.85952, -73.925074 40.859513, -73.924983 40.859502, -73.924894 40.859487), (-73.924894 40.859487, -73.924891 40.859485, -73.924888 40.859483, -73.924885 40.859481, -73.924883 40.859478, -73.924881 40.859475, -73.92488 40.859473, -73.924878 40.85947, -73.924877 40.859467, -73.924877 40.859464, -73.924876 40.859461, -73.924876 40.859458, -73.924877 40.859455, -73.924878 40.859452, -73.924879 40.859449, -73.92488 40.859446, -73.924882 40.859443, -73.924884 40.859441), (-73.924884 40.859441, -73.924914 40.859369))"^^<http://www.opengis.net/ont/geosparql#wktLiteral> .
<https://w3id.org/rtskg/new_york_city/instance/road_111904> <https://w3id.org/rtskg/ontology/objectproperty/road_has_road_category> <https://w3id.org/rtskg/new_york_city/instance/road_category_trl> .
<https://w3id.org/rtskg/new_york_city/instance/road_111904> <https://w3id.org/rtskg/ontology/objectproperty/road_intersects_borough> <https://w3id.org/rtskg/new_york_city/instance/borough_1> .
<https://w3id.org/rtskg/new_york_city/instance/road_111904> <https://w3id.org/rtskg/ontology/objectproperty/road_intersects_functional_area> <https://w3id.org/rtskg/new_york_city/instance/functional_area_120> .
<https://w3id.org/rtskg/new_york_city/instance/road_111904> <https://w3id.org/rtskg/ontology/objectproperty/road_intersects_station_area> <https://w3id.org/rtskg/new_york_city/instance/station_area_399> .
<https://w3id.org/rtskg/new_york_city/instance/road_111904> <https://w3id.org/rtskg/ontology/objectproperty/road_intersects_station_area> <https://w3id.org/rtskg/new_york_city/instance/station_area_400> .
<https://w3id.org/rtskg/new_york_city/instance/road_111904> <https://w3id.org/rtskg/ontology/objectproperty/road_intersects_station_area> <https://w3id.org/rtskg/new_york_city/instance/station_area_73> .
<https://w3id.org/rtskg/new_york_city/instance/road_111904> <https://w3id.org/rtskg/ontology/objectproperty/road_intersects_station_area> <https://w3id.org/rtskg/new_york_city/instance/station_area_75> .
<https://w3id.org/rtskg/new_york_city/instance/road_111904> <https://w3id.org/rtskg/ontology/objectproperty/road_intersects_station_area> <https://w3id.org/rtskg/new_york_city/instance/station_area_81> .
