<https://w3id.org/rtskg/new_york_city/instance/road_121166> <http://www.w3.org/1999/02/22-rdf-syntax-ns#type> <https://w3id.org/rtskg/ontology/class/road> .
<https://w3id.org/rtskg/new_york_city/instance/road_121166> <http://www.w3.org/2000/01/rdf-schema#label> "CENTRAL PARK PATH" .
<https://w3id.org/rtskg/new_york_city/instance/road_121166> <https://w3id.org/rtskg/ontology/dataproperty/geometry> "MULTILINESTRING ((-73.95757 40.789558, -73.957574 40.78955, -73.957578 40.789543, -73.957582 40.789536, -73.957588 40.789529, -73.957594 40.789523), (-73.957594 40.789523, -73.957601 40.789517, -73.957609 40.789511, -73.957617 40.789506, -73.957626 40.789501, -73.957635 40.789497), (-73.957635 40.789497, -73.957645 40.789493, -73.957657 40.78949, -73.957668 40.789488, -73.95768 40.789487, -73.957692 40.789486, -73.957704 40.789486), (-73.957704 40.789486, -73.95779 40.789489, -73.957875 40.789497, -73.95796 40.789508), (-73.95796 40.789508, -73.958002 40.789509, -73.958044 40.789507, -73.958086 40.789502, -73.958127 40.789495, -73.958166 40.789485, -73.958205 40.789472), (-73.958205 40.789472, -73.958316 40.789438, -73.958429 40.789408, -73.958544 40.789382), (-73.958544 40.789382, -73.958595 40.789377, -73.958646 40.789376, -73.958697 40.789378, -73.958747 40.789383, -73.958797 40.789392, -73.958845 40.789405, -73.958892 40.789421, -73.958936 40.78944), (-73.958936 40.78944, -73.958981 40.789464, -73.959024 40.789492, -73.959062 40.789523, -73.959097 40.789556, -73.959127 40.789591, -73.959153 40.789629), (-73.959153 40.789629, -73.959182 40.789662, -73.959214 40.789694, -73.959249 40.789723, -73.959288 40.789751, -73.95933 40.789775, -73.959374 40.789797, -73.959421 40.789815), (-73.959421 40.789815, -73.959584 40.789896, -73.959744 40.78998, -73.9599 40.790067), (-73.9599 40.790067, -73.96001 40.790119, -73.960124 40.790167, -73.960242 40.790208), (-73.960242 40.790208, -73.960276 40.790238, -73.960314 40.790264, -73.960355 40.790289, -73.960398 40.79031, -73.960444 40.790328, -73.960492 40.790343, -73.960541 40.790355, -73.960592 40.790363), (-73.960592 40.790363, -73.960647 40.790377, -73.960701 40.790395, -73.960753 40.790416, -73.960802 40.79044), (-73.960802 40.79044, -73.960833 40.790456, -73.960867 40.79047, -73.960901 40.790481, -73.960938 40.79049, -73.960975 40.790497, -73.961012 40.790501, -73.96105 40.790502), (-73.96105 40.790502, -73.961063 40.790504, -73.961076 40.790507, -73.961089 40.790511, -73.961101 40.790516, -73.961112 40.790521, -73.961123 40.790527, -73.961133 40.790534, -73.961143 40.790542, -73.961151 40.79055), (-73.961151 40.79055, -73.961196 40.790601, -73.961247 40.790649, -73.961302 40.790693, -73.961362 40.790734, -73.961426 40.790771, -73.961494 40.790804), (-73.961494 40.790804, -73.961673 40.7909, -73.961847 40.791001, -73.962017 40.791107), (-73.962017 40.791107, -73.96205 40.791129, -73.962086 40.79115, -73.962124 40.791168, -73.962164 40.791184, -73.962206 40.791197, -73.962249 40.791207, -73.962293 40.791215, -73.962337 40.79122, -73.962382 40.791222), (-73.962382 40.791222, -73.962393 40.791222, -73.962404 40.791222, -73.962415 40.791224, -73.962425 40.791226, -73.962435 40.791228, -73.962445 40.791232, -73.962454 40.791236, -73.962463 40.791241, -73.962472 40.791246, -73.962479 40.791252, -73.962486 40.791258), (-73.962486 40.791258, -73.962512 40.791332, -73.962532 40.791406, -73.962545 40.791482))"^^<http://www.opengis.net/ont/geosparql#wktLiteral> .
<https://w3id.org/rtskg/new_york_city/instance/road_121166> <https://w3id.org/rtskg/ontology/objectproperty/road_has_road_category> <https://w3id.org/rtskg/new_york_city/instance/road_category_path> .
<https://w3id.org/rtskg/new_york_city/instance/road_121166> <https://w3id.org/rtskg/ontology/objectproperty/road_intersects_borough> <https://w3id.org/rtskg/new_york_city/instance/borough_1> .
<https://w3id.org/rtskg/new_york_city/instance/road_121166> <https://w3id.org/rtskg/ontology/objectproperty/road_intersects_functional_area> <https://w3id.org/rtskg/new_york_city/instance/functional_area_43> .
<https://w3id.org/rtskg/new_york_city/instance/road_121166> <https://w3id.org/rtskg/ontology/objectproperty/road_intersects_station_area> <https://w3id.org/rtskg/new_york_city/instance/station_area_211> .
<https://w3id.org/rtskg/new_york_city/instance/road_121166> <https://w3id.org/rtskg/ontology/objectproperty/road_intersects_station_area> <https://w3id.org/rtskg/new_york_city/instance/station_area_221> .
<https://w3id.org/rtskg/new_york_city/instance/road_121166> <https://w3id.org/rtskg/ontology/objectproperty/road_intersects_station_area> <https://w3id.org/rtskg/new_york_city/instance/station_area_222> .
<https://w3id.org/rtskg/new_york_city/instance/road_121166> <https://w3id.org/rtskg/ontology/objectproperty/road_intersects_station_area> <https://w3id.org/rtskg/new_york_city/instance/station_area_5> .
